51.4629	6491
52.7545	6678
54.0474	6857
55.3386	7038
56.6296	7006
57.9203	7027
59.2108	7006
60.5012	6906
61.7928	6841
63.0827	6745
64.3724	6723
65.6619	6683
66.9511	6568
68.2402	6586
69.5291	6515
70.8177	6403
72.1076	6321
73.3958	6307
74.6838	6254
75.9716	6132
77.2592	6114
78.5466	5998
79.8337	5964
81.1207	5790
82.4074	5741
83.694	5698
84.9803	5720
86.2664	5620
87.5523	5575
88.838	5529
90.1235	5400
91.4087	5485
92.6938	5398
93.9786	5380
95.2633	5376
96.5477	5350
97.8319	5290
99.1159	5241
100.4	5227
101.683	5111
102.967	5123
104.25	5100
105.533	5043
106.814	5033
108.097	4931
109.379	4887
110.661	4916
111.943	4818
113.225	4852
114.506	4802
115.787	4769
117.067	4737
118.348	4750
119.628	4717
120.909	4675
122.189	4631
123.469	4685
124.747	4601
126.027	4604
127.306	4570
128.586	4619
129.865	4568
131.142	4569
132.42	4490
133.699	4467
134.977	4529
136.253	4497
137.531	4541
138.809	4557
140.085	4567
141.362	4506
142.639	4534
143.915	4539
145.19	4553
146.466	4573
147.743	4481
149.017	4523
150.293	4547
151.568	4547
152.842	4521
154.117	4444
155.39	4425
156.665	4469
157.939	4462
159.212	4414
160.486	4360
161.758	4355
163.032	4385
164.305	4254
165.577	4327
166.85	4334
168.121	4276
169.393	4258
170.664	4210
171.936	4229
173.208	4237
174.479	4248
175.75	4172
177.02	4205
178.291	4128
179.56	4149
180.831	4160
182.1	4126
183.369	4144
184.639	4032
185.907	4086
187.177	4146
188.445	4097
189.714	4027
190.981	4142
192.25	3982
193.517	4058
194.784	4025
196.053	4029
197.319	3980
198.587	3930
199.853	3931
201.119	3942
202.386	3920
203.652	3873
204.917	3923
206.183	3876
207.448	3848
208.713	3812
209.979	3771
211.243	3730
212.507	3837
213.771	3745
215.036	3760
216.299	3720
217.563	3769
218.827	3716
220.09	3718
221.353	3667
222.615	3661
223.879	3643
225.141	3691
226.403	3592
227.664	3618
228.925	3633
230.188	3596
231.449	3600
232.71	3564
233.97	3575
235.231	3549
236.491	3622
237.752	3583
239.012	3495
240.272	3537
241.531	3579
242.79	3496
244.049	3484
245.308	3389
246.566	3431
247.826	3387
249.084	3381
250.342	3365
251.6	3364
252.857	3368
254.115	3334
255.372	3331.5
256.629	3329
257.885	3306
259.142	3316
260.398	3274
261.654	3257
262.91	3202
264.166	3266
265.421	3245
266.677	3212
267.932	3209
269.187	3209
270.441	3208
271.696	3238
272.95	3183
274.204	3246
275.458	3225
276.712	3206
277.964	3236
279.217	3256
280.47	3241
281.723	3179
282.975	3262
284.228	3208
285.48	3240
286.732	3267
287.984	3240
289.234	3271
290.485	3206
291.737	3229
292.988	3273
294.239	3261
295.488	3198
296.738	3227
297.988	3242
299.238	3290
300.488	3275
301.736	3255
302.986	3264
304.235	3247
305.484	3193
306.731	3255
307.98	3256
309.228	3246
310.477	3257
311.723	3234
312.971	3290
314.218	3258
315.464	3241
316.712	3246
317.959	3301
319.204	3268
320.451	3270
321.697	3312
322.942	3282
324.188	3232
325.432	3261
326.678	3215
327.923	3370
329.167	3334
330.412	3259
331.655	3318
332.9	3314
334.144	3335
335.387	3299
336.631	3307
337.873	3345
339.117	3392
340.359	3384
341.602	3395
342.843	3352
344.086	3379
345.327	3380
346.57	3381
347.81	3332
349.052	3327
350.293	3335
351.534	3357
352.774	3368
354.016	3332
355.255	3371
356.496	3325
357.735	3358
358.974	3312
360.214	3353
361.453	3270
362.693	3293
363.931	3294
365.169	3309
366.408	3276
367.645	3252
368.883	3283
370.121	3190
371.358	3270
372.595	3237
373.833	3247
375.07	3256
376.306	3214
377.543	3207
378.779	3226
380.014	3257
381.251	3255
382.486	3243
383.721	3232
384.956	3212
386.192	3270
387.427	3249
388.661	3280
389.895	3276
391.129	3288
392.364	3282
393.597	3287
394.83	3250
396.063	3269
397.296	3294
398.53	3306
399.763	3298
400.995	3298
402.227	3330
403.459	3300
404.69	3281
405.922	3380
407.154	3361
408.385	3347
409.616	3392
410.847	3407
412.077	3357
413.308	3341
414.538	3378
415.767	3436
416.997	3446
418.227	3396
419.456	3397
420.685	3402
421.914	3379
423.142	3406
424.371	3432
425.599	3413
426.827	3437
428.055	3438
429.283	3386
430.51	3410
431.738	3465
432.965	3442
434.192	3472
435.418	3390
436.645	3486
437.871	3521
439.097	3455
440.323	3512
441.549	3423
442.773	3484
443.998	3417
445.224	3472
446.449	3376
447.673	3438
448.898	3411
450.122	3477
451.345	3470
452.569	3450
453.793	3480
455.016	3438
456.24	3404
457.461	3393
458.684	3404
459.907	3414
461.13	3450
462.351	3446
463.573	3419
464.795	3459
466.017	3383
467.237	3383
468.459	3414
469.68	3380
470.901	3445
472.12	3351
473.341	3467
474.561	3385
475.78	3435
477	3453
478.22	3423
479.439	3424
480.658	3419
481.877	3385
483.095	3453
484.314	3387
485.531	3351
486.75	3407
487.968	3386
489.185	3396
490.403	3394
491.619	3354
492.837	3373
494.053	3363
495.27	3378
496.485	3388
497.702	3394
498.919	3434
500.134	3374
501.35	3421
502.564	3354
503.779	3381
504.995	3370
506.209	3389
507.424	3362
508.637	3384
509.852	3371
511.065	3388
512.28	3418
513.493	3357
514.707	3452
515.919	3415
517.132	3424
518.345	3397
519.557	3430
520.769	3391
521.982	3437
523.193	3415
524.406	3389
525.616	3436
526.827	3421
528.039	3450
529.25	3509
530.46	3451
531.67	3436
532.881	3424
534.09	3421
535.3	3414
536.51	3494
537.719	3382
538.928	3415
540.137	3419
541.347	3391
542.555	3389
543.763	3402
544.971	3398
546.179	3392
547.388	3340
548.595	3316
549.802	3355
551.009	3329
552.216	3349
553.422	3342
554.63	3349
555.836	3313
557.042	3331
558.248	3284
559.453	3251
560.659	3239
561.864	3243
563.069	3294
564.274	3191
565.48	3206
566.684	3192
567.888	3284
569.092	3247
570.296	3242
571.5	3199
572.703	3191
573.907	3238
575.11	3213
576.313	3199
577.515	3178
578.718	3138
579.92	3133
581.122	3190
582.324	3198
583.526	3205
584.728	3108
585.929	3211
587.129	3152
588.33	3150
589.531	3235
590.731	3155
591.932	3199
593.132	3179
594.332	3216
595.532	3217
596.732	3168
597.93	3186
599.129	3208
600.328	3173
601.527	3170
602.726	3232
603.924	3200
605.121	3200
606.319	3197
607.517	3197
608.715	3227
609.913	3174
611.109	3229
612.306	3167
613.503	3248
614.699	3198
615.895	3236
617.092	3189
618.288	3191
619.483	3220
620.679	3237
621.874	3216
623.068	3206
624.264	3187
625.459	3220
626.652	3251
627.847	3184
629.042	3185
630.235	3251
631.429	3215
632.623	3185
633.815	3172
635.009	3204
636.201	3182
637.394	3212
638.586	3203
639.779	3176
640.972	3193
642.163	3178
643.355	3159
644.546	3114
645.738	3141
646.928	3181
648.12	3144
649.31	3142
650.501	3146
651.691	3240
652.882	3178
654.071	3159
655.261	3184
656.45	3165
657.639	3157
658.829	3153
660.017	3215
661.207	3159
662.394	3164
663.582	3162
664.771	3155
665.959	3157
667.147	3210
668.334	3169
669.521	3202
670.709	3217
671.896	3216
673.082	3194
674.269	3235
675.455	3194
676.641	3186
677.828	3213
679.013	3205
680.198	3227
681.383	3160
682.569	3260
683.754	3198
684.938	3199
686.123	3249
687.308	3215
688.492	3254
689.676	3248
690.859	3227
692.042	3256
693.227	3251
694.41	3276
695.593	3261
696.775	3229
697.957	3255
699.14	3269
700.323	3255
701.505	3220
702.686	3234
703.868	3229
705.049	3253
706.23	3222
707.411	3276
708.592	3254
709.772	3262
710.953	3231
712.133	3140
713.313	3154
714.493	3216
715.672	3227
716.852	3228
718.031	3213
719.21	3213
720.389	3190
721.567	3193
722.746	3172
723.924	3201
725.102	3145
726.28	3164
727.458	3180
728.636	3190
729.813	3140
730.99	3167
732.167	3178
733.344	3161
734.521	3182
735.697	3196
736.872	3203
738.048	3171
739.224	3184
740.4	3191
741.575	3171
742.751	3172
743.925	3170
745.1	3175
746.274	3150
747.449	3197
748.623	3224
749.796	3215
750.97	3227
752.144	3231
753.318	3230
754.49	3175
755.664	3241
756.837	3246
758.01	3235
759.181	3292
760.354	3287
761.526	3268
762.697	3229
763.869	3296
765.041	3222
766.211	3277
767.383	3254
768.554	3302
769.724	3263
770.895	3266
772.064	3256
773.235	3306
774.405	3266
775.574	3240
776.744	3289
777.913	3284
779.083	3299
780.251	3257
781.42	3261
782.589	3247
783.757	3273
784.926	3244
786.093	3297
787.261	3254
788.428	3238
789.596	3316
790.763	3224
791.93	3161
793.097	3248
794.263	3255
795.43	3285
796.595	3193
797.762	3293
798.927	3187
800.094	3201
801.259	3254
802.423	3213
803.589	3164
804.754	3162
805.918	3171
807.083	3175
808.247	3181
809.41	3214
810.575	3166
811.738	3198
812.902	3141
814.066	3201
815.229	3186
816.391	3140
817.555	3145
818.717	3117
819.879	3161
821.041	3177
822.204	3160
823.365	3143
824.526	3089
825.688	3148
826.848	3140
828.011	3129
829.171	3173
830.331	3157
831.492	3103
832.652	3152
833.811	3155
834.972	3115
836.132	3171
837.291	3173
838.45	3161
839.609	3158
840.768	3143
841.927	3173
843.085	3225
844.243	3137
845.401	3151
846.559	3173
847.717	3198
848.876	3207
850.033	3203
851.19	3199
852.347	3215
853.504	3181
854.66	3189
855.817	3206
856.973	3225
858.128	3222
859.284	3166
860.439	3187
861.595	3147
862.75	3185
863.905	3209
865.06	3209
866.215	3204
867.37	3282
868.524	3240
869.679	3260
870.831	3238
871.985	3191
873.139	3243
874.293	3246
875.446	3221
876.599	3198
877.751	3203
878.904	3189
880.056	3154
881.209	3159
882.361	3112
883.512	3131
884.664	3105
885.816	3112
886.967	3072
888.117	3074
889.269	3068
890.42	3049
891.57	3065
892.72	3044
893.87	3055
895.021	3039
896.17	3077
897.32	3061
898.469	2996
899.618	2980
900.767	2982
901.917	2996
903.064	3029
904.213	2965
905.361	2997
906.509	2997
907.658	2970
908.805	2976
909.953	2972
911.099	2968
912.247	2980
913.393	2990
914.54	2987
915.686	2930
916.833	2978
917.979	2993
919.125	2949
920.27	2935
921.417	2968
922.561	2968
923.707	2974
924.852	3000
925.997	2996
927.141	3000
928.285	3029
929.43	2997
930.574	2983
931.719	3014
932.862	2968
934.005	2989
935.149	3009
936.292	3001
937.434	2983
938.578	3035
939.72	3029
940.862	3015
942.005	3007
943.147	3049
944.288	3040
945.431	3031
946.572	3077
947.713	3033
948.853	3043
949.995	3055
951.135	3053
952.276	3040
953.416	3095
954.557	3068
955.697	3060
956.836	3084
957.975	3081
959.115	3075
960.255	3041
961.394	3047
962.532	3057
963.671	3073
964.809	3024
965.947	3013
967.085	3029
968.223	2984
969.362	3069
970.499	3060
971.636	3045
972.773	3053
973.91	2998
975.047	3049
976.183	3021
977.32	3038
978.456	3041
979.592	3049
980.728	2999
981.863	3061
982.999	2999
984.134	3026
985.269	3030
986.404	3026
987.539	2981
988.674	3031
989.808	3043
990.942	3015
992.075	3027
993.209	3090
994.343	3082
995.476	3063
996.61	3041
997.743	3068
998.876	3113
1000.01	3119
1001.14	3114
1002.27	3178
1003.41	3244
1004.54	3243
1005.67	3257
1006.8	3303
1007.93	3385
1009.06	3415
1010.19	3426
1011.33	3469
1012.46	3415
1013.59	3439
1014.72	3391
1015.85	3382
1016.98	3329
1018.11	3270
1019.24	3217
1020.36	3210
1021.49	3130
1022.62	3112
1023.75	3014
1024.88	3025
1026.01	3050
1027.14	3006
1028.27	2911
1029.39	2959
1030.52	2892
1031.65	2926
1032.78	2937
1033.9	2924
1035.03	2932
1036.16	2870
1037.28	2880
1038.41	2852
1039.53	2841
1040.66	2802
1041.79	2848
1042.91	2801
1044.04	2810
1045.16	2818
1046.29	2865
1047.41	2836
1048.54	2813
1049.66	2794
1050.79	2839
1051.91	2801
1053.04	2799
1054.16	2791
1055.28	2814
1056.41	2810
1057.53	2769
1058.65	2806
1059.78	2780
1060.9	2831
1062.02	2844
1063.14	2732
1064.27	2812
1065.39	2811
1066.51	2762
1067.63	2795
1068.75	2772
1069.87	2804
1070.99	2774
1072.12	2784
1073.24	2810
1074.36	2800
1075.48	2787
1076.6	2822
1077.72	2801
1078.84	2787
1079.96	2808
1081.08	2831
1082.19	2811
1083.31	2791
1084.43	2753
1085.55	2826
1086.67	2815
1087.79	2789
1088.91	2819
1090.02	2796
1091.14	2822
1092.26	2809
1093.38	2760
1094.49	2795
1095.61	2849
1096.73	2770
1097.85	2804
1098.96	2851
1100.08	2771
1101.19	2789
1102.31	2782
1103.43	2793
1104.54	2795
1105.66	2813
1106.77	2848
1107.89	2790
1109	2817
1110.12	2804
1111.23	2784
1112.35	2789
1113.46	2830
1114.57	2839
1115.69	2842
1116.8	2796
1117.91	2792
1119.03	2809
1120.14	2798
1121.25	2825
1122.37	2835
1123.48	2784
1124.59	2865
1125.7	2773
1126.82	2867
1127.93	2811
1129.04	2792
1130.15	2783
1131.26	2797
1132.37	2807
1133.48	2800
1134.59	2759
1135.7	2798
1136.81	2801
1137.92	2814
1139.04	2794
1140.14	2772
1141.25	2804
1142.36	2734
1143.47	2773
1144.58	2752
1145.69	2744
1146.8	2768
1147.91	2726
1149.02	2755
1150.12	2735
1151.23	2749
1152.34	2690
1153.45	2701
1154.56	2734.39
1155.66	2712.12
1156.77	2730.32
1157.88	2676.21
1158.98	2664.15
1160.09	2701.71
1161.2	2664.73
1162.3	2665.68
1163.41	2602.46
1164.51	2667.74
1165.62	2615.33
1166.73	2628.22
1167.83	2619.81
1168.94	2624.81
1170.04	2649.38
1171.15	2598.57
1172.25	2584.78
1173.35	2595.56
1174.46	2572.75
1175.56	2580.01
1176.67	2579.16
1177.77	2548.27
1178.87	2537.79
1179.98	2516.65
1181.08	2537.59
1182.18	2545.63
1183.29	2527.46
1184.39	2528.68
1185.49	2501.97
1186.59	2514.74
1187.7	2499.8
1188.8	2505.88
1189.9	2499.27
1191	2459.8
1192.1	2493.03
1193.2	2471.78
1194.3	2471.96
1195.4	2501.41
1196.51	2465.75
1197.61	2448.01
1198.71	2452.86
1199.81	2471.95
1200.91	2462.75
1202.01	2458.11
1203.11	2469.94
1204.2	2460.44
1205.31	2437.25
1206.4	2461.8
1207.5	2449.12
1208.6	2429.23
1209.7	2444.15
1210.8	2469.61
1211.9	2459.08
1212.99	2471.59
1214.09	2432.21
1215.19	2425.49
1216.29	2445.63
1217.38	2457.43
1218.48	2449.78
1219.58	2436.59
1220.67	2427.23
1221.77	2435.4
1222.87	2455.52
1223.96	2453.15
1225.06	2457.56
1226.16	2467.35
1227.25	2443.53
1228.35	2446
1229.44	2443.4
1230.54	2443.68
1231.63	2423.11
1232.73	2420.81
1233.82	2434.97
1234.92	2407.95
1236.01	2424.33
1237.1	2433
1238.2	2429.66
1239.29	2435.36
1240.39	2400.05
1241.48	2400.66
1242.57	2429.76
1243.66	2428.06
1244.76	2390.38
1245.85	2404.96
1246.94	2421.71
1248.03	2436.1
1249.13	2451.95
1250.22	2423.95
1251.31	2390.77
1252.4	2418.75
1253.49	2447.08
1254.59	2439.74
1255.68	2429.6
1256.77	2413.44
1257.86	2443.24
1258.95	2429.62
1260.04	2426.53
1261.13	2430.41
1262.22	2411.56
1263.31	2414.98
1264.4	2405.32
1265.49	2388.75
1265.94	2385
1267.03	2412
1268.13	2417
1269.22	2439
1270.31	2443
1271.41	2453
1272.5	2374
1273.6	2380
1274.69	2419
1275.78	2360
1276.88	2351
1277.97	2406
1279.06	2400
1280.15	2344
1281.25	2354
1282.34	2340
1283.43	2374
1284.52	2390
1285.61	2358
1286.71	2322
1287.8	2346
1288.89	2323
1289.98	2325
1291.07	2319
1292.16	2295
1293.25	2335
1294.34	2304
1295.43	2306
1296.52	2297
1297.61	2285
1298.7	2304
1299.79	2341
1300.88	2305
1301.97	2284
1303.06	2272
1304.15	2230
1305.23	2291
1306.32	2260
1307.41	2248
1308.5	2258
1309.59	2228
1310.67	2251
1311.76	2273
1312.85	2257
1313.94	2197
1315.02	2269
1316.11	2254
1317.2	2261
1318.28	2268
1319.37	2177
1320.46	2192
1321.54	2233
1322.63	2212
1323.71	2202
1324.8	2243
1325.88	2178
1326.97	2222
1328.05	2220
1329.14	2200
1330.22	2216.5
1331.31	2233
1332.39	2175
1333.48	2230
1334.56	2255
1335.64	2206
1336.73	2199
1337.81	2233
1338.89	2195
1339.98	2248
1341.06	2225
1342.14	2213
1343.22	2238
1344.31	2240
1345.39	2226
1346.47	2252
1347.55	2224
1348.63	2223
1349.72	2222
1350.8	2268
1351.88	2210
1352.96	2268
1354.04	2278
1355.12	2207
1356.2	2248
1357.28	2264
1358.36	2265
1359.44	2246
1360.52	2330
1361.6	2273
1362.68	2259
1363.76	2276
1364.84	2301
1365.92	2265
1366.99	2319
1368.07	2304
1369.15	2293
1370.23	2296
1371.31	2296
1372.39	2305
1373.46	2356
1374.54	2316
1375.62	2339
1376.7	2306
1377.77	2398
1378.85	2270
1379.92	2360
1381	2349
1382.08	2325
1383.15	2340
1384.23	2357
1385.31	2375
1386.38	2312
1387.46	2311
1388.53	2350
1389.61	2365
1390.68	2402
1391.76	2348
1392.83	2329
1393.91	2340
1394.98	2397
1396.05	2358
1397.13	2379
1398.2	2366
1399.28	2364
1400.35	2376
1401.42	2409
1402.5	2317
1403.57	2361
1404.64	2356
1405.71	2385
1406.79	2385
1407.86	2376
1408.93	2333
1410	2373
1411.07	2358
1412.14	2368
1413.22	2307
1414.29	2336
1415.36	2342
1416.43	2374
1417.5	2361
1418.57	2339
1419.64	2315
1420.71	2306
1421.78	2297
1422.85	2302
1423.92	2339
1424.99	2319
1426.06	2352
1427.13	2316
1428.2	2322
1429.27	2352
1430.33	2303
1431.4	2300
1432.47	2289
1433.54	2324
1434.61	2305
1435.68	2366
1436.74	2328
1437.81	2330
1438.88	2355
1439.95	2343
1441.01	2360
1442.08	2394
1443.15	2423
1444.21	2389
1445.28	2407
1446.35	2392
1447.41	2409
1448.48	2373
1449.54	2374
1450.61	2438
1451.67	2364
1452.74	2374
1453.8	2396
1454.87	2403
1455.93	2335
1457	2389
1458.06	2365
1459.12	2386
1460.19	2380
1461.25	2380
1462.32	2357
1463.38	2348
1464.44	2363
1465.51	2349
1466.57	2382
1467.63	2341
1468.69	2360
1469.76	2332
1470.82	2356
1471.88	2361
1472.94	2349
1474.01	2352
1475.07	2358
1476.13	2296
1477.19	2323
1478.25	2334
1479.31	2317
1480.37	2308
1481.43	2306
1482.49	2312
1483.55	2301
1484.61	2297
1485.67	2264
1486.73	2271
1487.79	2277
1488.85	2285
1489.91	2266
1490.97	2238
1492.03	2279
1493.09	2266
1494.15	2244
1495.2	2260
1496.26	2248
1497.32	2247
1498.38	2264
1499.44	2226
1500.49	2230
1501.55	2230
1502.61	2230
1503.67	2229
1504.72	2250
1505.78	2249
1506.84	2203
1507.89	2233
1508.95	2202
1510	2231
1511.06	2194
1512.12	2163
1513.17	2186
1514.23	2185
1515.28	2216
1516.34	2105
1517.39	2137
1518.45	2167
1519.5	2145
1520.56	2143
1521.61	2162
1522.66	2188
1523.72	2127
1524.77	2169
1525.82	2149
1526.88	2119
1527.93	2077
1528.99	2098
1530.04	2102
1531.09	2077
1532.14	2125
1533.2	2112
1534.25	2087
1535.3	2085
1536.35	2033
1537.4	2110
1538.45	2099
1539.51	2051
1540.56	2061
1541.61	2058
1542.66	2021
1543.71	2091
1544.76	2042
1545.81	2012
1546.86	2063
1547.91	2023
1548.96	2035
1550.01	2072
1551.06	2052
1552.11	1996
1553.16	2053
1554.21	2027
1555.26	2050
1556.31	2022
1557.35	2052
1558.4	2019
1559.45	1999
1560.5	1984
1561.55	2015
1562.6	2055
1563.64	2028
1564.69	2030
1565.74	2026
1566.79	2014
1567.83	2047
1568.88	2079
1569.93	2032
1570.97	2044
1572.02	2097
1573.06	2042
1574.11	2058
1575.16	2093
1576.2	2083
1577.25	2077
1578.29	2080
1579.34	2025
1580.38	2074
1581.43	2096
1582.47	2107
1583.52	2112
1584.56	2149
1585.61	2155
1586.65	2130
1587.69	2125
1588.74	2108
1589.78	2137
1590.82	2129
1591.87	2119
1592.91	2144
1593.95	2180
1594.99	2162
1596.04	2180
1597.08	2150
1598.12	2205
1599.16	2195
1600.21	2205
1601.25	2181
1602.29	2249
1603.33	2194
1604.37	2212
1605.41	2204
1606.45	2209
1607.49	2215
1608.54	2235
1609.58	2225
1610.62	2212
1611.66	2217
1612.7	2210
1613.74	2186
1614.78	2224
1615.81	2193
1616.85	2220
1617.89	2242
1618.93	2267
1619.97	2244
1621.01	2300
1622.05	2210
1623.09	2266
1624.12	2211
1625.16	2231
1626.2	2231
1627.24	2231
1628.28	2291
1629.31	2262
1630.35	2258
1631.39	2226
1632.42	2233
1633.46	2223
1634.5	2235
1635.53	2253
1636.57	2270
1637.61	2234
1638.64	2229
1639.68	2171
1640.71	2204
1641.75	2224
1642.78	2223
1643.82	2182
1644.85	2202
1645.89	2197
1646.92	2220
1647.96	2184
1648.99	2157
1650.02	2181
1651.06	2161
1652.09	2170
1653.13	2159
1654.16	2117
1655.19	2162
1656.23	2148
1657.26	2130
1658.29	2138
1659.32	2132
1660.36	2143
1661.39	2074
1662.42	2100
1663.45	2110
1664.48	2093
1665.52	2074
1666.55	2061
1667.58	2071
1668.61	2071
1669.64	2045
1670.67	2091
1671.7	2035
1672.73	2062
1673.76	2016
1674.79	2054
1675.82	2048
1676.85	2030
1677.88	2010
1678.91	1986
1679.94	2001
1680.97	1974
1682	1984
1683.03	2024
1684.06	1973
1685.09	2007
1686.12	1955
1687.14	1995
1688.17	1968
1689.2	1963
1690.23	1978
1691.25	1961
1692.28	1942
1693.31	1893
1694.34	1930
1695.36	1966
1696.39	1896
1697.42	1905
1698.44	1907
1699.47	1914
1700.5	1915
1701.52	1918
1702.55	1893
1703.57	1912
1704.6	1886
1705.62	1914
1706.65	1919
1707.68	1914
1708.7	1929
1709.73	1888
1710.75	1872
1711.77	1916
1712.8	1906
1713.82	1898
1714.85	1877
1715.87	1867
1716.89	1871
1717.92	1896
1718.94	1905
1719.96	1858
1720.99	1849
1722.01	1847
1723.03	1909
1724.05	1811
1725.08	1835
1726.1	1841
1727.12	1838
1728.14	1862
1729.17	1839
1730.19	1864
1731.21	1837
1732.23	1835
1733.25	1875
1734.27	1840
1735.29	1867
1736.31	1811
1737.33	1841
1738.35	1874
1739.37	1841
1740.39	1833
1741.41	1843
1742.43	1855
1743.45	1875
1744.47	1856
1745.49	1879
1746.51	1836
1747.53	1805
1748.55	1841
1749.57	1856
1750.58	1844
1751.6	1865
1752.62	1864
1753.64	1887
1754.66	1865
1755.67	1854
1756.69	1894
1757.71	1853
1758.73	1866
1759.74	1825
1760.76	1868
1761.78	1867
1762.79	1873
1763.81	1867
1764.83	1895
1765.84	1898
1766.86	1890
1767.87	1907
1768.89	1920
1769.9	1875
1770.92	1889
1771.93	1887
1772.95	1893
1773.96	1908
1774.98	1928
1775.99	1894
1777.01	1904
1778.02	1888
1779.04	1915
1780.05	1888
1781.06	1928
1782.08	1934
1783.09	1936
1784.1	1918
1785.12	1943
1786.13	1894
1787.14	1904
1788.15	1941
1789.17	1976
1790.18	1931
1791.19	1917
1792.2	1950
1793.21	1930
1794.23	1913
1795.24	1915
1796.25	1909
1797.26	1931
1798.27	1930
1799.28	1932
1800.29	1918
1801.3	1943
1802.31	1920
1803.32	1907
1804.33	1909
1805.34	1933
1806.35	1923
1807.36	1897
1808.37	1918
1809.38	1893
1810.39	1911
1811.4	1939
1812.41	1877
1813.42	1890
1814.42	1892
1815.43	1901
1816.44	1951
1817.45	1910
1818.46	1879
1819.46	1828
1820.47	1889
1821.48	1848
1822.49	1849
1823.49	1864
1824.5	1851
1825.51	1845
1826.51	1877
1827.52	1819
1828.53	1827
1829.53	1849
1830.54	1865
1831.55	1848
1832.55	1816
1833.56	1839
1834.56	1833
1835.57	1784
1836.57	1797
1837.58	1778
1838.58	1815
1839.59	1783
1840.59	1761
1841.59	1792
1842.6	1744
1843.6	1791
1844.61	1755.5
1845.61	1720
1846.61	1753
1847.62	1733
1848.62	1745
1849.62	1726
1850.63	1788
1851.63	1716
1852.63	1741
1853.63	1739
1854.64	1714
1855.64	1716
1856.64	1726
1857.64	1710
1858.64	1715
1859.64	1710
1860.65	1688
1861.65	1710
1862.65	1697
1863.65	1683
1864.65	1682
1865.65	1685
1866.65	1703
1867.65	1714
1868.65	1691
1869.65	1699
1870.65	1678
1871.65	1663
1872.65	1722
1873.65	1686
1874.65	1718
1875.65	1711
1876.65	1712
1877.64	1689
1878.64	1672
1879.64	1691
1880.64	1654
1881.64	1706
1882.64	1680
1883.63	1693
1884.63	1677
1885.63	1686
1886.63	1695
1887.62	1669
1888.62	1690
1889.62	1728
1890.61	1728
1891.61	1720
1892.61	1693
1893.6	1718
1894.6	1708
1895.59	1691
1896.59	1694.5
1897.59	1698
1898.58	1711
1899.58	1699
1900.57	1741
1901.57	1693
1902.56	1726
1903.56	1742
1904.55	1727
1905.55	1755
1906.54	1729
1907.53	1747
1908.53	1716
1909.52	1732
1910.51	1772
1911.51	1752
1912.5	1761
1913.49	1722
1914.49	1753
1915.48	1729
1916.47	1728
1917.47	1724
1918.46	1723
1919.45	1727
1920.44	1680
1921.43	1744
1922.43	1764
1923.42	1774
1924.41	1760
1925.4	1773
1926.39	1723
1927.38	1747
1928.37	1761
1929.36	1704
1930.35	1752
1931.35	1705
1932.34	1728
1933.33	1719
1934.32	1752
1935.31	1708
1936.29	1701
1937.29	1731
1938.27	1720
1939.26	1733
1940.25	1721
1941.24	1726
1942.23	1723
1943.22	1682
1944.21	1676
1945.2	1685
1946.18	1720
1947.17	1693
1948.16	1681
1949.15	1712
1950.13	1674
1951.12	1672
1952.11	1697
1953.1	1664
1954.08	1689
1955.07	1692
1956.06	1661
1957.04	1687
1958.03	1659
1959.02	1656
1960	1643
1960.99	1629
1961.97	1652
1962.96	1687
1963.94	1689
1964.93	1656
1965.91	1665
1966.9	1636
1967.88	1639
1968.87	1645
1969.85	1661
1970.84	1639
1971.82	1639
1972.8	1637
1973.79	1629
1974.77	1611
1975.76	1635
1976.74	1670
1977.72	1611
1978.71	1629
1979.69	1663
1980.67	1640
1981.65	1613
1982.64	1607
1983.62	1646
1984.6	1620
1985.58	1653
1986.57	1615
1987.55	1644
1988.53	1670
1989.51	1649
1990.49	1643
1991.47	1646
1992.45	1642
1993.43	1652
1994.42	1641
1995.4	1716
1996.38	1689
1997.36	1610
1998.34	1659
1999.32	1637
2000.3	1667
2001.28	1667
2002.26	1654
2003.23	1691
2004.21	1729
2005.19	1699
2006.17	1738
2007.15	1675
2008.13	1726
2009.11	1667
2010.09	1652
2011.06	1691
2012.04	1703
2013.02	1714
2014	1711
2014.98	1743
2015.95	1680
2016.93	1696
2017.91	1701
2018.88	1718
2019.86	1701
2020.84	1747
2021.81	1760
2022.79	1705
2023.77	1720
2024.74	1714
2025.72	1709
2026.69	1723
2027.67	1724
2028.65	1727
2029.62	1699
2030.6	1751
2031.57	1771
2032.55	1739
2033.52	1770
2034.5	1729
2035.47	1760
2036.44	1781
2037.42	1741
2038.39	1726
2039.37	1761
2040.34	1764
2041.31	1751
2042.29	1755
2043.26	1786
2044.23	1774
2045.21	1746
2046.18	1729
2047.15	1732
2048.12	1740
2049.1	1703
2050.07	1710
2051.04	1758
2052.01	1727
2052.98	1736
2053.96	1758
2054.93	1726
2055.9	1724
2056.87	1733
2057.84	1734
2058.81	1744
2059.78	1731
2060.75	1746
2061.72	1725
2062.69	1757
2063.66	1726
2064.63	1722
2065.6	1713
2066.57	1683
2067.54	1724
2068.51	1721
2069.48	1719
2070.45	1725
2071.42	1729
2072.39	1714
2073.36	1725
2074.32	1703
2075.29	1715
2076.26	1682
2077.23	1699
2078.2	1722
2079.16	1677
2080.13	1662
2081.1	1666
2082.07	1688
2083.03	1720
2084	1693
2084.97	1676
2085.93	1682
2086.9	1690
2087.87	1658
2088.83	1648
2089.8	1683
2090.77	1683
2091.73	1667
2092.7	1665
2093.66	1668
2094.63	1701
2095.59	1682
2096.56	1660
2097.52	1691
2098.49	1606
2099.45	1660
2100.42	1673
2101.38	1665
2102.35	1660
2103.31	1623
2104.27	1667
2105.24	1633
2106.2	1631
2107.16	1628
2108.13	1703
2109.09	1646
2110.05	1660.5
2111.02	1657.24
2111.98	1661.89
2112.94	1643.71
2113.9	1642.94
2114.87	1622.77
2115.83	1637.89
2116.79	1630.37
2117.75	1603.8
2118.71	1654.27
2119.68	1667.16
2120.64	1640.44
2121.6	1631.71
2122.56	1643.86
2123.52	1626.88
2124.48	1642.85
2125.44	1642.62
2126.4	1624.41
2127.36	1638.07
2128.32	1637.33
2129.28	1622.88
2130.24	1644.51
2131.2	1629.5
2132.16	1645.56
2133.12	1628.2
2134.08	1643.29
2135.04	1637.56
2136	1617.23
2136.96	1659.68
2137.92	1632.03
2138.88	1672.15
2139.83	1627.78
2140.79	1641.1
2141.75	1627.36
2142.71	1663.73
2143.67	1634.97
2144.62	1640.64
2145.58	1625.71
2146.54	1638.37
2147.5	1615.98
2148.45	1612.61
2149.41	1611.35
2150.37	1642.88
2151.32	1657.44
2152.28	1618.86
2153.24	1641.28
2154.19	1631.66
2155.15	1645.41
2156.11	1635.11
2157.06	1628.48
2158.02	1606.13
2158.97	1620.73
2159.93	1626.97
2160.88	1651.73
2161.84	1596.94
2162.79	1618.15
2163.75	1633.84
2164.7	1612.1
2165.66	1645.64
2166.61	1631
2167.57	1608.92
2168.52	1624.27
2169.48	1639.3
2170.43	1614.86
2171.38	1626.33
2172.34	1621.72
2173.29	1627.33
2174.24	1624.24
2175.2	1601.81
2176.15	1610.52
2177.1	1638.72
2178.05	1633.85
2179.01	1611.91
2179.96	1622.42
2180.91	1613.92
2181.86	1613.32
2182.82	1611.79
2183.77	1622.21
2184.72	1606.47
2185.67	1620.91
2186.62	1623.14
2187.57	1622.41
2188.52	1632.63
2189.47	1642.54
2190.43	1613.97
2191.38	1629.48
2192.33	1637.48
2193.28	1652.4
2194.23	1635.23
2195.18	1616.13
2196.13	1603.29
2197.08	1625.35
2198.03	1653.38
2198.98	1655.98
2199.93	1644.09
2200.87	1653.83
2201.82	1665.02
2202.77	1662.17
2203.72	1666.11
2204.67	1667.51
2205.62	1664.45
2205.98	1664
2206.93	1655
2207.88	1671
2208.84	1683
2209.79	1698
2210.74	1663
2211.69	1647
2212.65	1645
2213.6	1681
2214.55	1645
2215.5	1636
2216.45	1656
2217.41	1685
2218.36	1665
2219.31	1673
2220.26	1688
2221.21	1674
2222.16	1704
2223.11	1656
2224.06	1701
2225.01	1667
2225.96	1695
2226.91	1687
2227.86	1648
2228.81	1680
2229.76	1692
2230.71	1687
2231.66	1662
2232.61	1715
2233.56	1686
2234.51	1668
2235.46	1694
2236.41	1672
2237.36	1682
2238.31	1696
2239.25	1670
2240.2	1695
2241.15	1665
2242.1	1669
2243.05	1683
2243.99	1687
2244.94	1697
2245.89	1713
2246.83	1654
2247.78	1705
2248.73	1681
2249.68	1702
2250.62	1672
2251.57	1676
2252.52	1680
2253.46	1686
2254.41	1682
2255.35	1685
2256.3	1687
2257.25	1711
2258.19	1705
2259.14	1679
2260.08	1679
2261.03	1696
2261.97	1689
2262.92	1698
2263.86	1707
2264.81	1671
2265.75	1703
2266.7	1672
2267.64	1687
2268.58	1681
2269.53	1678
2270.47	1665
2271.41	1700
2272.36	1694
2273.3	1725
2274.24	1660
2275.19	1672
2276.13	1649
2277.07	1676
2278.02	1678
2278.96	1708
2279.9	1656
2280.84	1697
2281.78	1671
2282.73	1677
2283.67	1666
2284.61	1694
2285.55	1667
2286.49	1716
2287.43	1716
2288.38	1703
2289.32	1661
2290.26	1744
2291.2	1680
2292.14	1700
2293.08	1708
2294.02	1708
2294.96	1703
2295.9	1694
2296.84	1672
2297.78	1629
2298.72	1672
2299.66	1689
2300.59	1691
2301.53	1682
2302.47	1697
2303.41	1691
2304.35	1691
2305.29	1680
2306.23	1689
2307.17	1709
2308.1	1711
2309.04	1704
2309.98	1714
2310.92	1641
2311.85	1675
2312.79	1704
2313.73	1703
2314.67	1698
2315.6	1678
2316.54	1722
2317.48	1757
2318.41	1716
2319.35	1694
2320.29	1729
2321.22	1737
2322.16	1684
2323.09	1719
2324.03	1738
2324.97	1706
2325.9	1764
2326.84	1739
2327.77	1756
2328.71	1727
2329.64	1744
2330.58	1736
2331.51	1739
2332.45	1741
2333.38	1761
2334.31	1759
2335.25	1751
2336.18	1772
2337.12	1733
2338.05	1800
2338.98	1765
2339.92	1751
2340.85	1770
2341.78	1752
2342.72	1785
2343.65	1740
2344.58	1779
2345.51	1767
2346.45	1782
2347.38	1779
2348.31	1785
2349.24	1795
2350.17	1755
2351.11	1751
2352.04	1757
2352.97	1783
2353.9	1745
2354.83	1794
2355.76	1781
2356.69	1776
2357.62	1809
2358.55	1803
2359.48	1752
2360.42	1748
2361.35	1761
2362.27	1761
2363.21	1782
2364.13	1793
2365.07	1792
2365.99	1843
2366.92	1780
2367.85	1797
2368.78	1766
2369.71	1746
2370.64	1755
2371.57	1782
2372.5	1787
2373.43	1804
2374.35	1817
2375.28	1792
2376.21	1785
2377.14	1803
2378.07	1728
2378.99	1779
2379.92	1773
2380.85	1811
2381.77	1773
2382.7	1788
2383.63	1791
2384.56	1831
2385.48	1789
2386.41	1821
2387.33	1781
2388.26	1795
2389.19	1767
2390.11	1783
2391.04	1757
2391.96	1768
2392.89	1750
2393.82	1755
2394.74	1755
2395.67	1753
2396.59	1778
2397.51	1773
2398.44	1753
2399.36	1785
2400.29	1759
2401.21	1738
2402.14	1744
2403.06	1790
2403.98	1735
2404.91	1764
2405.83	1762
2406.76	1755
2407.68	1747
2408.6	1703
2409.52	1726
2410.45	1782
2411.37	1724
2412.29	1746
2413.22	1744
2414.14	1754
2415.06	1738
2415.98	1752
2416.9	1755
2417.83	1726
2418.75	1720
2419.67	1724
2420.59	1767
2421.51	1725
2422.43	1726
2423.35	1728
2424.27	1709
2425.2	1777
2426.12	1751
2427.04	1720
2427.96	1723
2428.88	1700
2429.8	1738
2430.72	1772
2431.64	1747
2432.56	1756
2433.48	1754
2434.4	1789
2435.31	1762
2436.23	1743
2437.15	1721
2438.07	1745
2438.99	1739
2439.91	1721
2440.83	1732
2441.75	1696
2442.66	1711
2443.58	1728
2444.5	1746
2445.42	1693
2446.33	1712
2447.25	1718
2448.17	1709
2449.09	1758
2450	1708
2450.92	1710
2451.84	1775
2452.75	1756
2453.67	1752
2454.59	1732
2455.5	1732
2456.42	1757
2457.33	1750
2458.25	1737
2459.17	1758
2460.08	1696
2461	1741
2461.91	1705
2462.83	1712
2463.74	1752
2464.66	1740
2465.57	1733
2466.49	1715
2467.4	1689
2468.31	1742
2469.23	1720
2470.14	1731
2471.06	1750
2471.97	1748
2472.88	1752
2473.8	1722
2474.71	1695
2475.62	1726
2476.54	1699
2477.45	1733
2478.36	1733
2479.28	1749
2480.19	1728
2481.1	1735
2482.01	1717
2482.93	1699
2483.84	1719
2484.75	1696
2485.66	1721
2486.57	1716
2487.49	1755
2488.4	1714
2489.31	1751
2490.22	1736
2491.13	1697
2492.04	1696
2492.95	1717
2493.86	1734
2494.77	1745
2495.68	1702
2496.59	1732
2497.5	1702
2498.41	1688
2499.32	1729
2500.23	1695
2501.14	1675
2502.05	1722
2502.96	1761
2503.87	1755
2504.78	1737
2505.69	1745
2506.6	1669
2507.5	1719
2508.41	1682
2509.32	1699
2510.23	1694
2511.14	1704
2512.04	1707
2512.95	1736
2513.86	1682
2514.77	1672
2515.68	1662
2516.58	1717
2517.49	1687
2518.4	1685
2519.3	1705
2520.21	1672
2521.12	1683
2522.02	1716
2522.93	1715
2523.83	1670
2524.74	1714
2525.65	1651
2526.55	1698
2527.46	1679
2528.36	1678
2529.27	1687
2530.17	1693
2531.08	1687
2531.98	1691
2532.89	1719
2533.79	1700
2534.7	1735
2535.6	1692
2536.51	1695
2537.41	1674
2538.32	1692
2539.22	1701
2540.12	1647
2541.03	1683
2541.93	1724
2542.83	1678
2543.74	1660
2544.64	1691
2545.54	1684
2546.45	1703
2547.35	1675
2548.25	1660
2549.15	1684
2550.06	1684
2550.96	1656
2551.86	1669
2552.76	1622
2553.66	1663
2554.57	1663
2555.47	1655
2556.37	1669
2557.27	1672
2558.17	1674
2559.07	1651
2559.97	1679
2560.87	1700
2561.77	1662
2562.67	1663
2563.57	1666
2564.47	1656
2565.37	1683
2566.27	1656
2567.17	1708
2568.07	1655
2568.97	1646
2569.87	1653
2570.77	1684
2571.67	1675
2572.57	1653
2573.47	1643
2574.37	1677
2575.27	1644
2576.16	1649
2577.06	1614
2577.96	1631
2578.86	1632
2579.76	1642
2580.65	1632
2581.55	1643
2582.45	1628
2583.35	1634
2584.24	1595
2585.14	1625
2586.04	1616
2586.94	1620
2587.83	1625
2588.73	1631
2589.62	1647
2590.52	1656
2591.42	1641
2592.31	1619
2593.21	1593
2594.1	1614
2595	1622
2595.9	1596
2596.79	1646
2597.69	1615
2598.58	1598
2599.48	1608
2600.37	1595
2601.27	1647
2602.16	1629
2603.06	1601
2603.95	1626
2604.84	1580
2605.74	1604
2606.63	1600
2607.53	1619
2608.42	1612
2609.31	1603
2610.21	1613
2611.1	1584
2611.99	1572
2612.89	1585
2613.78	1596
2614.67	1597
2615.57	1603
2616.46	1599
2617.35	1633
2618.24	1585
2619.14	1590
2620.03	1598
2620.92	1591
2621.81	1566
2622.7	1613
2623.59	1611
2624.48	1622
2625.38	1578
2626.27	1601
2627.16	1595
2628.05	1593
2628.94	1542
2629.83	1548
2630.72	1533
2631.61	1571
2632.5	1520
2633.39	1507
2634.28	1545
2635.17	1509
2636.06	1519
2636.95	1516
2637.84	1556
2638.73	1515
2639.62	1550
2640.51	1521
2641.4	1549
2642.28	1522
2643.17	1515
2644.06	1492
2644.95	1539
2645.84	1509
2646.73	1510
2647.61	1501
2648.5	1528
2649.39	1518
2650.28	1515
2651.17	1480
2652.05	1495
2652.94	1501
2653.83	1505
2654.71	1507
2655.6	1497
2656.49	1521
2657.37	1525
2658.26	1495
2659.15	1522
2660.03	1524
2660.92	1468
2661.8	1526
2662.69	1508
2663.58	1511
2664.46	1486
2665.35	1523
2666.23	1501
2667.12	1499
2668	1508
2668.89	1520
2669.77	1513
2670.66	1475
2671.54	1530
2672.43	1533
2673.31	1515
2674.19	1516
2675.08	1511
2675.96	1509
2676.84	1518
2677.73	1526
2678.61	1457
2679.5	1487
2680.38	1460
2681.26	1485
2682.14	1506
2683.03	1473
2683.91	1494
2684.79	1505
2685.68	1464
2686.56	1439
2687.44	1492
2688.32	1461
2689.2	1457
2690.09	1489
2690.97	1484
2691.85	1470
2692.73	1485
2693.61	1463
2694.49	1467
2695.37	1423
2696.25	1426
2697.14	1497
2698.02	1441
2698.9	1441
2699.78	1471
2700.66	1444
2701.54	1460
2702.42	1472
2703.3	1469
2704.18	1490
2705.06	1470
2705.94	1453
2706.81	1441
2707.69	1425
2708.57	1457
2709.45	1471
2710.33	1479
2711.21	1464
2712.09	1461
2712.97	1458
2713.84	1490
2714.72	1476
2715.6	1420
2716.48	1483
2717.36	1482
2718.23	1451
2719.11	1499
2719.99	1486
2720.87	1417
2721.74	1437
2722.62	1467
2723.5	1442
2724.37	1478
2725.25	1439
2726.13	1470
2727	1466
2727.88	1424
2728.76	1462
2729.63	1432
2730.51	1435
2731.38	1472
2732.26	1458
2733.14	1436
2734.01	1432
2734.89	1464
2735.76	1466
2736.64	1477
2737.51	1447
2738.39	1478
2739.26	1475
2740.13	1425
2741.01	1465
2741.88	1472
2742.76	1450
2743.63	1479
2744.5	1449
2745.38	1446
2746.25	1493
2747.13	1446
2748	1446
2748.87	1479
2749.75	1467
2750.62	1489
2751.49	1488
2752.36	1499
2753.24	1469
2754.11	1500
2754.98	1448
2755.85	1487
2756.73	1522
2757.6	1509.5
2758.47	1497
2759.34	1477
2760.21	1502
2761.08	1529
2761.96	1485
2762.83	1488
2763.7	1510
2764.57	1475
2765.44	1480
2766.31	1489
2767.18	1514
2768.05	1508
2768.92	1479
2769.79	1511
2770.66	1463
2771.53	1481
2772.4	1479
2773.27	1505
2774.14	1536
2775.01	1462
2775.88	1505
2776.75	1555
2777.62	1498
2778.49	1514
2779.36	1530
2780.22	1494
2781.09	1527
2781.96	1514
2782.83	1539
2783.7	1559
2784.57	1534
2785.43	1538
2786.3	1492
2787.17	1535
2788.04	1532
2788.9	1546
2789.77	1521
2790.64	1541
2791.5	1521
2792.37	1558
2793.24	1528
2794.1	1535
2794.97	1546
2795.84	1558
2796.7	1516
2797.57	1531
2798.44	1566
2799.3	1548
2800.17	1540
2801.03	1553
2801.9	1574
2802.76	1551
2803.63	1521
2804.5	1581
2805.36	1544
2806.23	1593
2807.09	1565
2807.95	1538
2808.82	1552
2809.68	1569
2810.55	1551
2811.41	1569
2812.28	1551
2813.14	1593
2814	1583
2814.87	1590
2815.73	1598
2816.59	1622
2817.46	1620
2818.32	1586
2819.18	1611
2820.05	1619
2820.91	1629
2821.77	1648
2822.63	1646
2823.5	1636
2824.36	1651
2825.22	1663
2826.08	1700
2826.94	1663
2827.81	1707
2828.67	1756
2829.53	1766
2830.39	1778
2831.25	1816
2832.11	1803
2832.98	1857
2833.84	1913
2834.7	1911
2835.56	1931
2836.42	1938
2837.28	2006
2838.14	1997
2839	2054
2839.86	2094
2840.72	2037
2841.58	2035
2842.44	1986
2843.3	2006
2844.16	2042
2845.02	1951
2845.88	1986
2846.73	1937
2847.59	1900
2848.45	1893
2849.31	1873
2850.17	1822
2851.03	1779
2851.89	1802
2852.74	1749
2853.6	1725
2854.46	1713
2855.32	1715
2856.18	1683
2857.03	1662
2857.89	1697
2858.75	1644
2859.6	1644
2860.46	1649
2861.32	1610
2862.18	1629
2863.03	1586
2863.89	1588
2864.74	1607
2865.6	1615
2866.46	1614
2867.31	1613
2868.17	1609
2869.03	1606
2869.88	1635
2870.74	1559
2871.59	1579
2872.45	1620
2873.3	1590
2874.16	1581
2875.01	1592
2875.87	1583
2876.72	1581
2877.58	1598
2878.43	1617
2879.29	1612
2880.14	1599
2880.99	1573
2881.85	1614
2882.7	1595
2883.55	1573
2884.41	1593
2885.26	1583
2886.12	1602
2886.97	1581
2887.82	1574
2888.68	1590
2889.53	1570
2890.38	1596
2891.23	1566
2892.09	1584
2892.94	1559
2893.79	1597
2894.64	1609
2895.49	1593
2896.35	1598
2897.2	1570
2898.05	1586
2898.9	1642
2899.75	1589
2900.6	1596
2901.45	1595
2902.31	1579
2903.16	1599
2904.01	1632
2904.86	1579
2905.71	1637
2906.56	1586
2907.41	1594
2908.26	1622
2909.11	1647
2909.96	1626
2910.81	1635
2911.66	1636
2912.51	1697
2913.36	1684
2914.21	1648
2915.06	1675
2915.9	1665
2916.75	1681
2917.6	1628
2918.45	1667
2919.3	1699
2920.15	1701
2921	1725
2921.84	1721
2922.69	1703
2923.54	1725
2924.39	1736
2925.24	1756
2926.08	1811
2926.93	1788
2927.78	1811
2928.63	1790
2929.47	1808
2930.32	1850
2931.17	1817
2932.01	1830
2932.86	1820
2933.71	1829
2934.55	1875
2935.4	1874
2936.25	1852
2937.09	1904
2937.94	1880
2938.78	1951
2939.63	1908
2940.47	1965
2941.32	1975
2942.16	1991
2943.01	1994
2943.86	2028.44
2944.7	2017.48
2945.54	2040.1
2946.39	2091.27
2947.23	2089.19
2948.08	2062.49
2948.92	2056.39
2949.77	2033.36
2950.61	2060.27
2951.45	2064.9
2952.3	2024.53
2953.14	2005.14
2953.99	1994.43
2954.83	1984.05
2955.67	1942.83
2956.52	1958.15
2957.36	1935.23
2958.2	1902.52
2959.04	1871.69
2959.89	1861.03
2960.73	1881.52
2961.57	1820.97
2962.41	1825.3
2963.26	1808.93
2964.1	1822.89
2964.94	1774.59
2965.78	1783.37
2966.62	1797.76
2967.47	1743.98
2968.31	1802.3
2969.15	1778.98
2969.99	1774.49
2970.83	1759.29
2971.67	1782.19
2972.51	1771.59
2973.35	1745.41
2974.19	1804.16
2975.04	1778.8
2975.88	1787.97
2976.72	1781.14
2977.56	1794.09
2978.4	1763.9
2979.24	1778.76
2980.08	1772.05
2980.92	1784.26
2981.76	1785.76
2982.6	1779.1
2983.43	1791.6
2984.27	1784.04
2985.11	1775.86
2985.95	1777.23
2986.79	1786.85
2987.63	1786.29
2988.47	1777.73
2989.31	1783.47
2990.14	1798.94
2990.98	1775.54
2991.82	1787
2992.66	1781.47
2993.5	1789.05
2994.33	1795.04
2995.17	1786.33
2996.01	1772.81
2996.85	1779.52
2997.68	1785.53
2998.52	1766.01
2999.36	1753.11
3000.2	1791.79
3001.03	1818.28
3001.87	1792.37
3002.71	1799.84
3003.54	1760.06
3004.38	1782.16
3005.21	1770.51
3006.05	1768.17
3006.89	1799.59
3007.72	1798.78
3008.56	1831.05
3009.39	1797.96
3010.23	1793.16
3011.06	1809.52
3011.9	1769.12
3012.74	1775.75
3013.57	1776.95
3014.41	1823.43
3015.24	1779.44
3016.07	1820.27
3016.91	1817.22
3017.74	1826.67
3018.58	1793.55
3019.41	1825.74
3020.25	1817.7
3021.08	1837.88
3021.91	1796.37
3022.75	1839.33
3023.58	1815.89
3024.41	1826.14
3025.25	1833.43
3026.08	1842
3026.91	1860.65
3027.75	1826.77
3028.58	1865.5
3028.73	1876
3029.57	1812
3030.4	1850
3031.24	1814
3032.08	1837
3032.92	1853
3033.75	1841
3034.59	1869
3035.42	1812
3036.26	1861
3037.1	1862
3037.93	1844
3038.77	1858
3039.61	1891
3040.44	1888
3041.28	1862
3042.11	1875
3042.95	1856
3043.78	1876
3044.62	1877
3045.45	1888
3046.29	1931
3047.12	1907
3047.96	1894
3048.79	1934
3049.63	1886
3050.46	1883
3051.29	1924
3052.13	1930
3052.96	1917
3053.8	1925
3054.63	1954
3055.46	1935
3056.3	1970
3057.13	1965
3057.96	1940
3058.8	1925
3059.63	1947
3060.46	1951
3061.3	1959
3062.13	1925
3062.96	2011
3063.79	1973
3064.63	2003
3065.46	1942
3066.29	2007
3067.12	1994
3067.95	2006
3068.79	2018
3069.62	2015
3070.45	2047
3071.28	2044
3072.11	2075
3072.94	2055
3073.77	2018
3074.6	2049
3075.44	2038
3076.27	2086
3077.1	2071
3077.93	2087
3078.76	2103
3079.59	2094
3080.42	2081
3081.25	2091
3082.08	2139
3082.91	2108
3083.74	2103
3084.57	2135
3085.4	2109
3086.23	2127
3087.05	2111
3087.88	2145
3088.71	2151
3089.54	2183
3090.37	2150
3091.2	2212
3092.03	2177
3092.86	2145
3093.68	2160
3094.51	2191
3095.34	2216
3096.17	2198
3097	2219
3097.82	2214
3098.65	2247
3099.48	2244
3100.31	2222
3101.13	2247
3101.96	2276
3102.79	2231
3103.61	2278
3104.44	2312
3105.27	2268
3106.09	2296
3106.92	2306
3107.75	2307
3108.57	2294
3109.4	2303
3110.22	2322
3111.05	2344
3111.88	2322
3112.7	2351
3113.53	2394
3114.35	2364
3115.18	2364
3116	2364
3116.83	2412
3117.65	2361
3118.48	2402
3119.3	2413
3120.13	2419
3120.95	2471
3121.77	2443
3122.6	2433
3123.42	2424
3124.25	2407
3125.07	2459
3125.89	2478
3126.72	2456
3127.54	2504
3128.36	2509
3129.19	2501
3130.01	2468
3130.83	2530
3131.66	2546
3132.48	2506
3133.3	2521
3134.13	2564
3134.95	2490
3135.77	2540
3136.59	2574
3137.41	2542
3138.24	2589
3139.06	2561
3139.88	2546
3140.7	2606
3141.52	2550
3142.34	2607
3143.17	2562
3143.99	2607
3144.81	2631
3145.63	2620
3146.45	2590
3147.27	2657
3148.09	2610
3148.91	2635
3149.73	2649
3150.55	2627
3151.37	2630
3152.19	2667
3153.01	2680
3153.83	2694
3154.65	2690
3155.47	2652
3156.29	2668
3157.11	2695
3157.93	2745
3158.75	2691
3159.57	2706
3160.39	2705
3161.2	2754
3162.02	2771
3162.84	2704
3163.66	2775
3164.48	2756
3165.3	2747
3166.12	2795
3166.93	2810
3167.75	2795
3168.57	2782
3169.39	2771
3170.2	2801
3171.02	2830
3171.84	2783
3172.65	2865
3173.47	2840
3174.29	2807
3175.11	2900
3175.92	2823
3176.74	2836
3177.56	2863
3178.37	2856
3179.19	2835
3180	2914
3180.82	2857
3181.64	2899
3182.45	2942
3183.27	2895
3184.08	2896
3184.9	2961
3185.71	2964
3186.53	2943
3187.34	2904
3188.16	2957
3188.97	2927
3189.79	2918
3190.6	2890
3191.42	2932
3192.23	2972
3193.05	2988
3193.86	2950
3194.67	2941
3195.49	2957
3196.3	2995
3197.12	2915
3197.93	3004
3198.74	2981
3199.56	3022
3200.37	3029
3201.18	3042
3202	2971
3202.81	3005
3203.62	3069
3204.43	3039
3205.25	3063
3206.06	3030
3206.87	3099
3207.68	3067
3208.5	3078
3209.31	3056
3210.12	3126
3210.93	3115
3211.74	3123
3212.56	3131
3213.37	3098
3214.18	3114
3214.99	3124
3215.8	3145
3216.61	3149
3217.42	3178
3218.23	3130
3219.04	3190
3219.85	3182
3220.66	3131
3221.47	3222
3222.28	3156
3223.09	3147
3223.91	3171
3224.71	3173
3225.52	3159
3226.33	3238
3227.14	3169
3227.95	3217
3228.76	3203
3229.57	3250
3230.38	3193
3231.19	3192
3232	3157
3232.81	3157
3233.62	3258
3234.42	3187
3235.23	3250
3236.04	3232
3236.85	3240
3237.66	3222
3238.47	3200
3239.27	3200
3240.08	3196
3240.89	3186
3241.7	3197
3242.5	3245
3243.31	3243
3244.12	3191
3244.92	3255
3245.73	3163
3246.54	3224
3247.34	3257
3248.15	3232
3248.96	3218
3249.76	3226
3250.57	3201
3251.38	3255
3252.18	3236
3252.99	3225
3253.79	3249
3254.6	3241
3255.41	3242
3256.21	3204
3257.02	3286
3257.82	3228
3258.63	3243
3259.43	3267
3260.24	3248
3261.04	3213
3261.85	3226
3262.65	3261
3263.46	3259
3264.26	3315
3265.06	3209
3265.87	3221
3266.67	3260
3267.48	3233
3268.28	3281
3269.08	3237
3269.89	3218
3270.69	3241
3271.49	3222
3272.3	3231
3273.1	3262
3273.9	3238
3274.71	3206
3275.51	3214
3276.31	3255
3277.11	3301
3277.92	3204
3278.72	3174
3279.52	3262
3280.32	3268
3281.13	3240
3281.93	3250
3282.73	3220
3283.53	3243
3284.33	3207
3285.13	3217
3285.93	3215
3286.74	3222
3287.54	3214
3288.34	3238
3289.14	3199
3289.94	3258
3290.74	3209
3291.54	3234
3292.34	3174
3293.14	3175
3293.94	3256
3294.74	3278
3295.54	3256
3296.34	3214
3297.14	3269
3297.94	3237
3298.74	3213
3299.54	3181
3300.34	3204
3301.14	3240
3301.94	3280
3302.74	3234
3303.53	3244
3304.33	3234
3305.13	3219
3305.93	3255
3306.73	3257
3307.53	3257
3308.33	3236
3309.12	3230
3309.92	3225
3310.72	3246
3311.52	3269
3312.32	3229
3313.11	3238
3313.91	3264
3314.71	3260
3315.5	3232
3316.3	3226
3317.1	3290
3317.9	3280
3318.69	3212
3319.49	3301
3320.29	3280
3321.08	3246
3321.88	3257
3322.67	3225
3323.47	3276
3324.27	3248
3325.06	3292
3325.86	3305
3326.65	3294
3327.45	3235
3328.24	3256
3329.04	3257
3329.84	3231
3330.63	3303
3331.43	3304
3332.22	3275
3333.01	3286
3333.81	3280
3334.6	3324
3335.4	3301
3336.19	3293
3336.99	3293
3337.78	3282
3338.58	3277
3339.37	3266
3340.16	3277
3340.96	3288
3341.75	3271
3342.54	3258
3343.34	3246
3344.13	3282
3344.92	3300
3345.72	3300
3346.51	3289
3347.3	3315
3348.1	3342
3348.89	3296
3349.68	3317
3350.47	3339
3351.26	3340
3352.06	3345
3352.85	3300
3353.64	3339
3354.43	3272
3355.22	3315
3356.02	3323
3356.81	3313
3357.6	3295
3358.39	3301
3359.18	3287
3359.97	3281
3360.76	3291
3361.55	3324
3362.34	3278
3363.13	3315
3363.93	3307
3364.72	3295
3365.51	3288
3366.3	3281
3367.09	3308
3367.88	3290
3368.67	3323
3369.46	3323
3370.25	3325
3371.03	3311
3371.82	3269
3372.61	3264
3373.4	3350
3374.19	3315
3374.98	3315
3375.77	3308
3376.56	3335
3377.35	3348
3378.14	3302
3378.92	3284
3379.71	3325
3380.5	3288
3381.29	3304
3382.08	3272
3382.86	3296
3383.65	3293
3384.44	3303
3385.23	3293
3386.01	3260
3386.8	3305
3387.59	3264
3388.38	3261
3389.16	3351
3389.95	3261
3390.74	3332
3391.52	3283
3392.31	3318
3393.1	3244
3393.88	3274
3394.67	3291
3395.45	3266
3396.24	3263
3397.03	3301
3397.81	3273
3398.6	3270
3399.38	3235
3400.17	3318
3400.95	3242
3401.74	3200
3402.52	3246
3403.31	3271
3404.09	3199
3404.88	3262
3405.66	3241
3406.45	3236
3407.23	3264
3408.02	3225
3408.8	3244
3409.59	3233
3410.37	3230
3411.15	3220
3411.94	3263
3412.72	3187
3413.51	3192
3414.29	3207
3415.07	3207
3415.86	3166
3416.64	3193
3417.42	3238
3418.2	3208
3418.99	3188
3419.77	3214
3420.55	3227
3421.34	3179
3422.12	3160
3422.9	3147
3423.68	3161
3424.47	3229
3425.25	3186
3426.03	3140
3426.81	3191
3427.59	3179
3428.37	3179
3429.16	3206
3429.94	3132
3430.72	3089
3431.5	3181
3432.28	3152
3433.06	3192
3433.84	3149
3434.62	3125
3435.4	3129
3436.18	3089
3436.96	3154
3437.74	3090
3438.52	3088
3439.3	3082
3440.08	3100
3440.86	3146
3441.64	3067
3442.42	3072
3443.2	3109
3443.98	3101
3444.76	3075
3445.54	3060
3446.32	3091
3447.1	3084
3447.88	3072
3448.66	3031
3449.43	3047
3450.21	3029
3450.99	3023
3451.77	3044
3452.55	2964
3453.33	3004
3454.11	2975
3454.88	3010
3455.66	2991
3456.44	3014
3457.22	2963
3457.99	2961
3458.77	2975
3459.55	2955
3460.32	2951
3461.1	2916
3461.88	2938
3462.66	2929
3463.43	2928
3464.21	2890
3464.99	2921
3465.76	2916
3466.54	2865
3467.31	2886
3468.09	2873
3468.87	2881
3469.64	2841
3470.42	2893
3471.19	2828
3471.97	2831
3472.74	2813
3473.52	2841.5
3474.3	2870
3475.07	2829
3475.85	2810
3476.62	2777
3477.4	2832
3478.17	2797
3478.94	2738
3479.72	2737
3480.49	2711
3481.27	2774
3482.04	2734
3482.82	2776
3483.59	2704
3484.36	2725
3485.14	2769
3485.91	2670
3486.68	2692
3487.46	2683
3488.23	2634
3489	2716
3489.78	2653
3490.55	2697
3491.32	2610
3492.1	2642
3492.87	2617
3493.64	2602
3494.41	2598
3495.19	2606
3495.96	2599
3496.73	2593
3497.5	2550
3498.27	2602
3499.05	2571
3499.82	2549
3500.59	2553
3501.36	2540
3502.13	2536
3502.9	2532
3503.67	2506
3504.45	2509
3505.22	2489
3505.99	2456
3506.76	2465
3507.53	2466
3508.3	2515
3509.07	2491
3509.84	2481
3510.61	2423
3511.38	2397
3512.15	2420
3512.92	2382
3513.69	2401
3514.46	2420
3515.23	2415
3516	2372
3516.77	2396
3517.54	2336
3518.31	2361
3519.08	2322
3519.85	2371
3520.61	2338
3521.38	2319
3522.15	2336
3522.92	2299
3523.69	2292
3524.46	2292
3525.22	2263
3525.99	2261
3526.76	2295
3527.53	2257
3528.3	2307
3529.06	2263
3529.83	2250
3530.6	2208
3531.37	2246
3532.13	2211
3532.9	2191
3533.67	2240
3534.44	2199
3535.2	2213
3535.97	2196
3536.74	2153
3537.5	2221
3538.27	2190
3539.04	2200
3539.8	2150
3540.57	2167
3541.33	2166
3542.1	2154
3542.86	2169
3543.63	2123
3544.4	2086
3545.16	2115
3545.93	2114
3546.69	2122
3547.46	2116
3548.22	2112
3548.99	2106
3549.75	2101
3550.52	2058
3551.28	2071
3552.05	2066
3552.81	2075
3553.58	2077
3554.34	2064
3555.1	1996
3555.87	2041
3556.63	2034
3557.4	2009
3558.16	2032
3558.92	2010
3559.69	2008
3560.45	2010
3561.21	2005
3561.98	1970
3562.74	1937
3563.5	1998
3564.27	1956
3565.03	1941
3565.79	1943
3566.55	1940
3567.32	1971
3568.08	1946
3568.84	1928
3569.6	1946
3570.36	1895
3571.13	1907
3571.89	1868
3572.65	1936
3573.41	1886
3574.17	1929
3574.93	1875
3575.7	1898
3576.46	1882
3577.22	1873
3577.98	1843
3578.74	1875
3579.5	1847
3580.26	1862
3581.02	1829
3581.78	1823
3582.54	1851
3583.3	1821
3584.06	1792
3584.82	1805
3585.58	1821
3586.34	1773
3587.1	1758
3587.86	1786
3588.62	1794
3589.38	1744
3590.14	1762
3590.9	1785
3591.66	1775
3592.42	1726
3593.18	1745
3593.94	1746
3594.69	1705
3595.45	1706
3596.21	1724
3596.97	1733
3597.73	1712
3598.49	1713
3599.24	1694
3600	1680
3600.76	1637
3601.52	1693
3602.28	1669
3603.03	1704
3603.79	1658
3604.55	1674
3605.31	1658
3606.06	1631
3606.82	1649
3607.58	1626
3608.33	1645
3609.09	1647
3609.85	1599
3610.6	1637
3611.36	1598
3612.12	1605
3612.87	1611
3613.63	1575
3614.38	1565
3615.14	1591
3615.9	1584
3616.65	1591
3617.41	1537
3618.16	1587
3618.92	1594
3619.67	1545
3620.43	1512
3621.18	1519
3621.94	1520
3622.69	1487
3623.45	1550
3624.2	1517
3624.96	1543
3625.71	1523
3626.47	1502
3627.22	1454
3627.97	1517
3628.73	1528
3629.48	1466
3630.24	1443
3630.99	1474
3631.74	1499
3632.5	1453
3633.25	1458
3634	1441
3634.76	1409
3635.51	1447
3636.26	1423
3637.02	1425
3637.77	1401
3638.52	1396
3639.27	1405
3640.03	1350
3640.78	1400
3641.53	1373
3642.28	1394
3643.04	1373
3643.79	1363
3644.54	1415
3645.29	1327
3646.04	1320
3646.79	1323
3647.55	1315
3648.3	1341
3649.05	1319
3649.8	1312
3650.55	1289
3651.3	1296
3652.05	1332
3652.8	1312
3653.55	1278
3654.3	1278
3655.06	1296
3655.81	1256
3656.56	1231
3657.31	1234
3658.06	1274
3658.81	1247
3659.56	1228
3660.31	1233
3661.06	1248
3661.8	1223
3662.55	1219
3663.3	1207
3664.05	1182
3664.8	1203
3665.55	1182
3666.3	1179
3667.05	1197
3667.8	1189
3668.55	1158
3669.29	1165
3670.04	1148
3670.79	1177
3671.54	1125
3672.29	1145
3673.04	1155
3673.78	1116
3674.53	1148
3675.28	1126
3676.03	1095
3676.77	1123
3677.52	1110
3678.27	1114
3679.02	1092.18
3679.76	1074.85
3680.51	1102.84
3681.26	1078.74
3682	1084.91
3682.75	1091.92
3683.5	1064.05
3684.24	1067.24
3684.99	1064.75
3685.74	1061.46
3686.48	1056.01
3687.23	1060.51
3687.97	1032
3688.72	1035.74
3689.47	1031.64
3690.21	1037.87
3690.96	1024.59
3691.7	1033.75
3692.45	1016.95
3693.19	1040.51
3693.94	1033.01
3694.68	1008.31
3695.43	1006.23
3696.17	1015.17
3696.92	1015.22
3697.66	1015.58
3698.41	1022.46
3699.15	975.404
3699.9	984.813
3700.64	996.383
3701.38	985.005
3702.13	969.674
3702.87	995.251
3703.62	1007.98
3704.36	968.479
3705.1	974.263
3705.85	955.607
3706.59	961.842
3707.33	959.333
3708.08	964.147
3708.82	948.089
3709.56	955.861
3710.31	939.855
3711.05	965.467
3711.79	923.564
3712.53	933.132
3713.28	949.64
3714.02	954.684
3714.76	940.817
3715.5	923.053
3716.25	929.053
3716.99	924.635
3717.73	935.094
3718.47	926.312
3719.21	924.199
3719.96	922.607
3720.7	923.981
3721.44	913.831
3722.18	917.374
3722.92	907.996
3723.66	912.05
3724.4	914.349
3725.14	905.998
3725.88	900.613
3726.63	904.925
3727.37	910.842
3728.11	901.619
3728.85	911.95
3729.59	920.457
3730.33	910.747
3731.07	891.427
3731.81	895.036
3732.55	890.629
3733.29	885.078
3734.03	902.779
3734.77	883.107
3735.51	883.15
3736.25	883.033
3736.99	897.543
3737.72	886.537
3738.46	876.977
3739.2	878.949
3739.94	878.623
3740.68	851.12
3741.42	879.364
3742.16	888.53
3742.9	870.094
3743.63	868.395
3744.37	890.284
3745.11	903.345
3745.85	879.983
3746.59	870.74
3747.32	877.032
3748.06	895.954
3748.8	898.917
3749.54	870.486
3750.27	902.135
3751.01	894.793
3751.75	864.775
3752.49	894.307
3753.22	848.085
3753.27	845
3754.01	844
3754.75	839
3755.49	870
3756.23	890
3756.97	865
3757.71	859
3758.45	855
3759.2	887
3759.94	867
3760.68	877
3761.42	868
3762.16	878
3762.9	888
3763.64	837
3764.38	871
3765.12	865
3765.86	859
3766.59	847
3767.33	890
3768.07	835
3768.81	845
3769.55	895
3770.29	884
3771.03	834
3771.77	859
3772.51	899
3773.25	865
3773.99	855
3774.72	866
3775.46	843
3776.2	891
3776.94	872
3777.68	886
3778.41	857
3779.15	853
3779.89	861
3780.63	873
3781.37	854
3782.1	863
3782.84	882
3783.58	855
3784.31	871
3785.05	864
3785.79	859
3786.53	868
3787.26	869
3788	854
3788.74	859.5
3789.47	865
3790.21	866
3790.94	859
3791.68	876
3792.42	872
3793.15	847
3793.89	885
3794.62	875
3795.36	858
3796.1	864
3796.83	846
3797.57	855
3798.3	864
3799.04	863
3799.77	885
3800.51	865
3801.24	850
3801.98	886
3802.71	856
3803.45	843
3804.18	873
3804.92	858
3805.65	875
3806.38	861
3807.12	837
3807.85	860
3808.59	861
3809.32	873
3810.05	856
3810.79	861
3811.52	843
3812.25	862
3812.99	860
3813.72	851
3814.45	835
3815.19	886
3815.92	880
3816.65	874
3817.39	853
3818.12	870
3818.85	869
3819.58	884
3820.32	895
3821.05	871
3821.78	846
3822.51	822
3823.24	859
3823.98	839
3824.71	845
3825.44	867
3826.17	836
3826.9	846
3827.63	849
3828.36	850
3829.1	841
3829.83	844
3830.56	830
3831.29	844
3832.02	843
3832.75	822
3833.48	820
3834.21	819
3834.94	861
3835.67	839
3836.4	839
3837.13	843
3837.86	845
3838.59	837
3839.32	841
3840.05	822
3840.78	847
3841.51	826
3842.24	844
3842.97	848
3843.7	807
3844.43	843
3845.16	816
3845.89	818
3846.62	833
3847.34	838
3848.07	819
3848.8	813
3849.53	830
3850.26	806
3850.99	803
3851.72	798
3852.44	802
3853.17	822
3853.9	822
3854.63	820
3855.36	806
3856.08	844
3856.81	788
3857.54	805
3858.26	797
3858.99	803
3859.72	796
3860.45	815
3861.17	826
3861.9	819
3862.63	780
3863.35	795
3864.08	795
3864.81	802
3865.53	817
3866.26	790
3866.99	825
3867.71	819
3868.44	776
3869.16	775
3869.89	786
3870.61	807
3871.34	780
3872.07	798
3872.79	800
3873.52	778
3874.24	789
3874.97	806
3875.69	774
3876.42	796
3877.14	784
3877.87	817
3878.59	774
3879.31	812
3880.04	784
3880.76	794
3881.49	795
3882.21	778
3882.94	777
3883.66	786
3884.38	774
3885.11	797
3885.83	776
3886.55	778
3887.28	798
3888	770
3888.72	789
3889.45	783
3890.17	771
3890.89	771
3891.62	761
3892.34	768
3893.06	802
3893.79	769
3894.51	797
3895.23	784
3895.95	780
3896.67	799
3897.4	768
3898.12	776
3898.84	760
3899.56	786
3900.28	783
3901.01	786
3901.73	729
3902.45	788
3903.17	764
3903.89	778
3904.61	764
3905.33	770
3906.05	771
3906.78	779
3907.5	795
3908.22	770
3908.94	774
3909.66	776
3910.38	774
3911.1	790
3911.82	785
3912.54	740
3913.26	768
3913.98	771
3914.7	779
3915.42	771
3916.14	758
3916.86	788
3917.58	786
3918.3	765
3919.02	768
3919.73	759
3920.45	765
3921.17	778
3921.89	785
3922.61	761
3923.33	771
3924.05	779
3924.77	771
3925.48	772
3926.2	771
3926.92	771
3927.64	766
3928.36	763
3929.08	753
3929.79	781
3930.51	778
3931.23	765
3931.95	767
3932.66	757
3933.38	755
3934.1	764
3934.82	765
3935.53	761
3936.25	756
3936.97	756
3937.68	762
3938.4	764
3939.12	739
3939.83	760
3940.55	768
3941.27	770
3941.98	773
3942.7	750
3943.41	754
3944.13	748
3944.85	776
3945.56	765
3946.28	758
3946.99	756
3947.71	762
3948.42	765
3949.14	753
3949.85	758
3950.57	760
3951.28	768
3952	761
3952.71	762
3953.43	782
3954.14	743
3954.86	735
3955.57	744
3956.29	755
3957	755
3957.71	745
3958.43	743
3959.14	742
3959.86	764
3960.57	778
3961.28	761
3962	749
3962.71	741
3963.42	758
3964.14	752
3964.85	753
3965.56	745
3966.28	748
3966.99	744
3967.7	743
3968.41	736
3969.13	749
3969.84	757
3970.55	747
3971.26	739
3971.98	745
3972.69	735
3973.4	733
3974.11	752
3974.83	747
3975.54	744
3976.25	742
3976.96	733
3977.67	755
3978.38	693
3979.09	739
3979.81	757
3980.52	714
3981.23	749
3981.94	753
3982.65	724
3983.36	718
3984.07	721
3984.78	719
3985.49	728
3986.2	724
3986.91	737
3987.62	716
3988.33	759
3989.04	701
3989.75	739
3990.46	736
3991.17	715
3991.88	732
3992.59	759
3993.3	726
3994.01	739
3994.72	725
3995.43	720
3996.14	696
3996.85	735
3997.56	734
3998.26	746
3998.97	754
3999.68	729
