50.6108	29438
51.4372	29845
52.2635	30204
53.0887	30160
53.9148	29779
54.7407	29621
55.5656	29119
56.3914	28686
57.2161	28331
58.0416	27769
58.8671	27277
59.6914	26809
60.5166	26427
61.3408	26044
62.1658	25735
62.9897	25059
63.8145	24873
64.6382	24341
65.4628	23890
66.2863	23564
67.1107	23111
67.9339	22528
68.7581	22323
69.5812	21934
70.4051	21583
71.228	21161
72.0517	20571
72.8743	20221
73.6978	19778
74.5203	19427
75.3436	19182
76.1658	18582
76.9879	18217
77.8109	18004
78.6328	17770
79.4555	17237
80.2772	17041
81.0988	16618
81.9212	16398
82.7426	16032
83.5638	15894
84.3859	15537
85.207	15379
86.0279	15007
86.8497	14659
87.6704	14400
88.491	14193
89.3115	13983
90.1329	13658
90.9532	13454
91.7734	13202
92.5935	12930
93.4144	12687
94.2343	12474
95.0541	12233
95.8737	12070
96.6933	11812
97.5137	11563
98.333	11485
99.1523	11219
99.9714	11023
100.79	10721
101.609	10585
102.429	10308
103.248	10235
104.066	10078
104.885	9905
105.703	9774
106.522	9543
107.34	9480
108.158	9254
108.976	8950
109.794	8927
110.612	8735
111.43	8568
112.247	8405
113.065	8201
113.882	8135
114.699	7997
115.517	7836
116.334	7689
117.15	7565
117.967	7434
118.784	7317
119.6	7213
120.416	6972
121.232	6916
122.049	6773
122.865	6571
123.681	6574
124.497	6447
125.313	6321
126.128	6168
126.944	6104
127.76	5866
128.575	5889
129.389	5711
130.204	5672
131.02	5559
131.835	5573
132.649	5435
133.464	5329
134.278	5250
135.093	5204
135.907	5151
136.721	5068
137.535	5016
138.349	4933
139.163	4813
139.977	4751
140.79	4746
141.603	4635
142.417	4526
143.231	4463
144.043	4446
144.856	4340
145.67	4277
146.482	4283
147.295	4239
148.108	4161
148.919	4079
149.732	4039
150.545	4006
151.356	3903
152.169	3894
152.98	3825
153.792	3786
154.604	3780
155.415	3714
156.227	3645
157.038	3644
157.849	3573
158.66	3581
159.471	3551
160.282	3514
161.093	3522
161.903	3451
162.714	3441
163.524	3399
164.335	3322
165.145	3348
165.955	3305
166.765	3220
167.575	3206
168.384	3177
169.195	3155
170.004	3125
170.813	3066
171.623	3007
172.431	3047
173.241	2927
174.05	2979
174.858	2909
175.667	2877
176.476	2820
177.284	2841
178.093	2827
178.901	2790
179.709	2760
180.517	2746
181.325	2732
182.133	2739
182.941	2763
183.748	2739
184.556	2703
185.363	2692
186.171	2672
186.978	2609
187.784	2639
188.591	2638
189.399	2591
190.205	2593
191.012	2539
191.818	2544
192.624	2494
193.43	2498
194.237	2539
195.043	2465
195.849	2464
196.655	2482
197.46	2447
198.266	2433
199.071	2438
199.876	2436
200.682	2401
201.487	2392
202.292	2408
203.097	2396
203.902	2280
204.707	2318
205.511	2354
206.316	2338
207.12	2352
207.924	2330
208.728	2283
209.532	2332
210.336	2307
211.14	2299
211.944	2275
212.747	2204
213.551	2272
214.354	2229
215.158	2208
215.96	2212
216.763	2245
217.566	2240
218.369	2201
219.172	2185
219.974	2159
220.777	2221
221.579	2150
222.381	2125
223.183	2138
223.985	2114
224.787	2147
225.589	2105
226.391	2059
227.192	2102
227.994	2062
228.795	2034
229.597	2010
230.397	2045
231.198	1956
231.999	1954
232.8	1970
233.6	1941
234.401	1945
235.202	1931
236.003	1922
236.802	1902
237.603	1894
238.403	1874
239.202	1887
240.002	1878
240.801	1851
241.601	1881
242.401	1871
243.2	1869
244	1908
244.799	1896
245.597	1879
246.397	1856
247.195	1835
247.994	1839
248.792	1838
249.591	1834
250.389	1814
251.188	1852
251.985	1840
252.784	1842
253.581	1836
254.379	1831
255.177	1810
255.975	1811
256.772	1818
257.57	1825
258.366	1806
259.164	1817
259.961	1783
260.758	1782
261.555	1817
262.351	1802
263.148	1822
263.944	1818
264.74	1798
265.537	1792
266.333	1795
267.129	1796
267.925	1752
268.721	1782
269.516	1752
270.312	1750
271.107	1739
271.902	1732
272.698	1729
273.493	1738
274.288	1722
275.083	1682
275.878	1681
276.673	1693
277.467	1693
278.262	1650
279.057	1670
279.851	1680
280.645	1648
281.439	1658
282.232	1645
283.026	1660
283.821	1621
284.614	1626
285.407	1664
286.201	1662
286.994	1625
287.787	1649
288.58	1587
289.373	1628
290.165	1599
290.958	1597
291.752	1603
292.544	1563
293.336	1573
294.129	1527
294.921	1582
295.713	1547
296.505	1571
297.297	1570
298.089	1543
298.88	1561
299.672	1511
300.463	1536
301.255	1509
302.045	1534
302.836	1494
303.627	1505
304.418	1489
305.209	1498
306	1435
306.79	1474
307.581	1459
308.371	1458
309.161	1447
309.951	1444
310.741	1479
311.531	1472
312.321	1460
313.111	1494
313.9	1505
314.689	1468
315.479	1462
316.268	1470
317.058	1455
317.846	1440
318.635	1458
319.424	1456
320.213	1459
321.001	1429
321.79	1423
322.578	1434
323.366	1447
324.154	1448
324.943	1438
325.73	1443
326.518	1470
327.306	1444
328.093	1427
328.881	1442
329.668	1435
330.456	1386
331.243	1409
332.03	1438
332.817	1419
333.603	1400
334.39	1453
335.177	1422
335.963	1430
336.75	1443
337.536	1433
338.323	1449
339.108	1451
339.895	1438
340.68	1431
341.466	1456
342.252	1454
343.038	1446
343.823	1470
344.608	1459
345.393	1484
346.178	1471
346.964	1479
347.748	1506
348.532	1460
349.318	1518
350.102	1474
350.887	1532
351.671	1530
352.455	1563
353.24	1536
354.023	1526
354.807	1510
355.591	1506
356.375	1508
357.158	1518
357.941	1540
358.725	1535
359.508	1508
360.291	1574
361.074	1536
361.858	1499
362.641	1527
363.423	1521
364.205	1551
364.988	1564
365.771	1613
366.553	1631
367.335	1614
368.117	1676
368.899	1670
369.681	1678
370.463	1749
371.245	1769
372.026	1768
372.807	1795
373.589	1802
374.37	1845
375.151	1820
375.932	1790
376.713	1780
377.493	1765
378.274	1713
379.055	1700
379.835	1685
380.615	1642
381.396	1645
382.176	1658
382.956	1615
383.736	1588
384.516	1573
385.296	1561
386.075	1526
386.855	1526
387.634	1505
388.414	1475
389.193	1481
389.972	1485
390.751	1456
391.529	1503
392.308	1450
393.087	1433
393.866	1482
394.644	1431
395.423	1473
396.2	1498
396.978	1485
397.757	1453
398.535	1478
399.313	1502
400.09	1494
400.867	1498
401.645	1465
402.423	1514
403.199	1497
403.977	1536
404.754	1544
405.531	1513
406.307	1542
407.084	1577
407.861	1598
408.637	1631
409.414	1603
410.191	1616
410.966	1639
411.743	1670
412.518	1679
413.294	1737
414.07	1747
414.845	1814
415.621	1884
416.396	1909
417.172	1946
417.947	2003
418.722	2053
419.497	2147
420.272	2202
421.047	2301
421.822	2349
422.597	2461
423.371	2535
424.145	2580
424.919	2706
425.693	2787
426.468	2895
427.241	2975
428.016	3036
428.789	3079
429.562	3165
430.336	3148
431.109	3201
431.883	3258
432.656	3183
433.429	3246
434.203	3178
434.975	3167
435.748	3057
436.521	3011
437.293	2997
438.065	2901
438.839	2817
439.611	2739
440.382	2662
441.154	2608
441.927	2552
442.698	2482
443.47	2437
444.241	2376
445.014	2299
445.785	2266
446.556	2243
447.327	2165
448.098	2140
448.869	2141
449.64	2124
450.411	2033
451.182	1983
451.952	1961
452.722	1913
453.493	1895
454.263	1800
455.033	1756
455.803	1744
456.573	1687
457.343	1656
458.113	1622
458.883	1583
459.652	1589
460.422	1566
461.191	1493
461.96	1482
462.729	1415
463.498	1396
464.267	1385
465.036	1364
465.805	1349
466.572	1293
467.341	1312
468.109	1314
468.878	1289
469.646	1296
470.414	1274
471.182	1301
471.95	1277
472.718	1223
473.485	1224
474.252	1182
475.02	1224
475.787	1143
476.555	1192
477.322	1175
478.088	1186
478.855	1171
479.622	1179
480.389	1187
481.155	1143
481.922	1197
482.688	1129
483.455	1123
484.22	1095
484.987	1091
485.753	1051
486.518	1037
487.284	1027
488.05	1049
488.815	1051
489.581	1015
490.346	1053
491.111	1061
491.876	1111
492.641	1066
493.406	1089
494.171	1042
494.935	1079
495.7	1102
496.464	1114
497.229	1084
497.993	1086
498.757	1077
499.521	1117
500.285	1138
501.049	1140
501.813	1157
502.576	1190
503.34	1199
504.103	1171
504.867	1124
505.63	1146
506.394	1103
507.156	1104
507.919	1084
508.682	1058
509.444	1051
510.208	1007
510.97	1022
511.732	1008
512.495	994
513.257	1008
514.018	990
514.781	1058
515.542	1035
516.304	1012
517.066	1013
517.828	990
518.589	1004
519.35	1016
520.112	1011
520.873	1005
521.634	987
522.394	980
523.156	952
523.916	976
524.677	977
525.437	955
526.197	938
526.958	944
527.719	949
528.479	948
529.238	937
529.998	980
530.758	940
531.517	940
532.277	920
533.036	954
533.796	942
534.555	939
535.314	953
536.074	951
536.833	921
537.592	924
538.35	921
539.109	874
539.868	884
540.626	846
541.384	865
542.142	872
542.9	879
543.658	900
544.416	905
545.174	925
545.932	964
546.69	964
547.447	967
548.205	961
548.962	971
549.719	1019
550.476	987
551.233	981
551.99	972
552.747	981
553.504	953
554.26	971
555.016	940
555.773	973
556.529	929
557.286	897
558.041	912
558.797	918
559.553	888
560.309	896
561.064	898
561.82	920
562.576	907
563.331	934
564.086	924
564.842	914
565.596	921
566.351	928
567.106	895
567.861	934
568.616	923
569.37	910
570.125	903
570.878	900
571.633	892
572.388	888
573.141	886
573.895	894
574.649	891
575.403	859
576.156	862
576.91	884
577.663	860
578.417	837
579.169	826
579.923	819
580.676	825
581.428	778
582.181	814
582.934	793
583.687	768
584.439	786
585.191	798
585.944	796
586.696	843
587.447	888
588.2	894
588.951	966
589.703	984
590.455	1009
591.207	1077
591.958	1081
592.71	1105
593.461	1126
594.212	1093
594.962	1117
595.714	1115
596.465	1164
597.215	1172
597.966	1182
598.717	1217
599.467	1267
600.217	1264
600.967	1208
601.717	1172
602.467	1127
603.218	1086
603.968	1026
604.717	989.5
605.467	953
606.216	934
606.966	928
607.715	918
608.464	883
609.213	895
609.962	928
610.711	892
611.46	936
612.208	907
612.957	934
613.706	933
614.454	928
615.202	938
615.95	949
616.699	907
617.447	904
618.195	906
618.942	899
619.69	887
620.438	889
621.185	884
621.933	882
622.679	859
623.427	854
624.174	844
624.921	873
625.668	850
626.415	826
627.161	822
627.908	826
628.654	836
629.401	845
630.147	814
630.893	832
631.639	836
632.385	851
633.132	844
633.877	867
634.623	839
635.368	857
636.113	845
636.859	874
637.604	896
638.349	906
639.094	911
639.84	888
640.584	846
641.329	916
642.073	928
642.818	901
643.563	939
644.307	911
645.051	875
645.795	889
646.539	881
647.283	879
648.027	844
648.771	829
649.515	849
650.258	800
651.002	824
651.745	796
652.488	782
653.231	807
653.975	801
654.717	786
655.46	808
656.203	799
656.945	797
657.688	798
658.43	818
659.172	775
659.915	787
660.657	822
661.399	813
662.141	825
662.883	799
663.624	785
664.366	816
665.108	837
665.849	827
666.59	825
667.332	812
668.073	832
668.814	825
669.554	814
670.296	803
671.036	801
671.777	780
672.517	768
673.258	762
673.998	768
674.739	777
675.479	773
676.219	799
676.959	822
677.698	795
678.438	802
679.177	809
679.917	817
680.656	763
681.396	788
682.135	773
682.874	798
683.613	785
684.352	775
685.091	799
685.829	811
686.568	816
687.307	825
688.045	813
688.783	812
689.522	804
690.26	802
690.998	818
691.736	789
692.474	819
693.212	788
693.95	797
694.686	776
695.424	773
696.161	773
696.899	746
697.636	774
698.373	802
699.109	763
699.846	829
700.583	794
701.32	809
702.056	839
702.793	827
703.529	823
704.266	834
705.001	837
705.738	794
706.474	793
707.209	791
707.945	814
708.681	792
709.416	795
710.152	792
710.887	790
711.622	765
712.358	788
713.092	797
713.827	777
714.563	774
715.297	761
716.032	797
716.766	776
717.501	760
718.235	736
718.969	779
719.703	747
720.438	758
721.171	755
721.906	804
722.639	800
723.373	805
724.106	821
724.839	824
725.573	813
726.306	837
727.04	844
727.772	808
728.505	815
729.239	801
729.971	813
730.703	801
731.436	793
732.169	787
732.901	787
733.634	786
734.366	771
735.097	770
735.83	784
736.562	775
737.293	786
738.025	799
738.756	778
739.488	777
740.219	767
740.951	762
741.682	767
742.413	813
743.144	757
743.875	770
744.606	781
745.336	761
746.067	776
746.797	792
747.528	792
748.258	787
748.988	793
749.718	810
750.448	808
751.179	812
751.908	817
752.638	827
753.368	812
754.097	813
754.827	835
755.556	831
756.284	830
757.014	820
757.743	837
758.472	827
759.201	835
759.929	840
760.658	822
761.387	831
762.115	850
762.844	815
763.571	826
764.299	840
765.028	823.515
765.756	838.787
766.484	843.139
767.212	822.176
767.939	834.552
768.666	841.373
769.394	831.656
770.122	844.675
770.848	848.763
771.576	837.131
772.303	823.39
773.03	836.222
773.756	843.974
774.483	841.451
775.21	860.27
775.936	852.289
776.663	882.005
777.39	866.876
778.115	853.677
778.842	856.813
779.568	853.921
780.294	878.767
781.02	878.221
781.745	872.866
782.471	863.637
783.197	887.638
783.922	894.709
784.648	893.701
785.373	901.017
786.099	900.512
786.823	896.894
787.549	889.022
788.273	917.091
788.999	940.167
789.723	921.225
790.447	943.124
791.172	953.518
791.896	933.971
792.621	942.455
793.345	950.519
794.07	957.737
794.793	930.881
795.517	936.94
796.241	934.666
796.965	960.068
797.688	963.629
798.412	971.371
799.135	953.377
799.858	969.522
800.582	985.651
801.305	992.279
802.028	1011.48
802.751	1025.1
803.474	1024.86
804.197	1040.3
804.919	1059.31
805.642	1061.53
806.365	1069.03
807.087	1078.31
807.809	1049.28
808.531	1051.14
809.253	1071.14
809.975	1048.89
810.698	1047.6
811.419	1041.32
812.141	1057.9
812.863	1078.28
813.584	1090.83
814.305	1080.9
815.027	1081.59
815.748	1099.87
816.469	1131
817.19	1157.61
817.911	1159.71
818.632	1178.78
819.353	1185.58
820.074	1223.28
820.794	1249.55
821.514	1259.48
822.234	1293.73
822.955	1320.51
823.675	1332.49
824.395	1348.12
825.115	1377.65
825.835	1395.63
826.555	1432.54
827.274	1453.94
827.994	1523.8
828.714	1501.89
829.433	1581.05
830.152	1601.19
830.871	1637.23
831.59	1663.66
832.31	1665.99
833.029	1653.94
833.747	1615.13
834.466	1545.09
835.185	1567.18
835.903	1537.25
836.622	1540.16
837.34	1522.51
838.058	1533.63
838.747	1499
839.47	1462
840.191	1453
840.914	1390
841.635	1375
842.357	1380
843.079	1365
843.801	1347
844.522	1341
845.244	1307
845.965	1323
846.686	1320
847.407	1349
848.128	1366
848.85	1402
849.57	1375
850.291	1422
851.012	1455
851.732	1439
852.452	1498
853.173	1492
853.893	1485
854.613	1555
855.334	1589
856.054	1605
856.773	1664
857.494	1702
858.213	1755
858.933	1781
859.652	1850
860.372	1924
861.091	1958
861.81	2097
862.529	2143
863.249	2203
863.968	2310
864.686	2447
865.405	2576
866.123	2713
866.842	2884
867.561	3059
868.279	3280
868.997	3571
869.716	3897
870.434	4217
871.152	4593
871.869	5058
872.587	5661.5
873.306	6265
874.023	6992
874.741	7674
875.458	8583
876.175	9665
876.893	10700
877.61	11868
878.327	12979
879.044	13959
879.761	14920
880.477	15581
881.194	15975.5
881.911	16370
882.627	16184
883.344	15816
884.06	15207
884.776	14474
885.492	13640
886.208	12639
886.924	11566
887.64	10459
888.355	9509
889.071	8469
889.787	7604
890.503	6793
891.218	6051
891.932	5376
892.648	4838
893.363	4432
894.078	3941
894.793	3689
895.507	3389
896.222	3109
896.937	2900
897.652	2725
898.366	2571
899.08	2442
899.795	2319
900.509	2215
901.223	2126
901.937	2033
902.651	1947
903.365	1869
904.078	1806
904.792	1720
905.505	1725
906.218	1663
906.932	1611
907.645	1603
908.358	1558
909.071	1500
909.784	1478
910.497	1488
911.21	1454
911.922	1398
912.635	1388
913.347	1367
914.06	1314
914.771	1266
915.484	1264
916.196	1247
916.908	1256
917.62	1238
918.332	1218
919.044	1255
919.755	1206
920.467	1173
921.178	1190
921.889	1168
922.601	1168
923.311	1150
924.023	1149
924.733	1157
925.445	1155
926.155	1153
926.866	1146
927.577	1159
928.287	1144
928.997	1106
929.708	1135
930.418	1158
931.128	1110
931.838	1120
932.548	1092
933.257	1139
933.968	1109
934.677	1063
935.386	1099
936.096	1051
936.806	1093
937.515	1040
938.224	1030
938.933	1060
939.642	1011
940.351	1033
941.06	1014
941.768	993
942.477	1005
943.186	1022
943.894	1016
944.602	1036
945.31	1020
946.018	965
946.726	992
947.434	964
948.143	980
948.851	985
949.558	986
950.266	953
950.973	976
951.681	993
952.388	949
953.095	945
953.802	984
954.509	961
955.216	934
955.923	941
956.63	965
957.336	947
958.043	931
958.75	970
959.456	950
960.162	937
960.869	929
961.575	958
962.281	933
962.987	932
963.692	932
964.398	893
965.103	927
965.809	896
966.515	911
967.22	912
967.926	893
968.63	874
969.335	880
970.04	892
970.745	902
971.451	900
972.155	898
972.859	903
973.564	893
974.269	920
974.972	935
975.677	929
976.381	931
977.086	946
977.789	967
978.493	963
979.197	963
979.9	996
980.604	1009
981.308	981
982.011	972
982.715	1024
983.418	974
984.121	1005
984.824	1009
985.527	1013
986.23	1042
986.933	1019
987.635	1030
988.338	1013
989.04	1014
989.743	1016
990.445	1036
991.147	1032
991.849	1044
992.552	1035
993.253	1111
993.956	1054
994.657	1058
995.359	1109
996.06	1124
996.762	1115
997.463	1111
998.165	1115
998.866	1136
999.567	1112
1000.27	1160
1000.97	1170
1001.67	1154
1002.37	1133
1003.07	1152
1003.77	1172
1004.47	1165
1005.17	1173
1005.87	1195
1006.57	1204
1007.27	1206
1007.97	1223
1008.67	1241
1009.37	1237
1010.07	1277
1010.77	1309
1011.47	1331
1012.17	1368
1012.87	1373
1013.57	1403
1014.27	1426
1014.97	1469
1015.67	1512
1016.37	1553
1017.07	1605
1017.76	1677
1018.46	1668
1019.16	1729
1019.86	1746
1020.56	1788
1021.26	1833
1021.95	1878
1022.65	1901
1023.35	1884
1024.05	1952
1024.75	2019
1025.44	2050
1026.14	2097
1026.84	2100
1027.54	2153
1028.23	2195
1028.93	2259
1029.63	2346
1030.33	2397
1031.02	2460
1031.72	2539
1032.42	2594
1033.11	2679
1033.81	2722
1034.51	2806
1035.2	2903
1035.9	2916
1036.6	3016
1037.29	3031
1037.99	3107
1038.68	3146
1039.38	3287
1040.08	3336
1040.77	3395
1041.47	3564
1042.16	3592
1042.86	3728
1043.55	3792
1044.25	3945
1044.94	4069
1045.64	4101
1046.33	4254
1047.03	4301
1047.72	4377
1048.42	4499
1049.11	4513
1049.81	4510
1050.5	4544
1051.2	4572
1051.89	4501
1052.58	4481
1053.28	4384
1053.97	4403
1054.67	4233
1055.36	4135
1056.05	3976
1056.75	3858
1057.44	3727
1058.14	3501
1058.83	3409
1059.52	3297
1060.22	3206
1060.91	3071
1061.6	2955
1062.29	2861
1062.99	2781
1063.68	2762
1064.37	2640
1065.06	2617
1065.76	2578
1066.45	2520
1067.14	2541
1067.83	2514
1068.53	2468
1069.22	2502
1069.91	2444
1070.6	2480
1071.29	2444
1071.99	2478
1072.68	2511
1073.37	2514
1074.06	2538
1074.75	2550
1075.44	2562
1076.13	2625
1076.82	2656
1077.51	2691
1078.21	2755
1078.9	2796
1079.59	2806
1080.28	2890
1080.97	2983
1081.66	3032
1082.35	3114
1083.04	3221
1083.73	3282
1084.42	3439
1085.11	3461
1085.8	3510
1086.49	3742
1087.18	3778
1087.87	3933
1088.56	4060
1089.25	4095
1089.94	4192
1090.63	4333
1091.32	4380
1092	4540
1092.69	4589
1093.38	4605
1094.07	4709
1094.76	4773
1095.45	4698
1096.14	4632
1096.82	4647
1097.51	4575
1098.2	4504
1098.89	4283
1099.58	4215
1100.27	4041
1100.95	3849
1101.64	3730
1102.33	3616
1103.02	3427
1103.7	3306
1104.39	3181
1105.08	3037
1105.77	2906
1106.45	2817
1107.14	2774
1107.83	2685
1108.51	2611
1109.2	2518
1109.89	2491
1110.57	2469
1111.26	2449
1111.95	2398
1112.63	2334
1113.32	2295
1114.01	2293
1114.69	2279
1115.38	2276
1116.06	2200
1116.75	2211
1117.44	2194
1118.12	2154
1118.81	2160
1119.49	2097
1120.18	2076
1120.86	2100
1121.55	2035
1122.23	2003
1122.92	1963
1123.6	1949
1124.29	1924
1124.97	1922
1125.66	1834
1126.34	1820
1127.03	1751
1127.71	1758
1128.4	1715
1129.08	1722
1129.76	1674
1130.45	1574
1131.13	1564
1131.82	1557
1132.5	1555
1133.18	1491
1133.87	1486
1134.55	1449
1135.23	1408
1135.92	1406
1136.6	1415
1137.28	1402
1137.97	1377
1138.65	1356
1139.33	1341
1140.02	1280
1140.7	1319
1141.38	1308
1142.06	1261
1142.75	1283
1143.43	1270
1144.11	1247
1144.79	1265
1145.47	1238
1146.16	1253
1146.84	1200
1147.52	1208
1148.2	1226
1148.88	1177
1149.56	1187
1150.25	1212
1150.93	1181
1151.61	1143
1152.29	1153
1152.97	1163
1153.65	1158
1154.33	1132
1155.01	1174
1155.69	1136
1156.38	1117
1157.06	1138
1157.74	1113
1158.42	1141
1159.1	1154
1159.78	1103
1160.46	1081
1161.14	1116
1161.82	1112
1162.5	1099
1163.18	1076
1163.86	1099
1164.54	1054
1165.22	1044
1165.9	1075
1166.57	1043
1167.25	1083
1167.93	1047
1168.61	1052
1169.29	1066
1169.97	1038
1170.65	1044
1171.33	1029
1172.01	1006
1172.69	997
1173.36	1007
1174.04	1004
1174.72	1027
1175.4	1000
1176.08	1012
1176.75	1006
1177.43	1009
1178.11	979
1178.79	1011
1179.47	1012
1180.14	1006
1180.82	1018
1181.5	1024
1182.18	978
1182.85	1000
1183.53	985
1184.21	978
1184.88	983
1185.56	985
1186.24	1003
1186.91	1004
1187.59	950
1188.27	987
1188.94	976
1189.62	976
1190.3	930
1190.97	930
1191.65	955
1192.32	927
1193	924
1193.68	951
1194.35	920
1195.03	941
1195.7	939
1196.38	932
1197.05	950
1197.73	936
1198.4	977
1199.08	991
1199.75	954
1200.43	1016
1201.1	1010
1201.78	1032
1202.45	989
1203.13	998
1203.8	996
1204.48	991
1205.15	1010
1205.83	1015
1206.5	1025
1207.17	997
1207.85	982
1208.52	1000
1209.2	1004
1209.87	1001
1210.54	1024
1211.22	1001
1211.89	1025
1212.56	1002
1213.24	1015
1213.91	1027
1214.58	1009
1215.26	998
1215.93	1013
1216.6	1025
1217.28	1005
1217.95	1045
1218.62	1011
1219.29	1057
1219.97	1031
1220.64	1029
1221.31	1053
1221.98	1028
1222.65	1046
1223.33	1048
1224	1050
1224.67	1071
1225.34	1052
1226.01	1053
1226.69	1046
1227.36	1078
1228.03	1067
1228.7	1093
1229.37	1065
1230.04	1079
1230.71	1125
1231.38	1085
1232.06	1147
1232.73	1108
1233.4	1135
1234.07	1120
1234.74	1142
1235.41	1153
1236.08	1159
1236.75	1145
1237.42	1171
1238.09	1164
1238.76	1156
1239.43	1165
1240.1	1202
1240.77	1176
1241.44	1208
1242.11	1184
1242.78	1201
1243.45	1201
1244.12	1203
1244.78	1237
1245.45	1214
1246.12	1278
1246.79	1247
1247.46	1278
1248.13	1283
1248.8	1273
1249.47	1302
1250.14	1313
1250.8	1317
1251.47	1326
1252.14	1334
1252.81	1374
1253.48	1367
1254.14	1402
1254.81	1381
1255.48	1419
1256.15	1441
1256.82	1466
1257.48	1463
1258.15	1473
1258.82	1483
1259.49	1536
1260.15	1581
1260.82	1592
1261.49	1626
1262.15	1693
1262.82	1761
1263.49	1778
1264.15	1839
1264.82	1865
1265.49	1918
1266.15	1959
1266.82	2032
1267.49	2073
1268.15	2130
1268.82	2184
1269.49	2287
1270.15	2320
1270.82	2383
1271.48	2434
1272.15	2464
1272.81	2534
1273.48	2573
1274.14	2604
1274.81	2588
1275.48	2577
1276.14	2637
1276.81	2582
1277.47	2577
1278.14	2525
1278.8	2536
1279.47	2461
1280.13	2334
1280.79	2348
1281.46	2255
1282.12	2242
1282.79	2141
1283.45	2109
1284.12	2114
1284.78	2009
1285.44	1980
1286.11	1933
1286.77	1888
1287.44	1870
1288.1	1838
1288.76	1832
1289.43	1776
1290.09	1791
1290.75	1746
1291.42	1715
1292.08	1719
1292.74	1688
1293.41	1704
1294.07	1662
1294.73	1682
1295.39	1639
1296.06	1646
1296.72	1669
1297.38	1599
1298.04	1612
1298.71	1613
1299.37	1614
1300.03	1600
1300.69	1596
1301.35	1615
1302.02	1631
1302.68	1585
1303.34	1615
1304	1625
1304.66	1601
1305.32	1599
1305.98	1623
1306.65	1584
1307.31	1592
1307.97	1614
1308.63	1594
1309.29	1615
1309.95	1601
1310.61	1633
1311.27	1582
1311.93	1614
1312.59	1599
1313.25	1616
1313.91	1585
1314.57	1637
1315.23	1605
1315.89	1625
1316.55	1627
1317.21	1623
1317.87	1653
1318.53	1617
1319.19	1628
1319.85	1620
1320.51	1655
1321.17	1671
1321.83	1648
1322.49	1655
1323.15	1665
1323.81	1651
1324.47	1637
1325.13	1698
1325.79	1630
1326.44	1684
1327.1	1683
1327.76	1660
1328.42	1703
1329.08	1701
1329.74	1745
1330.39	1730
1331.05	1733
1331.71	1717
1332.37	1726
1333.03	1729
1333.68	1743
1334.34	1769
1335	1752
1335.66	1749
1336.31	1730
1336.97	1734
1337.63	1725
1338.29	1760
1338.94	1745
1339.6	1777
1340.26	1761
1340.91	1729
1341.57	1776
1342.23	1750
1342.88	1792
1343.54	1778
1344.2	1803
1344.85	1769
1345.51	1831
1346.17	1759
1346.82	1755
1347.48	1807
1348.13	1827
1348.79	1782
1349.44	1770
1350.1	1845
1350.76	1810
1351.41	1841
1352.07	1847
1352.72	1811
1353.38	1867
1354.03	1872
1354.69	1848
1355.34	1840
1356	1876
1356.65	1858
1357.31	1860
1357.96	1870
1358.62	1860
1359.27	1890
1359.93	1878
1360.58	1854
1361.23	1897
1361.89	1903
1362.54	1891
1363.2	1887
1363.85	1886
1364.5	1901
1365.16	1903
1365.81	1917
1366.46	1894
1367.12	1939
1367.77	1969
1368.42	2004
1369.08	2007
1369.73	1982
1370.38	1954
1371.04	2017
1371.69	2044
1372.34	2033
1373	2091
1373.65	2108
1374.3	2034
1374.95	2092
1375.61	2122
1376.26	2134
1376.91	2156
1377.56	2133
1378.21	2188
1378.87	2161
1379.52	2188
1380.17	2212
1380.82	2193
1381.47	2168
1382.12	2204
1382.78	2203
1383.43	2188
1384.08	2233
1384.73	2204
1385.38	2223
1386.03	2172
1386.68	2212
1387.33	2198
1387.98	2230
1388.64	2206
1389.29	2219
1389.94	2233
1390.59	2237
1391.24	2210
1391.89	2217
1392.54	2223
1393.19	2290
1393.84	2259
1394.49	2286
1395.14	2233
1395.79	2271
1396.44	2327
1397.09	2305
1397.74	2353
1398.39	2376
1399.04	2413
1399.68	2423
1400.33	2428
1400.98	2444
1401.63	2464.8
1402.28	2505.79
1402.93	2525.55
1403.58	2502.38
1404.23	2565.7
1404.88	2515.1
1405.52	2543.29
1406.17	2579.93
1406.82	2565.4
1407.47	2532.42
1408.12	2550.28
1408.77	2553.36
1409.41	2528.83
1410.06	2500.81
1410.71	2514.54
1411.36	2564.24
1412.01	2546.02
1412.65	2556.83
1413.3	2596.42
1413.95	2569.44
1414.6	2536.49
1415.24	2596.4
1415.89	2571.96
1416.54	2605.63
1417.18	2610.99
1417.83	2629.7
1418.48	2639.93
1419.12	2631.83
1419.77	2665.29
1420.42	2723.46
1421.06	2688.46
1421.71	2706.52
1422.36	2755.53
1423	2775.01
1423.65	2804.17
1424.3	2802.05
1424.94	2837.37
1425.59	2849.8
1426.23	2892.76
1426.88	2879.67
1427.53	2950.92
1428.17	2966.88
1428.82	3003.43
1429.46	3039.24
1430.11	3051.64
1430.75	3107.3
1431.4	3154.14
1432.04	3216.28
1432.69	3230.61
1433.33	3260.6
1433.98	3301.97
1434.62	3397
1435.27	3452.97
1435.91	3518.13
1436.56	3559.44
1437.2	3644.57
1437.85	3747.28
1438.49	3867.07
1439.13	3923.22
1439.78	4009.32
1440.42	4110.03
1441.07	4184.62
1441.71	4311.88
1442.36	4433.68
1443	4570.5
1443.64	4673
1444.29	4806.76
1444.93	4903.35
1445.57	5047.12
1446.22	5135.19
1446.86	5277.64
1447.5	5371.78
1448.15	5480.84
1448.79	5598.76
1449.43	5631.44
1450.07	5716.06
1450.72	5780.86
1451.36	5821.23
1452	5929.14
1452.65	5907.49
1453.29	5889.06
1453.93	5862.28
1454.57	5836.06
1455.21	5738.81
1455.86	5642.82
1456.5	5546.67
1457.14	5409.57
1457.78	5282.41
1458.42	5154.83
1459.07	5034
1459.71	4917.88
1460.35	4762.87
1460.99	4585.57
1461.63	4482.01
1462.27	4363.09
1462.91	4232.73
1463.56	4151.37
1464.2	4093.16
1464.84	3945.72
1465.48	3918.77
1466.12	3817.81
1466.74	3746
1467.38	3662
1468.03	3617
1468.67	3595
1469.32	3503
1469.96	3464
1470.61	3424
1471.25	3368
1471.89	3334
1472.54	3351
1473.18	3366
1473.82	3358
1474.47	3266
1475.11	3298
1475.76	3272
1476.4	3304
1477.04	3319
1477.69	3305.67
1478.33	3333.33
1478.97	3304
1479.61	3330.67
1480.26	3300.33
1480.9	3330
1481.54	3256
1482.19	3226
1482.83	3239
1483.47	3182
1484.11	3149
1484.76	3082
1485.4	3112
1486.04	3041
1486.68	2955
1487.32	2940
1487.97	2904
1488.61	2841
1489.25	2759
1489.89	2740
1490.53	2703
1491.17	2624
1491.82	2641
1492.46	2530
1493.1	2511
1493.74	2437
1494.38	2413
1495.02	2413
1495.66	2372
1496.3	2307
1496.94	2311
1497.59	2278.5
1498.23	2246
1498.87	2205
1499.51	2241
1500.15	2170
1500.79	2146
1501.43	2130
1502.07	2106
1502.71	2090
1503.35	2096
1503.99	2076
1504.63	2065
1505.27	2040.5
1505.91	2016
1506.55	2047
1507.19	1972
1507.83	1969
1508.47	1983
1509.11	1968
1509.74	1941
1510.38	1915
1511.02	1942
1511.66	1912
1512.3	1920
1512.94	1900
1513.58	1877
1514.22	1892
1514.85	1847
1515.49	1839
1516.13	1840
1516.77	1829
1517.41	1799
1518.05	1815
1518.68	1799
1519.32	1773
1519.96	1778
1520.6	1765
1521.24	1748
1521.87	1742
1522.51	1708
1523.15	1704
1523.79	1729
1524.42	1727
1525.06	1674
1525.7	1695
1526.33	1686
1526.97	1669
1527.61	1657
1528.25	1660
1528.88	1664
1529.52	1663
1530.16	1657
1530.79	1652
1531.43	1648
1532.07	1618
1532.7	1611
1533.34	1571
1533.97	1577
1534.61	1589
1535.25	1567
1535.88	1542
1536.52	1560
1537.15	1544
1537.79	1521
1538.43	1533
1539.06	1502
1539.7	1534
1540.33	1481
1540.97	1534
1541.6	1507
1542.24	1468
1542.87	1466
1543.51	1533
1544.14	1485
1544.78	1498
1545.41	1499
1546.05	1480
1546.68	1478
1547.32	1472
1547.95	1481
1548.58	1461
1549.22	1482
1549.85	1457
1550.49	1440
1551.12	1450
1551.76	1434
1552.39	1397
1553.02	1465
1553.66	1424
1554.29	1386
1554.92	1421
1555.56	1419
1556.19	1400
1556.82	1387
1557.46	1377
1558.09	1332
1558.72	1365
1559.36	1321
1559.99	1341
1560.62	1356
1561.25	1359
1561.89	1332
1562.52	1346
1563.15	1348
1563.78	1329
1564.42	1309
1565.05	1308
1565.68	1274
1566.31	1290
1566.95	1285
1567.58	1268
1568.21	1256
1568.84	1230
1569.47	1244
1570.1	1271
1570.74	1257
1571.37	1231
1572	1221
1572.63	1240
1573.26	1248
1573.89	1257
1574.52	1257
1575.15	1235
1575.79	1250
1576.42	1223
1577.05	1263
1577.68	1214
1578.31	1180
1578.94	1199
1579.57	1191
1580.2	1154
1580.83	1177
1581.46	1177
1582.09	1191
1582.72	1139
1583.35	1172
1583.98	1141
1584.61	1180
1585.24	1168
1585.87	1177
1586.5	1190
1587.13	1188
1587.76	1182
1588.39	1188
1589.02	1182
1589.65	1181
1590.28	1137
1590.9	1136
1591.53	1128
1592.16	1110
1592.79	1148
1593.42	1124
1594.05	1134
1594.68	1137
1595.31	1124
1595.93	1125
1596.56	1132
1597.19	1172
1597.82	1179
1598.45	1193
1599.08	1158
1599.7	1173
1600.33	1166
1600.96	1126
1601.59	1118
1602.21	1154
1602.84	1165
1603.47	1141
1604.1	1162
1604.72	1163
1605.35	1177
1605.98	1172
1606.61	1207
1607.23	1134
1607.86	1151
1608.49	1141
1609.11	1132
1609.74	1087
1610.37	1088
1610.99	1053
1611.62	1067
1612.25	1071
1612.87	1055
1613.5	1071
1614.12	1072
1614.75	1040
1615.38	1073
1616	1065
1616.63	1086
1617.25	1092
1617.88	1108
1618.5	1133
1619.13	1138
1619.76	1130
1620.38	1186
1621.01	1159
1621.63	1160
1622.26	1176
1622.88	1137
1623.51	1127
1624.13	1171
1624.76	1135
1625.38	1126
1626.01	1110
1626.63	1136
1627.26	1124
1627.88	1129
1628.5	1136
1629.13	1114
1629.75	1132
1630.38	1161
1631	1157
1631.62	1203
1632.25	1212
1632.87	1205
1633.5	1254
1634.12	1269
1634.74	1316
1635.37	1289
1635.99	1318
1636.61	1394
1637.24	1404
1637.86	1437
1638.48	1482
1639.11	1457
1639.73	1463
1640.35	1452
1640.98	1428
1641.6	1433
1642.22	1345
1642.84	1304
1643.47	1261
1644.09	1204
1644.71	1193
1645.33	1098
1645.95	1120
1646.58	1064
1647.2	1037
1647.82	1059
1648.44	1030
1649.06	1054
1649.69	995
1650.31	1017
1650.93	1021
1651.55	1046
1652.17	988
1652.79	1019
1653.41	1031
1654.04	984
1654.66	965
1655.28	986
1655.9	952
1656.52	941
1657.14	944
1657.76	949
1658.38	959
1659	1001
1659.62	982
1660.24	957
1660.86	984
1661.48	983
1662.1	982
1662.72	985
1663.34	973
1663.96	980
1664.58	971
1665.2	980
1665.82	952
1666.44	982
1667.06	993
1667.68	1001
1668.3	1031
1668.92	1020
1669.54	1009
1670.16	1007
1670.78	1003
1671.4	998
1672.02	1003
1672.64	1023
1673.25	1012
1673.87	995
1674.49	979
1675.11	961
1675.73	995
1676.35	995
1676.97	976
1677.58	982
1678.2	969
1678.82	970
1679.44	976
1680.06	974
1680.67	973
1681.29	1001
1681.91	1003
1682.53	984
1683.14	1004
1683.76	982
1684.38	1017
1685	998
1685.61	1024
1686.23	1015
1686.85	998
1687.47	964
1688.08	990
1688.7	983
1689.32	973
1689.93	969
1690.55	994
1691.17	969
1691.78	988
1692.4	984
1693.02	1027
1693.63	1022
1694.25	1000
1694.86	1042
1695.48	1032
1696.1	1006
1696.71	1061
1697.33	1028
1697.94	1054
1698.56	1042
1699.17	1016
1699.79	1023
1700.41	1025
1701.02	1004
1701.64	1002
1702.25	1020
1702.87	994
1703.48	984
1704.1	1028
1704.71	997
1705.33	1030
1705.94	1009
1706.56	993
1707.17	1057
1707.78	1057
1708.4	1018
1709.01	1015
1709.63	1007
1710.24	1011
1710.86	991
1711.47	970
1712.08	993
1712.7	955
1713.31	1003
1713.92	975
1714.54	976
1715.15	968
1715.77	968
1716.38	966
1716.99	934
1717.61	968
1718.22	981
1718.83	984
1719.45	996
1720.06	1001
1720.67	986
1721.28	1021
1721.9	1008
1722.51	992
1723.12	1024
1723.73	982
1724.35	982
1724.96	1014
1725.57	1009
1726.18	1035
1726.8	1019
1727.41	1021
1728.02	1038
1728.63	998
1729.24	1015
1729.86	1005
1730.47	964
1731.08	917
1731.69	907
1732.3	871
1732.91	864
1733.52	871
1734.14	832
1734.75	843
1735.36	820
1735.97	819
1736.58	820
1737.19	786
1737.8	801
1738.41	801
1739.02	789
1739.63	784
1740.24	772
1740.85	795
1741.46	796
1742.07	754
1742.69	770
1743.29	763
1743.91	738
1744.52	756
1745.12	773
1745.73	761
1746.34	757
1746.95	719
1747.56	745
1748.17	750
1748.78	717
1749.39	714
1750	762
1750.61	760
1751.22	772
1751.83	774
1752.44	736
1753.05	736
1753.65	747
1754.26	723
1754.87	714
1755.48	709
1756.09	685
1756.7	677
1757.31	701
1757.91	681
1758.52	707
1759.13	698
1759.74	746
1760.35	713
1760.96	740
1761.56	737
1762.17	729
1762.78	727
1763.39	734
1763.99	737
1764.6	721
1765.21	722
1765.82	706
1766.42	734
1767.03	728
1767.64	702
1768.24	712
1768.85	679
1769.46	649
1770.07	662
1770.67	650
1771.28	658
1771.88	671
1772.49	676
1773.1	680
1773.7	700
1774.31	694
1774.92	702
1775.52	696
1776.13	719
1776.73	691
1777.34	688
1777.95	685
1778.55	701
1779.16	689
1779.76	673
1780.37	661
1780.97	637
1781.58	657
1782.18	630
1782.79	635
1783.4	629
1784	593
1784.61	602
1785.21	633
1785.82	613
1786.42	617
1787.02	623
1787.63	637
1788.23	629
1788.84	610
1789.44	625
1790.05	605
1790.65	605
1791.26	599
1791.86	596
1792.46	609
1793.07	618
1793.67	616
1794.27	618
1794.88	622
1795.48	639
1796.09	651
1796.69	665
1797.29	644
1797.9	634
1798.5	673
1799.1	638
1799.71	631
1800.31	652
1800.91	649
1801.51	649
1802.12	651
1802.72	640
1803.32	642
1803.93	645
1804.53	642
1805.13	656
1805.73	637
1806.34	643
1806.94	624
1807.54	625
1808.14	630
1808.74	612
1809.35	587
1809.95	584
1810.55	600
1811.15	592
1811.75	584
1812.35	574
1812.96	575
1813.56	578
1814.16	579
1814.76	586
1815.36	563
1815.96	592
1816.56	594
1817.16	617
1817.77	593
1818.37	596
1818.97	620
1819.57	630
1820.17	624
1820.77	628
1821.37	609
1821.97	610
1822.57	614
1823.17	623
1823.77	593
1824.37	617
1824.97	610
1825.57	619
1826.17	638
1826.77	604
1827.37	625
1827.97	618
1828.57	622
1829.17	626
1829.77	582
1830.37	612
1830.97	615
1831.57	601
1832.16	605
1832.76	598
1833.36	587
1833.96	581
1834.56	578
1835.16	553
1835.76	587
1836.36	557
1836.95	545
1837.55	543
1838.15	549
1838.75	541
1839.35	556
1839.95	548
1840.54	571
1841.14	570
1841.74	592
1842.34	583.5
1842.94	575
1843.53	597
1844.13	622
1844.73	593
1845.33	606
1845.92	583
1846.52	627
1847.12	606
1847.72	581
1848.31	586
1848.91	583
1849.51	588
1850.1	590
1850.7	588
1851.3	595
1851.89	600
1852.49	637
1853.09	585
1853.68	605
1854.28	622
1854.88	625
1855.47	637
1856.07	614
1856.67	618
1857.26	594
1857.86	603
1858.45	613
1859.05	582
1859.64	587
1860.24	605
1860.84	600
1861.43	580
1862.03	576
1862.62	576
1863.22	578
1863.81	584
1864.41	598
1865	584
1865.6	606
1866.19	589
1866.79	605
1867.38	608
1867.98	599
1868.57	618
1869.17	610
1869.76	622
1870.36	634
1870.95	622
1871.54	632
1872.14	609
1872.73	597
1873.33	591
1873.92	619
1874.51	580
1875.11	589
1875.7	576
1876.3	569
1876.89	565
1877.48	583
1878.08	583
1878.67	576
1879.26	574
1879.86	604
1880.45	567
1881.04	598
1881.64	581
1882.23	577
1882.82	570
1883.41	582
1884.01	578
1884.6	557
1885.19	568
1885.79	571
1886.38	559
1886.97	544
1887.56	547
1888.15	539
1888.75	546
1889.34	554
1889.93	572
1890.52	566
1891.11	576
1891.71	573
1892.3	569
1892.89	603
1893.48	586
1894.07	579
1894.66	575
1895.26	578
1895.85	580
1896.44	559
1897.03	579
1897.62	556
1898.21	559
1898.8	555
1899.39	557
1899.98	577
1900.57	555
1901.17	555
1901.76	547
1902.35	533
1902.94	554
1903.53	532
1904.12	530
1904.71	532
1905.3	522
1905.89	544
1906.48	537
1907.07	525
1907.66	526
1908.25	517
1908.84	504
1909.43	529
1910.02	528
1910.61	529
1911.2	509
1911.78	493
1912.37	524
1912.96	511
1913.55	493
1914.14	509
1914.73	523
1915.32	524
1915.91	505
1916.5	530
1917.09	514
1917.67	536
1918.26	501
1918.85	511
1919.44	530
1920.03	498
1920.62	503
1921.2	484
1921.79	522
1922.38	486
1922.97	509
1923.56	521
1924.14	520
1924.73	512
1925.32	518
1925.91	513
1926.49	519
1927.08	510
1927.67	479
1928.26	531
1928.84	509
1929.43	502
1930.02	491
1930.61	510
1931.19	515
1931.78	497
1932.37	482
1932.95	531
1933.54	497
1934.13	491
1934.71	502
1935.3	501
1935.89	483
1936.47	500
1937.06	487
1937.64	470
1938.23	477
1938.82	464
1939.4	468
1939.99	467
1940.57	452
1941.16	471
1941.75	481
1942.33	480
1942.92	478
1943.5	474
1944.09	505
1944.67	498
1945.26	508
1945.84	491
1946.43	511
1947.01	484
1947.6	498
1948.18	469
1948.77	473
1949.35	460
1949.94	466
1950.52	483
1951.11	455
1951.69	456
1952.28	451
1952.86	438
1953.44	450
1954.03	439
1954.61	434
1955.2	434
1955.78	460
1956.36	427
1956.95	438
1957.53	422
1958.12	422
1958.7	398
1959.28	420
1959.87	403
1960.45	398
1961.03	403
1961.62	400
1962.2	414
1962.78	406
1963.36	418
1963.95	394
1964.53	407
1965.11	387
1965.7	408
1966.28	410
1966.86	396
1967.44	364
1968.03	387
1968.61	385
1969.19	365
1969.77	376
1970.36	389
1970.94	368.281
1971.52	386.797
1972.1	398.035
1972.68	381.827
1973.27	385.876
1973.85	388.759
1974.43	386.537
1975.01	385.882
1975.59	369.514
1976.17	379.527
1976.75	379.085
1977.34	359.38
1977.92	373.631
1978.5	379.162
1979.08	349.8
1979.66	364.721
1980.24	356.989
1980.82	364.363
1981.4	364.428
1981.98	349.226
1982.56	365.392
1983.15	363.056
1983.73	355.041
1984.31	356.274
1984.89	354.212
1985.47	366.934
1986.05	341.733
1986.63	343.59
1987.21	349.213
1987.79	349.314
1988.37	353.892
1988.95	342.301
1989.53	377.317
1990.11	353.042
1990.69	342.763
1991.27	334.37
1991.85	344.238
1992.43	346.308
1993	339.218
1993.58	343.537
1994.16	330.842
1994.74	332.011
1995.32	329.761
1995.9	322.452
1996.48	322.613
1997.06	345.619
1997.64	338.85
1998.22	337.867
1998.8	331.026
1999.37	330.199
1999.95	328.849
2000.53	338.686
2001.11	341.201
2001.69	321.179
2002.27	323.806
2002.84	303.271
2003.42	302.59
2004	296.908
2004.58	304.706
2005.16	304.143
2005.73	299.567
2006.31	304.588
2006.89	315.223
2007.47	314.764
2008.04	311.757
2008.62	306.113
2009.2	310.626
2009.78	303.7
2010.35	308.74
2010.93	294.537
2011.51	304.387
2012.09	298.077
2012.66	309.064
2013.24	301.796
2013.82	312.348
2014.39	296.332
2014.97	301.733
2015.55	313.02
2016.12	306.179
2016.7	310.494
2017.28	308.283
2017.85	308.106
2018.43	308.208
2019.01	310.622
2019.58	313.955
2020.16	304.422
2020.73	302.262
2021.31	296.503
2021.89	286.592
2022.46	298.351
2023.04	297.971
2023.61	272.449
2024.19	288.109
2024.76	286.583
2025.34	297.204
2025.91	290.505
2026.49	283.737
2027.06	276.396
2027.64	278.888
2028.22	276.937
2028.79	281.871
2028.94	284
2029.51	276
2030.09	288
2030.67	288
2031.25	298
2031.83	285
2032.41	280
2032.98	287
2033.56	277
2034.14	269
2034.72	278
2035.3	276
2035.87	278
2036.45	279
2037.03	263
2037.61	267
2038.18	282
2038.76	289
2039.34	273
2039.92	280
2040.49	293
2041.07	290
2041.65	293
2042.23	278
2042.8	280
2043.38	293
2043.96	287
2044.53	275
2045.11	273
2045.69	279
2046.26	245
2046.84	261
2047.42	240
2047.99	266
2048.57	268
2049.14	264
2049.72	255
2050.3	267
2050.87	268
2051.45	252
2052.03	265
2052.6	266
2053.18	260
2053.75	254
2054.33	269
2054.9	269
2055.48	267
2056.05	276
2056.63	271
2057.2	266
2057.78	257
2058.36	278
2058.93	257
2059.51	251
2060.08	246
2060.65	247
2061.23	256
2061.8	251
2062.38	239
2062.95	244
2063.53	247
2064.1	250
2064.68	249
2065.25	229
2065.83	243
2066.4	238
2066.97	241
2067.55	241
2068.12	245
2068.7	251
2069.27	258
2069.84	248
2070.42	237
2070.99	249
2071.56	245
2072.14	258
2072.71	253
2073.28	243
2073.86	252
2074.43	235
2075	250
2075.58	240
2076.15	240
2076.72	244
2077.3	234
2077.87	242
2078.44	232
2079.01	248
2079.59	249
2080.16	240
2080.73	257
2081.3	250
2081.88	258
2082.45	254
2083.02	258
2083.59	259
2084.16	255
2084.74	258
2085.31	249
2085.88	259
2086.45	276
2087.02	272
2087.6	275
2088.17	269
2088.74	278
2089.31	286
2089.88	287
2090.45	270
2091.02	291
2091.6	277
2092.17	276
2092.74	265
2093.31	274
2093.88	274
2094.45	280
2095.02	280
2095.59	260
2096.16	274
2096.73	256
2097.3	254
2097.87	261
2098.44	253
2099.01	242
2099.58	238
2100.15	234
2100.72	232
2101.29	237
2101.86	243
2102.43	244
2103	231
2103.57	221
2104.14	238
2104.71	233
2105.28	237
2105.85	236
2106.42	236
2106.99	228
2107.56	236
2108.13	231
2108.7	225
2109.27	230
2109.84	225
2110.41	232
2110.97	225
2111.54	216
2112.11	215
2112.68	212
2113.25	211
2113.82	232
2114.39	229
2114.95	233
2115.52	228
2116.09	234
2116.66	222
2117.23	248
2117.79	220
2118.36	222
2118.93	218
2119.5	224
2120.07	216
2120.63	219
2121.2	218
2121.77	227
2122.34	220
2122.9	242
2123.47	229
2124.04	218
2124.61	230
2125.17	240
2125.74	218
2126.31	213
2126.87	218
2127.44	222
2128.01	216
2128.57	209
2129.14	184
2129.71	190
2130.27	202
2130.84	186
2131.41	197
2131.97	204
2132.54	201
2133.11	200
2133.67	229
2134.24	208
2134.8	222
2135.37	209
2135.94	222
2136.5	209
2137.07	223
2137.63	235
2138.2	225
2138.76	240
2139.33	222
2139.9	214
2140.46	200
2141.03	202
2141.59	217
2142.16	186
2142.72	199
2143.29	185
2143.85	202
2144.42	188
2144.98	185
2145.55	196
2146.11	188
2146.67	184
2147.24	181
2147.8	199
2148.37	204
2148.93	210
2149.5	199
2150.06	211
2150.62	199
2151.19	209
2151.75	210
2152.32	214
2152.88	213
2153.44	218
2154.01	211
2154.57	211
2155.14	209
2155.7	215
2156.26	207
2156.82	210
2157.39	204
2157.95	205
2158.52	204
2159.08	204
2159.64	199
2160.2	195
2160.77	200
2161.33	190
2161.89	187
2162.46	185
2163.02	193
2163.58	186
2164.14	190
2164.71	200
2165.27	184
2165.83	204
2166.39	195
2166.95	187
2167.52	185
2168.08	197
2168.64	191
2169.2	201
2169.76	193
2170.33	190
2170.89	192
2171.45	177
2172.01	190
2172.57	204
2173.13	189
2173.69	204
2174.26	206
2174.82	182
2175.38	198
2175.94	201
2176.5	196
2177.06	202
2177.62	197
2178.18	195
2178.74	203
2179.3	212
2179.87	207
2180.43	198
2180.99	210
2181.55	215
2182.11	200
2182.67	202
2183.23	195
2183.79	195
2184.35	204
2184.91	197
2185.47	189
2186.03	202
2186.59	185
2187.15	197
2187.71	210
2188.27	189
2188.83	197
2189.39	187
2189.95	172
2190.5	183
2191.06	187
2191.62	200
2192.18	182
2192.74	180
2193.3	186
2193.86	193
2194.42	187
2194.98	188
2195.54	192
2196.09	196
2196.65	199
2197.21	205
2197.77	207
2198.33	209
2198.89	200
2199.45	210
2200	199
2200.56	218
2201.12	202
2201.68	198
2202.24	196
2202.79	186
2203.35	193
2203.91	190
2204.47	179
2205.03	167
2205.58	174
2206.14	169
2206.7	176
2207.25	173
2207.81	184
2208.37	163
2208.93	165
2209.48	163
2210.04	165
2210.6	176
2211.15	164
2211.71	159
2212.27	166
2212.82	169
2213.38	179
2213.94	176
2214.49	176
2215.05	191
2215.61	185
2216.16	182
2216.72	196
2217.28	195
2217.83	187
2218.39	203
2218.94	197
2219.5	200
2220.06	208
2220.61	204
2221.17	200
2221.72	205
2222.28	205
2222.83	209
2223.39	194
2223.95	184
2224.5	195
2225.06	189
2225.61	203
2226.17	189
2226.72	188
2227.28	187
2227.83	182
2228.39	195
2228.94	172
2229.5	173
2230.05	176
2230.6	174
2231.16	169
2231.71	160
2232.27	181
2232.82	183
2233.38	169
2233.93	168
2234.48	164
2235.04	172
2235.59	174
2236.15	164
2236.7	179
2237.25	168
2237.81	156
2238.36	190
2238.92	182
2239.47	190
2240.02	185
2240.58	182
2241.13	178
2241.68	198
2242.24	194
2242.79	186
2243.34	187
2243.9	184
2244.45	187
2245	194
2245.55	210
2246.11	191
2246.66	196
2247.21	202
2247.76	194
2248.32	198
2248.87	204
2249.42	191
2249.97	190
2250.53	191
2251.08	195
2251.63	202
2252.18	185
2252.73	189
2253.29	205
2253.84	191
2254.39	195
2254.94	183
2255.49	188
2256.05	191
2256.6	195
2257.15	191
2257.7	190
2258.25	173
2258.8	181
2259.35	173
2259.9	178
2260.46	177
2261.01	176
2261.56	176
2262.11	175
2262.66	181
2263.21	171
2263.76	181
2264.31	190
2264.86	186
2265.41	199
2265.96	195
2266.51	198
2267.06	195
2267.61	187
2268.16	183
2268.71	176
2269.26	180
2269.81	182
2270.36	177
2270.91	175
2271.46	180
2272.01	189
2272.56	171
2273.11	176
2273.66	170
2274.21	186
2274.76	184
2275.31	194
2275.86	193
2276.41	197
2276.96	203
2277.51	192
2278.05	201
2278.6	200
2279.15	194
2279.7	207
2280.25	191
2280.8	199
2281.35	186
2281.9	172
2282.44	173
2282.99	178
2283.54	176
2284.09	171
2284.64	166
2285.19	177
2285.73	169
2286.28	168
2286.83	184
2287.38	182
2287.93	173
2288.47	181
2289.02	185
2289.57	173
2290.12	186
2290.66	185
2291.21	198
2291.76	212
2292.31	212
2292.85	205
2293.4	206
2293.95	209
2294.49	205
2295.04	197
2295.59	208
2296.14	195
2296.68	202
2297.23	186
2297.77	190
2298.32	185
2298.87	189
2299.41	177
2299.96	186
2300.51	166
2301.05	162
2301.6	172
2302.15	189
2302.69	188
2303.24	184
2303.78	173
2304.33	176
2304.88	185
2305.42	186
2305.97	179
2306.51	166
2307.06	163
2307.6	163
2308.15	161
2308.69	162
2309.24	165
2309.78	157
2310.33	159
2310.87	158
2311.42	161
2311.96	154
2312.51	166
2313.05	158
2313.6	172
2314.14	166
2314.69	153
2315.23	159
2315.78	152
2316.32	157
2316.87	173
2317.41	158
2317.96	181
2318.5	153
2319.04	179
2319.59	164
2320.13	152
2320.68	173
2321.22	171
2321.76	181
2322.31	177
2322.85	181
2323.39	183
2323.94	188
2324.48	174
2325.02	193
2325.57	181
2326.11	174
2326.65	174
2327.2	172
2327.74	173
2328.28	176
2328.83	172
2329.37	182
2329.91	185
2330.46	186
2331	174
2331.54	167
2332.08	175
2332.63	176
2333.17	172
2333.71	171
2334.25	175
2334.8	182
2335.34	189
2335.88	177
2336.42	168
2336.96	165
2337.51	172
2338.05	167
2338.59	164
2339.13	161
2339.67	158
2340.21	158
2340.76	162
2341.3	167
2341.84	160
2342.38	157
2342.92	149
2343.46	166
2344	157
2344.55	153
2345.09	157
2345.63	148
2346.17	152
2346.71	155
2347.25	155
2347.79	158
2348.33	164
2348.87	152
2349.41	148
2349.95	162
2350.49	167
2351.03	157
2351.57	156
2352.11	158
2352.65	168
2353.19	172
2353.73	175
2354.27	183
2354.81	185
2355.35	199
2355.89	178
2356.43	188
2356.97	183
2357.51	195
2358.05	175
2358.59	164
2359.13	162
2359.67	156
2360.21	149
2360.75	152
2361.29	163
2361.83	155
2362.37	155
2362.91	151
2363.44	159
2363.98	154
2364.52	157
2365.06	166
2365.6	161
2366.14	157
2366.68	161.5
2367.22	166
2367.75	175
2368.29	163
2368.83	161
2369.37	150
2369.91	151
2370.44	146
2370.98	148
2371.52	157
2372.06	160
2372.6	157
2373.13	157
2373.67	147
2374.21	163
2374.75	159
2375.28	150
2375.82	155
2376.36	160
2376.9	143
2377.43	153
2377.97	147
2378.51	161
2379.04	145
2379.58	159
2380.12	151
2380.66	168
2381.19	151
2381.73	151
2382.27	157
2382.8	162
2383.34	152
2383.88	147
2384.41	153
2384.95	143
2385.48	153
2386.02	150
2386.56	139
2387.09	139
2387.63	144
2388.17	143
2388.7	140
2389.24	141
2389.77	144
2390.31	153
2390.84	147
2391.38	156
2391.92	149
2392.45	144
2392.99	156
2393.52	153
2394.06	146
2394.59	155
2395.13	155
2395.66	157
2396.2	167
2396.73	156
2397.27	156
2397.8	146
2398.34	166
2398.87	171
2399.41	182
2399.94	180
2400.48	189
2401.01	179
2401.54	191
2402.08	186
2402.61	174
2403.15	197
2403.68	194
2404.22	189
2404.75	174
2405.28	180
2405.82	162
2406.35	157
2406.89	161
2407.42	155
2407.95	164
2408.49	172
2409.02	164
2409.55	171
2410.09	169
2410.62	170
2411.15	179
2411.69	170
2412.22	173
2412.75	178
2413.29	171
2413.82	182
2414.35	174
2414.88	180
2415.42	174
2415.95	181
2416.48	176
2417.01	178
2417.55	171
2418.08	182
2418.61	172
2419.15	176
2419.68	176
2420.21	177
2420.74	175
2421.27	184
2421.81	168
2422.34	185
2422.87	174
2423.4	186
2423.93	176
2424.46	176
2425	189
2425.53	184
2426.06	172
2426.59	175
2427.12	173
2427.65	172
2428.19	164
2428.72	168
2429.25	168
2429.78	174
2430.31	178
2430.84	173
2431.37	184
2431.9	176
2432.43	195
2432.96	193
2433.49	195
2434.02	194
2434.56	208
2435.09	205
2435.62	205
2436.15	182
2436.68	191
2437.21	196
2437.74	193
2438.27	190
2438.8	193
2439.33	192
2439.86	204
2440.39	204
2440.92	194
2441.45	192
2441.98	198
2442.51	204
2443.04	183
2443.57	195
2444.09	203
2444.62	199
2445.15	191
2445.68	193
2446.21	201
2446.74	204
2447.27	205
2447.8	213
2448.33	209
2448.86	223
2449.39	201
2449.91	212
2450.44	206
2450.97	219
2451.5	212
2452.03	201
2452.56	217
2453.09	207
2453.61	213
2454.14	209
2454.67	219
2455.2	214
2455.73	196
2456.25	221
2456.78	207
2457.31	204
2457.84	220
2458.37	212
2458.89	208
2459.42	226
2459.95	224
2460.48	233
2461	221
2461.53	214
2462.06	226
2462.59	240
2463.11	227
2463.64	234
2464.17	214
2464.69	224
2465.22	212
2465.75	223
2466.27	222
2466.8	221
2467.33	208
2467.85	234
2468.38	218
2468.91	214
2469.43	219
2469.96	222
2470.49	236
2471.01	234
2471.54	250
2472.06	240
2472.59	240
2473.12	243
2473.64	240
2474.17	233
2474.7	232
2475.22	243
2475.75	237
2476.27	238
2476.8	237
2477.32	235
2477.85	229
2478.37	248
2478.9	241
2479.42	234
2479.95	231
2480.47	254
2481	240
2481.52	240.112
2482.05	230.378
2482.57	239.533
2483.1	234.254
2483.62	232.658
2484.15	250.216
2484.67	228.628
2485.2	236.287
2485.72	234.884
2486.25	218.676
2486.77	218.247
2487.3	225.493
2487.82	234.532
2488.34	228.558
2488.87	225.922
2489.39	224.616
2489.92	224.883
2490.44	225.981
2490.97	221.893
2491.49	220.005
2492.01	222.813
2492.54	236.582
2493.06	228.515
2493.58	218.326
2494.11	229.479
2494.63	219.377
2495.15	217.306
2495.68	222.929
2496.2	227.943
2496.72	222.105
2497.25	226.925
2497.77	231.811
2498.29	230.412
2498.82	228.797
2499.34	228.066
2499.86	229.266
2500.39	237.981
2500.91	236.083
2501.43	233.481
2501.95	232.18
2502.48	233.944
2503	227.591
2503.52	230.071
2504.04	231.971
2504.57	229.241
2505.09	226.704
2505.61	218.698
2506.13	222.349
2506.65	211.497
2507.18	215.456
2507.7	208.884
2508.22	215.349
2508.74	214.315
2509.26	213.677
2509.79	206.466
2510.31	208.046
2510.83	213.557
2511.35	206.453
2511.87	209.61
2512.39	206.672
2512.91	204.159
2513.44	209.77
2513.96	206.345
2514.48	204.233
2515	200.631
2515.52	209.634
2516.04	209.484
2516.56	201.653
2517.08	197.733
2517.6	207.094
2518.13	206.172
2518.65	212.9
2519.17	214.519
2519.69	221.755
2520.21	208.309
2520.73	202.788
2521.25	203.903
2521.77	198.876
2522.29	192.7
2522.81	194.775
2523.33	195.095
2523.85	196.072
2524.37	188.643
2524.89	192.853
2525.41	193.054
2525.93	189.48
2526.45	197.178
2526.97	201.742
2527.49	195.917
2528.01	205.878
2528.53	208.84
2529.05	211.969
2529.57	222.118
2530.09	213.277
2530.61	204.968
2531.12	211.541
2531.64	198.554
2532.16	204.951
2532.68	201.076
2533.2	207.745
2533.72	202.298
2534.24	204.783
2534.76	202.892
2535.21	216
2535.73	205
2536.25	202
2536.78	227
2537.3	214
2537.82	217
2538.34	215
2538.86	231
2539.39	209
2539.91	228
2540.43	221
2540.95	222
2541.47	226
2541.99	224
2542.51	220
2543.04	224
2543.56	223
2544.08	233
2544.6	219
2545.12	231
2545.64	223
2546.16	201
2546.68	214
2547.2	216
2547.73	200
2548.25	208
2548.77	216
2549.29	204
2549.81	199
2550.33	221
2550.85	211
2551.37	196
2551.89	208
2552.41	206
2552.93	204
2553.45	204
2553.97	205
2554.49	200
2555.01	207
2555.53	207
2556.05	207
2556.57	192
2557.09	211
2557.61	191
2558.13	191
2558.65	185
2559.17	190
2559.69	195
2560.21	176
2560.72	182
2561.24	178
2561.76	188
2562.28	193
2562.8	196
2563.32	204
2563.84	182
2564.36	192
2564.88	189
2565.39	188.5
2565.91	188
2566.43	190
2566.95	185
2567.47	207
2567.99	201
2568.51	194
2569.02	195
2569.54	194
2570.06	191
2570.58	192
2571.1	192
2571.61	182
2572.13	186
2572.65	194
2573.17	190
2573.69	185
2574.2	186
2574.72	183
2575.24	193
2575.76	183
2576.27	184
2576.79	180
2577.31	195
2577.83	186
2578.34	184
2578.86	176
2579.38	181
2579.89	193
2580.41	175
2580.93	182
2581.45	174
2581.96	175
2582.48	190
2583	179
2583.51	184
2584.03	177
2584.55	182
2585.06	180
2585.58	186
2586.09	179
2586.61	182
2587.13	192
2587.64	195
2588.16	194
2588.68	187
2589.19	189
2589.71	186
2590.22	196
2590.74	184
2591.25	188
2591.77	183
2592.29	179
2592.8	189
2593.32	191
2593.83	187
2594.35	192
2594.86	188
2595.38	189
2595.89	191
2596.41	191
2596.92	190
2597.44	191
2597.95	196
2598.47	191
2598.98	180
2599.5	188
2600.01	186
2600.53	189
2601.04	186
2601.56	193
2602.07	185
2602.59	189
2603.1	184
2603.61	179
2604.13	182
2604.64	183
2605.16	184
2605.67	189
2606.19	177
2606.7	185
2607.21	175
2607.73	175
2608.24	173
2608.76	176
2609.27	172
2609.78	191
2610.3	175
2610.81	186
2611.32	178
2611.84	159
2612.35	183
2612.86	171
2613.38	173
2613.89	179
2614.4	185
2614.92	176
2615.43	170
2615.94	169
2616.45	181
2616.97	175
2617.48	183
2617.99	179
2618.51	179
2619.02	182
2619.53	182
2620.04	173
2620.55	176
2621.07	168
2621.58	186
2622.09	170
2622.6	167
2623.12	192
2623.63	173
2624.14	173
2624.65	177
2625.16	172
2625.68	171
2626.19	182
2626.7	171
2627.21	173
2627.72	182
2628.23	172
2628.75	171
2629.26	163
2629.77	187
2630.28	167
2630.79	182
2631.3	174
2631.81	163
2632.32	175
2632.84	169
2633.35	174
2633.86	152
2634.37	176
2634.88	175
2635.39	168
2635.9	166
2636.41	161
2636.92	165
2637.43	175
2637.94	172
2638.45	170
2638.96	180
2639.47	171
2639.98	161
2640.49	175
2641	180
2641.51	175
2642.02	177
2642.53	182
2643.04	175
2643.55	178
2644.06	176
2644.57	175
2645.08	176
2645.59	173
2646.1	166
2646.61	192
2647.12	171
2647.63	162
2648.14	177
2648.65	171
2649.16	174
2649.67	166
2650.17	186
2650.68	172
2651.19	175
2651.7	187
2652.21	179
2652.72	188
2653.23	182
2653.74	180
2654.24	181
2654.75	166
2655.26	176
2655.77	170
2656.28	172
2656.79	188
2657.29	176
2657.8	169
2658.31	168
2658.82	173
2659.33	183
2659.83	168
2660.34	175
2660.85	186
2661.36	186
2661.87	170
2662.37	171
2662.88	175
2663.39	160
2663.9	171
2664.4	177
2664.91	179
2665.42	171
2665.93	170
2666.43	185
2666.94	168
2667.45	176
2667.95	180
2668.46	179
2668.97	179
2669.47	190
2669.98	178
2670.49	172
2670.99	179
2671.5	174
2672.01	187
2672.51	178
2673.02	185
2673.53	191
2674.03	184
2674.54	195
2675.04	196
2675.55	189
2676.06	182
2676.56	188
2677.07	191
2677.58	188
2678.08	195
2678.59	194
2679.09	206
2679.6	199
2680.1	203
2680.61	194
2681.11	194
2681.62	213
2682.13	199
2682.63	218
2683.14	199
2683.64	209
2684.15	197
2684.65	196
2685.16	222
2685.66	216
2686.17	215
2686.67	214
2687.18	224
2687.68	243
2688.19	222
2688.69	218
2689.2	219
2689.7	239
2690.2	235
2690.71	263
2691.21	253
2691.72	242
2692.22	254
2692.73	230
2693.23	243
2693.73	251
2694.24	256
2694.74	260
2695.25	264
2695.75	262
2696.25	277
2696.76	276
2697.26	269
2697.76	280
2698.27	293
2698.77	298
2699.27	297
2699.78	309
2700.28	306
2700.78	305
2701.29	337
2701.79	323
2702.29	331
2702.8	352
2703.3	352
2703.8	339
2704.31	345
2704.81	359
2705.31	345
2705.81	365
2706.32	347
2706.82	372
2707.32	377
2707.82	362
2708.33	372
2708.83	387
2709.33	392
2709.83	388
2710.34	390
2710.84	390
2711.34	383
2711.84	403
2712.34	381
2712.84	397
2713.35	380
2713.85	384
2714.35	375
2714.85	395
2715.35	388
2715.85	386
2716.36	411
2716.86	382
2717.36	398
2717.86	402
2718.36	388
2718.86	393
2719.36	390
2719.87	395
2720.37	373
2720.87	375
2721.37	387
2721.87	368
2722.37	361
2722.87	371
2723.37	365
2723.87	352
2724.37	354
2724.87	363
2725.37	344
2725.87	352
2726.37	358
2726.87	348
2727.38	338
2727.87	338
2728.38	325
2728.88	320
2729.38	330
2729.87	326
2730.38	318
2730.87	316
2731.37	325
2731.87	313
2732.37	312
2732.87	311
2733.37	316
2733.87	299
2734.37	307
2734.87	312
2735.37	314
2735.87	305
2736.37	313
2736.87	301
2737.37	291
2737.87	298
2738.37	317
2738.86	306
2739.36	304
2739.86	310
2740.36	329
2740.86	305
2741.36	331
2741.86	306
2742.36	310
2742.85	314
2743.35	334
2743.85	329
2744.35	305
2744.85	314
2745.35	318
2745.84	334
2746.34	311
2746.84	317
2747.34	321
2747.84	321
2748.33	332
2748.83	326
2749.33	326
2749.83	316
2750.32	311
2750.82	308
2751.32	320
2751.82	297
2752.31	300
2752.81	306
2753.31	286
2753.81	293
2754.3	295
2754.8	298
2755.3	296
2755.79	301
2756.29	289
2756.79	295
2757.28	272
2757.78	281
2758.28	279
2758.77	266
2759.27	258
2759.77	252
2760.26	268
2760.76	249
2761.26	250
2761.75	256
2762.25	261
2762.75	250
2763.24	239
2763.74	251
2764.23	242
2764.73	260
2765.23	263
2765.72	236
2766.22	237
2766.71	237
2767.21	237
2767.71	230
2768.2	241
2768.7	242
2769.19	251
2769.69	236
2770.18	233
2770.68	240
2771.17	238
2771.67	231
2772.16	214
2772.66	244
2773.15	226
2773.65	237
2774.14	236
2774.64	237
2775.13	228
2775.63	238
2776.12	227
2776.62	220
2777.11	224
2777.61	218
2778.1	223
2778.59	228
2779.09	228
2779.58	237
2780.08	225
2780.57	221
2781.07	215
2781.56	213
2782.05	220
2782.55	225
2783.04	229
2783.54	236
2784.03	224
2784.52	237
2785.02	208
2785.51	225
2786	212
2786.5	213
2786.99	225
2787.48	216
2787.98	225
2788.47	244
2788.97	230
2789.46	242
2789.95	233
2790.44	226
2790.94	229
2791.43	234
2791.92	234
2792.42	239
2792.91	219
2793.4	234
2793.89	237
2794.39	236
2794.88	219
2795.37	223
2795.86	237
2796.36	245
2796.85	233
2797.34	251
2797.83	234
2798.33	257
2798.82	236
2799.31	263
2799.8	251
2800.29	264
2800.79	279
2801.28	258
2801.77	250
2802.26	272
2802.75	272
2803.24	253
2803.74	269
2804.23	281
2804.72	273
2805.21	274
2805.7	289
2806.19	280
2806.68	298
2807.18	282
2807.67	306
2808.16	300
2808.65	304
2809.14	292
2809.63	293
2810.12	319
2810.61	323
2811.1	322
2811.59	321
2812.08	338
2812.57	339
2813.07	347
2813.56	342
2814.05	348.5
2814.54	355
2815.03	370
2815.52	391
2816.01	380
2816.5	385
2816.99	390
2817.48	396
2817.97	387
2818.46	402
2818.95	418
2819.44	423
2819.93	431
2820.42	436
2820.91	460
2821.4	457
2821.88	479
2822.37	483
2822.86	487
2823.35	498
2823.84	500
2824.33	526
2824.82	522
2825.31	541
2825.8	531
2826.29	548
2826.78	545
2827.27	574
2827.75	591
2828.24	590
2828.73	599
2829.22	596
2829.71	615
2830.2	609
2830.69	615
2831.18	657
2831.66	628
2832.15	654
2832.64	658
2833.13	679
2833.62	667
2834.1	679
2834.59	678
2835.08	664
2835.57	675
2836.06	669
2836.54	660
2837.03	664
2837.52	651
2838.01	699
2838.5	684
2838.98	660
2839.47	669
2839.96	678
2840.45	692
2840.93	680
2841.42	656
2841.91	687
2842.39	711
2842.88	684
2843.37	698
2843.86	702
2844.34	715
2844.83	706
2845.32	710
2845.8	723
2846.29	733
2846.78	722
2847.26	745
2847.75	745
2848.24	761
2848.72	766
2849.21	751
2849.7	760
2850.18	770
2850.67	807
2851.15	805
2851.64	816
2852.13	789
2852.61	851
2853.1	836
2853.58	873
2854.07	882
2854.56	883
2855.04	885
2855.53	914
2856.01	918
2856.5	942
2856.98	964
2857.47	985
2857.96	1022
2858.44	1031
2858.93	1051
2859.41	1082
2859.9	1113
2860.38	1133
2860.87	1151
2861.35	1195
2861.84	1247
2862.32	1261
2862.81	1285
2863.29	1340
2863.78	1315
2864.26	1403
2864.75	1458
2865.23	1487
2865.72	1550
2866.2	1622
2866.68	1652
2867.17	1685
2867.65	1719
2868.14	1807
2868.62	1800
2869.11	1901
2869.59	1963
2870.07	1992
2870.56	2032
2871.04	2110
2871.53	2182
2872.01	2204
2872.49	2259
2872.98	2317
2873.46	2294
2873.94	2331
2874.43	2371
2874.91	2394
2875.39	2437
2875.88	2432
2876.36	2396
2876.85	2471
2877.33	2428
2877.81	2414
2878.3	2447
2878.78	2417
2879.26	2419
2879.74	2424
2880.23	2416
2880.71	2423
2881.19	2390
2881.68	2352
2882.16	2307
2882.64	2331
2883.12	2323
2883.61	2335
2884.09	2312
2884.57	2278
2885.05	2242
2885.54	2248
2886.02	2213
2886.5	2221
2886.98	2194
2887.46	2180
2887.95	2143
2888.43	2139
2888.91	2109
2889.39	2052
2889.87	2070
2890.36	2059
2890.84	2057
2891.32	1994
2891.8	1974
2892.28	1956
2892.76	1934
2893.25	1949
2893.73	1904
2894.21	1869
2894.69	1876
2895.17	1859
2895.65	1821
2896.13	1830
2896.61	1799
2897.09	1765
2897.58	1815
2898.06	1738
2898.54	1711
2899.02	1673
2899.5	1718
2899.98	1672
2900.46	1633
2900.94	1608
2901.42	1619
2901.9	1616
2902.38	1630
2902.86	1603
2903.34	1586
2903.82	1601
2904.3	1589
2904.78	1603
2905.26	1563
2905.74	1559
2906.22	1594
2906.7	1550
2907.18	1583
2907.66	1566
2908.14	1607
2908.62	1615
2909.1	1639
2909.58	1655
2910.06	1657
2910.54	1680
2911.02	1696
2911.5	1720
2911.98	1748
2912.46	1803
2912.94	1806
2913.42	1862
2913.9	1917
2914.38	1952
2914.85	1979
2915.33	2041
2915.81	2069
2916.29	2185
2916.77	2198
2917.25	2268
2917.73	2427
2918.21	2418
2918.69	2465
2919.16	2578
2919.64	2708
2920.12	2782
2920.6	2883
2921.08	2972
2921.56	3060
2922.03	3172
2922.51	3251
2922.99	3431
2923.47	3431
2923.95	3517
2924.42	3623
2924.9	3722
2925.38	3796
2925.86	3845
2926.33	3950
2926.81	3926
2927.29	3926
2927.77	3929
2928.25	3949
2928.72	3913
2929.2	3841
2929.68	3796
2930.16	3771
2930.63	3706
2931.11	3624
2931.59	3522
2932.06	3485
2932.54	3390
2933.02	3246
2933.5	3158
2933.97	3062
2934.45	2930
2934.93	2896
2935.4	2832
2935.88	2726
2936.36	2613
2936.83	2543
2937.31	2453
2937.78	2396
2938.26	2291
2938.74	2244
2939.21	2159
2939.69	2044
2940.17	1986
2940.64	1943
2941.12	1884
2941.59	1837
2942.07	1807
2942.55	1742
2943.02	1698
2943.5	1613.73
2943.97	1546.32
2944.45	1539.75
2944.93	1468.13
2945.4	1431.2
2945.88	1395.74
2946.35	1330.38
2946.83	1314.41
2947.3	1262.85
2947.78	1262.25
2948.25	1193.65
2948.73	1187.36
2949.2	1152.11
2949.68	1159.75
2950.15	1142.97
2950.63	1083.36
2951.1	1063.11
2951.58	1067.7
2952.05	1042.34
2952.53	1044.75
2953	1019.82
2953.48	1025.1
2953.95	998.587
2954.43	1007.95
2954.9	999.728
2955.38	968.044
2955.85	999.861
2956.32	979.211
2956.8	1001.66
2957.27	1017.09
2957.75	984.266
2958.22	989.876
2958.7	1014.65
2959.17	982.397
2959.64	992.374
2960.12	1000.35
2960.59	1027.12
2961.07	1039.38
2961.54	1045.43
2962.01	1063.13
2962.49	1049.15
2962.96	1057.93
2963.43	1087.58
2963.91	1119.7
2964.38	1109.24
2964.85	1137.91
2965.33	1145.34
2965.8	1164.84
2966.27	1181.21
2966.75	1188.67
2967.22	1197.41
2967.69	1226.95
2968.17	1206.94
2968.64	1225.42
2969.11	1245.36
2969.59	1240.86
2970.06	1234.27
2970.53	1236.47
2971	1243.49
2971.48	1237.49
2971.95	1252.24
2972.42	1235.1
2972.89	1223.72
2973.37	1219.34
2973.84	1197.01
2974.31	1207.25
2974.78	1184.83
2975.26	1181.41
2975.73	1158.9
2976.2	1131.41
2976.67	1108.93
2977.14	1094.7
2977.62	1076.12
2978.09	1034.33
2978.56	1029.06
2979.03	1014.08
2979.5	976.575
2979.98	930.15
2980.45	904.783
2980.92	884.544
2981.39	862.683
2981.86	840.251
2982.33	812.366
2982.8	791.325
2983.27	773.389
2983.75	745.454
2984.22	721.897
2984.69	701.125
2985.16	674.194
2985.63	652.4
2986.1	635.658
2986.57	625.011
2987.04	612.996
2987.52	596.716
2987.99	576.642
2988.46	566.617
2988.93	556.599
2989.4	540.545
2989.87	519.735
2990.34	507.209
2990.81	502.917
2991.28	493.903
2991.75	484.532
2991.99	479
2992.46	454
2992.93	457
2993.41	448
2993.88	451
2994.36	443
2994.83	421
2995.3	412
2995.77	433
2996.25	422
2996.72	403
2997.19	403
2997.67	396
2998.14	384
2998.61	376
2999.08	380
2999.56	357
3000.03	361
3000.5	354
3000.98	340
3001.45	351
3001.92	354
3002.39	344
3002.87	324
3003.34	331
3003.81	313
3004.28	326
3004.75	305
3005.23	325
3005.7	290
3006.17	303
3006.64	290
3007.11	284
3007.59	288
3008.06	267
3008.53	268
3009	294
3009.47	258
3009.95	260
3010.42	260
3010.89	255
3011.36	258
3011.83	260
3012.3	252
3012.77	246
3013.24	248
3013.72	244
3014.19	240
3014.66	247
3015.13	239
3015.6	245
3016.07	234
3016.54	241
3017.01	230
3017.48	229
3017.96	225
3018.43	212
3018.9	234
3019.37	233
3019.84	232
3020.31	218
3020.78	216
3021.25	229
3021.72	220
3022.19	236
3022.66	217
3023.13	215
3023.6	196
3024.07	210
3024.54	204
3025.01	197
3025.48	223
3025.95	204
3026.42	199
3026.89	194
3027.36	205
3027.83	212
3028.3	186
3028.77	196
3029.24	193
3029.71	198
3030.18	205
3030.65	187
3031.11	197
3031.58	179
3032.05	182
3032.52	180
3032.99	173
3033.46	184
3033.93	183
3034.4	178
3034.87	182
3035.34	173
3035.8	181
3036.27	163
3036.74	179
3037.21	176
3037.68	175
3038.15	170
3038.62	171
3039.08	158
3039.55	180
3040.02	168
3040.49	170
3040.96	176
3041.43	180
3041.89	172
3042.36	163
3042.83	163
3043.3	162
3043.77	161
3044.23	164
3044.7	163
3045.17	168
3045.64	161
3046.1	159
3046.57	161
3047.04	153
3047.51	155
3047.97	145
3048.44	153
3048.91	157
3049.38	163
3049.84	152
3050.31	151
3050.78	143
3051.25	147
3051.71	154
3052.18	155
3052.65	145
3053.11	129
3053.58	147
3054.05	151
3054.51	139
3054.98	149
3055.45	135
3055.91	137
3056.38	143
3056.85	137
3057.31	147
3057.78	146
3058.24	146
3058.71	148
3059.18	131
3059.64	134
3060.11	127
3060.58	127
3061.04	129
3061.51	131
3061.97	135
3062.44	137
3062.91	127
3063.37	125
3063.84	137
3064.3	124
3064.77	128
3065.23	130
3065.7	130
3066.16	128
3066.63	129
3067.1	136
3067.56	122
3068.03	127
3068.49	129
3068.96	129
3069.42	127
3069.89	127
3070.35	115
3070.82	121
3071.28	119
3071.75	121
3072.21	121
3072.67	121
3073.14	120
3073.6	120
3074.07	126
3074.53	120
3075	116
3075.46	124
3075.93	116
3076.39	113
3076.86	119
3077.32	119
3077.78	114
3078.25	114
3078.71	112
3079.18	116
3079.64	112
3080.1	117
3080.57	108
3081.03	115
3081.49	107
3081.96	125
3082.42	112
3082.89	108
3083.35	117
3083.81	108
3084.28	106
3084.74	111
3085.2	106
3085.67	110
3086.13	103
3086.59	109
3087.06	117
3087.52	103
3087.98	107
3088.45	112
3088.91	109
3089.37	112
3089.83	101
3090.3	102
3090.76	103
3091.22	101
3091.68	98
3092.15	102
3092.61	99
3093.07	96
3093.53	96
3094	112
3094.46	97
3094.92	109
3095.38	104
3095.85	102
3096.31	98
3096.77	103
3097.23	109
3097.69	107
3098.16	95
3098.62	109
3099.08	94
3099.54	113
3100	102
3100.47	98
3100.93	98
3101.39	105
3101.85	105
3102.31	97
3102.77	114
3103.23	106
3103.7	103
3104.16	98
3104.62	109
3105.08	103
3105.54	113
3106	108
3106.46	104
3106.92	108
3107.38	102
3107.84	106
3108.31	106
3108.77	101
3109.23	98
3109.69	104
3110.15	109
3110.61	102
3111.07	100
3111.53	99
3111.99	90
3112.45	102
3112.91	99
3113.37	105
3113.83	99
3114.29	99
3114.75	97
3115.21	93
3115.67	95
3116.13	94
3116.59	97
3117.05	89
3117.51	94
3117.97	95
3118.43	90
3118.89	84
3119.35	91
3119.81	93
3120.27	95
3120.73	94
3121.19	92
3121.65	89
3122.11	82
3122.57	89
3123.02	88
3123.48	91
3123.94	88
3124.4	91
3124.86	89
3125.32	86
3125.78	83
3126.24	88
3126.7	84
3127.16	81
3127.61	87
3128.07	90
3128.53	85
3128.99	89
3129.45	89
3129.91	91
3130.37	89
3130.82	82
3131.28	84
3131.74	85
3132.2	80
3132.66	78
3133.11	89
3133.57	83
3134.03	88
3134.49	86
3134.95	89
3135.4	88
3135.86	75
3136.32	87
3136.78	88
3137.23	95
3137.69	79
3138.15	81
3138.61	86
3139.07	81
3139.52	77
3139.98	80
3140.44	78
3140.89	83
3141.35	87
3141.81	88
3142.27	94
3142.72	80
3143.18	86
3143.64	79
3144.09	88
3144.55	82
3145.01	79
3145.46	89
3145.92	84
3146.38	76
3146.83	85
3147.29	84
3147.75	83
3148.2	85
3148.66	86
3149.12	76
3149.57	87
3150.03	82
3150.49	78
3150.94	77
3151.4	87
3151.85	77
3152.31	85
3152.77	86
3153.22	82
3153.68	79
3154.13	84
3154.59	87
3155.04	83
3155.5	81
3155.96	82
3156.41	84
3156.87	79
3157.32	81
3157.78	85
3158.23	87
3158.69	85
3159.14	87
3159.6	75
3160.05	81
3160.51	79
3160.96	80
3161.42	85
3161.87	81
3162.33	87
3162.78	80
3163.24	84
3163.69	90
3164.15	88
3164.6	84
3165.06	74
3165.51	88
3165.97	80
3166.42	72
3166.88	81
3167.33	85
3167.78	80
3168.24	80
3168.69	85
3169.15	74
3169.6	81
3170.05	88
3170.51	80
3170.96	87
3171.42	78
3171.87	80
3172.32	88
3172.78	83
3173.23	78
3173.68	76
3174.14	82
3174.59	79
3175.05	87
3175.5	75
3175.95	86
3176.41	76
3176.86	80
3177.31	77
3177.77	80
3178.22	84
3178.67	77
3179.12	77
3179.58	83
3180.03	76
3180.48	87
3180.94	76
3181.39	85
3181.84	80
3182.29	80
3182.75	90
3183.2	81
3183.65	76
3184.1	85
3184.56	85
3185.01	73
3185.46	88
3185.91	89
3186.37	84
3186.82	85
3187.27	83
3187.72	87
3188.18	85
3188.63	83
3189.08	83
3189.53	91
3189.98	78
3190.44	83
3190.89	81
3191.34	87
3191.79	87
3192.24	83
3192.69	81
3193.15	81
3193.6	87
3194.05	88
3194.5	89
3194.95	83
3195.4	91
3195.85	80
3196.31	90
3196.76	83
3197.21	79
3197.66	85
3198.11	92
3198.56	86
3199.01	91
3199.46	88
3199.91	88
3200.36	89
3200.81	89
3201.27	87
3201.72	88
3202.17	82
3202.62	82
3203.07	81
3203.52	88
3203.97	90
3204.42	95
3204.87	82
3205.32	87
3205.77	85
3206.22	97
3206.67	92
3207.12	90
3207.57	90
3208.02	87
3208.47	96
3208.92	79
3209.37	78
3209.82	79
3210.27	86
3210.72	89
3211.17	87
3211.62	89
3212.07	95
3212.52	94
3212.96	90
3213.41	90
3213.86	89
3214.31	85
3214.76	91
3215.21	90
3215.66	87
3216.11	84
3216.56	91
3217.01	91
3217.46	85
3217.9	90
3218.35	96
3218.8	94
3219.25	96
3219.7	93
3220.15	88
3220.6	93
3221.04	87
3221.49	95
3221.94	83
3222.39	86
3222.84	98
3223.29	88
3223.73	86
3224.18	103
3224.63	96
3225.08	97
3225.53	93
3225.98	82
3226.42	87
3226.87	92
3227.32	96
3227.77	88
3228.21	93
3228.66	94
3229.11	97
3229.56	97
3230	86
3230.45	88
3230.9	86
3231.35	92
3231.79	95
3232.24	96
3232.69	95
3233.14	89
3233.58	85
3234.03	92
3234.48	86
3234.92	86
3235.37	95
3235.82	92
3236.26	87
3236.71	90
3237.16	96
3237.61	98
3238.05	91
3238.5	99
3238.95	90
3239.39	85
3239.84	103
3240.28	91
3240.73	91
3241.18	102
3241.62	98
3242.07	107
3242.52	89
3242.96	95
3243.41	97
3243.85	98
3244.3	98
3244.75	83
3245.19	86.5
3245.64	90
3246.08	100
3246.53	98
3246.97	94
3247.42	92
3247.87	94
3248.31	94
3248.76	86
3249.2	94
3249.65	89
3250.09	91
3250.54	97
3250.98	98
3251.43	83
3251.87	95
3252.32	96
3252.76	86
3253.21	103
3253.65	90
3254.1	98
3254.54	93
3254.99	85
3255.43	98
3255.88	98
3256.32	94
3256.77	94
3257.21	90
3257.66	97
3258.1	91
3258.54	100
3258.99	95
3259.43	98
3259.88	90
3260.32	93
3260.77	95
3261.21	90
3261.65	92
3262.1	95
3262.54	103
3262.99	93
3263.43	92
3263.87	95
3264.32	91
3264.76	92
3265.21	99
3265.65	96
3266.09	91
3266.54	85
3266.98	97
3267.42	88
3267.87	88
3268.31	92.5
3268.75	97
3269.2	88
3269.64	88
3270.08	89
3270.53	90
3270.97	89
3271.41	91
3271.86	97
3272.3	93
3272.74	92
3273.18	89
3273.63	95
3274.07	95
3274.51	93
3274.95	93
3275.4	88
3275.84	82
3276.28	92
3276.72	95
3277.17	87
3277.61	92
3278.05	86
3278.49	91
3278.94	92
3279.38	99
3279.82	97
3280.26	89
3280.7	92
3281.15	88
3281.59	89
3282.03	88
3282.47	100
3282.91	91
3283.36	88
3283.8	92
3284.24	89
3284.68	80
3285.12	90
3285.56	88
3286	89
3286.45	92
3286.89	87
3287.33	83
3287.77	86
3288.21	87
3288.65	95
3289.09	81
3289.53	99
3289.98	93
3290.42	85
3290.86	90
3291.3	91
3291.74	84
3292.18	91
3292.62	88
3293.06	84
3293.5	87
3293.94	98
3294.38	81
3294.82	91
3295.26	80
3295.7	88
3296.14	91
3296.58	84
3297.02	82
3297.46	88
3297.91	81
3298.34	85
3298.79	80
3299.23	83
3299.67	87
3300.11	85
3300.54	88
3300.99	86
3301.42	89
3301.86	85
3302.3	85
3302.74	82
3303.18	95
3303.62	82
3304.06	88
3304.5	88
3304.94	75
3305.38	78
3305.82	86
3306.26	89
3306.7	79
3307.14	88
3307.58	81
3308.02	84
3308.45	80
3308.89	80
3309.33	86
3309.77	87
3310.21	82
3310.65	82
3311.09	86
3311.53	87
3311.96	80
3312.4	80
3312.84	75
3313.28	83
3313.72	79
3314.16	79
3314.59	81
3315.03	77
3315.47	79
3315.91	88
3316.35	81
3316.79	85
3317.22	80
3317.66	79
3318.1	75
3318.54	81
3318.98	78
3319.41	80
3319.85	83
3320.29	84
3320.73	76
3321.16	71
3321.6	79
3322.04	84
3322.48	76
3322.91	82
3323.35	78
3323.79	82
3324.23	80
3324.66	79
3325.1	78
3325.54	81
3325.98	73
3326.41	76
3326.85	80
3327.29	71
3327.72	84
3328.16	79
3328.6	83
3329.03	70
3329.47	75
3329.91	70
3330.34	81
3330.78	86
3331.22	79
3331.65	78
3332.09	80
3332.53	77
3332.96	79
3333.4	72
3333.83	78
3334.27	75
3334.71	79
3335.14	76
3335.58	80
3336.02	75
3336.45	77
3336.89	81
3337.32	74
3337.76	75
3338.19	81
3338.63	75
3339.07	75
3339.5	75
3339.94	76
3340.37	78
3340.81	78
3341.24	82
3341.68	73
3342.11	75
3342.55	78
3342.98	71
3343.42	80
3343.86	72
3344.29	73
3344.72	74
3345.16	65
3345.6	73
3346.03	75
3346.47	77
3346.9	69
3347.33	72
3347.77	69
3348.2	68
3348.64	75
3349.07	70
3349.51	71
3349.94	74
3350.38	69
3350.81	71
3351.25	73
3351.68	69
3352.11	68
3352.55	59
3352.98	69
3353.42	68
3353.85	68
3354.28	71
3354.72	65
3355.15	72
3355.59	74
3356.02	72
3356.45	73
3356.89	72
3357.32	67
3357.76	67
3358.19	69
3358.62	71
3359.06	76
3359.49	66
3359.92	71
3360.36	72
3360.79	66
3361.22	64
3361.66	75
3362.09	72
3362.52	69
3362.96	65
3363.39	72.9808
3363.82	71.0076
3364.25	69.3842
3364.69	67.2082
3365.12	68.3484
3365.55	70.8914
3365.99	66.0637
3366.42	63.2457
3366.85	70.4208
3367.28	60.125
3367.72	63.5231
3368.15	73.0894
3368.58	65.1612
3369.01	65.4001
3369.45	64.9424
3369.88	72.0677
3370.31	67.5176
3370.74	67.3558
3371.18	72.9265
3371.61	68.2368
3372.04	61.9054
3372.47	62.6238
3372.9	66.8457
3373.34	66.2223
3373.77	62.2656
3374.2	63.3257
3374.63	68.046
3375.06	64.1954
3375.5	70.4163
3375.93	67.9887
3376.36	68.3493
3376.79	63.9072
3377.22	68.703
3377.65	65.2887
3378.08	66.6115
3378.52	61.107
3378.95	66.6406
3379.38	71.6046
3379.81	64.1882
3380.24	64.7298
3380.67	61.754
3381.1	67.7788
3381.53	66.4035
3381.97	65.9046
3382.4	67.0017
3382.83	63.5358
3383.26	59.8428
3383.69	62.4737
3384.12	63.0892
3384.55	69.9959
3384.98	60.9597
3385.41	59.6486
3385.84	68.2705
3386.27	63.2298
3386.7	63.3176
3387.13	60.9038
3387.56	59.509
3388	68.5559
3388.43	65.2407
3388.86	66.9296
3389.29	61.526
3389.72	59.5288
3390.15	60.116
3390.58	66.888
3391.01	63.2206
3391.44	66.5623
3391.87	63.9567
3392.3	62.8061
3392.73	62.7934
3393.16	65.1088
3393.59	66.9162
3394.02	69.0397
3394.45	63.5539
3394.87	65.5286
3395.3	62.9914
3395.73	62.3393
3396.16	64.5862
3396.59	59.6615
3397.02	65.3943
3397.45	67.3929
3397.88	69.0296
3398.31	65.1063
3398.74	62.3231
3399.17	61.0931
3399.6	60.589
3400.03	62.1335
3400.46	62.4961
3400.88	56.9556
3401.31	58.5915
3401.74	65.2835
3402.17	60.1698
3402.6	60.4801
3403.03	62.2397
3403.46	61.7788
3403.89	62.14
3404.32	62.5539
3404.74	63.793
3405.17	64.9917
3405.6	64.5914
3406.03	65.9635
3406.46	62.4397
3406.89	61.3235
3407.17	60
3407.6	60
3408.03	62
3408.47	62
3408.9	64
3409.33	67
3409.76	60
3410.19	55
3410.62	63
3411.05	60
3411.48	52
3411.91	61
3412.34	63
3412.78	54
3413.21	62
3413.64	60
3414.07	52
3414.5	55
3414.93	61
3415.36	63
3415.79	65
3416.22	59
3416.65	63
3417.08	47
3417.51	63
3417.94	56
3418.37	56
3418.8	57
3419.23	52
3419.66	57
3420.09	65
3420.52	53
3420.95	54
3421.38	62
3421.81	59
3422.24	56
3422.67	56
3423.1	58
3423.53	60
3423.96	55
3424.39	62
3424.82	60
3425.25	53
3425.68	56
3426.11	58
3426.54	60
3426.97	55
3427.39	53.5
3427.82	52
3428.25	54
3428.68	61
3429.11	57
3429.54	63
3429.97	61
3430.4	49
3430.83	54
3431.26	67
3431.69	55
3432.11	43
3432.54	49
3432.97	55
3433.4	53
3433.83	52
3434.26	56
3434.68	60
3435.11	58
3435.54	51
3435.97	54
3436.4	51
3436.83	53
3437.26	53
3437.68	58
3438.11	49
3438.54	49
3438.97	59
3439.39	58
3439.82	47
3440.25	44
3440.68	44
3441.11	51
3441.53	53
3441.96	53
3442.39	47
3442.82	52
3443.24	51
3443.67	47
3444.1	49
3444.53	47
3444.95	48
3445.38	45
3445.81	54
3446.24	52
3446.66	48
3447.09	53
3447.52	48
3447.95	49
3448.37	51
3448.8	51
3449.23	52
3449.65	49
3450.08	45
3450.51	50
3450.93	51
3451.36	50
3451.79	53
3452.21	43
3452.64	47
3453.07	52
3453.49	46
3453.92	51
3454.35	56
3454.77	48
3455.2	45
3455.62	45
3456.05	45
3456.48	49
3456.9	51
3457.33	41
3457.75	49
3458.18	46
3458.61	46
3459.03	40
3459.46	50
3459.88	45
3460.31	52
3460.74	55
3461.16	43
3461.59	48
3462.01	46
3462.44	50
3462.86	48
3463.29	50
3463.71	46
3464.14	40
3464.56	50
3464.99	46
3465.42	45
3465.84	52
3466.27	49
3466.69	47
3467.12	53
3467.54	45
3467.97	47
3468.39	42
3468.82	45
3469.24	50
3469.67	50
3470.09	46
3470.51	43
3470.94	50
3471.36	40
3471.79	44
3472.21	41
3472.64	45
3473.06	43
3473.49	47
3473.91	39
3474.33	51
3474.76	40
3475.18	53
3475.61	44
3476.03	47
3476.46	39
3476.88	38
3477.3	43
3477.73	48
3478.15	44
3478.57	37
3479	40
3479.42	43
3479.85	41
3480.27	44
3480.69	42
3481.12	45
3481.54	32
3481.96	44
3482.39	45
3482.81	49
3483.23	51
3483.66	42
3484.08	44
3484.5	45
3484.93	43
3485.35	45
3485.77	41
3486.2	37
3486.62	40
3487.04	42
3487.46	47
3487.89	41
3488.31	43
3488.73	44
3489.16	45
3489.58	41
3490	42
3490.42	43
3490.85	39
3491.27	43
3491.69	40
3492.11	39
3492.54	40
3492.96	39
3493.38	46
3493.8	39
3494.23	46
3494.65	40
3495.07	43
3495.49	40
3495.91	44
3496.33	44
3496.76	44
3497.18	49
3497.6	36
3498.02	40
3498.44	43
3498.87	40
3499.29	37
3499.71	41
3500.13	39
3500.55	37
3500.97	40
3501.4	39
3501.82	42
3502.24	39
3502.66	40
3503.08	36
3503.5	45
3503.92	36
3504.34	39
3504.76	40
3505.19	35
3505.61	45
3506.03	43
3506.45	37
3506.87	34
3507.29	44
3507.71	44
3508.13	37
3508.55	41
3508.97	36
3509.39	33
3509.81	41
3510.23	43
3510.65	41
3511.07	39
3511.5	40
3511.92	36
3512.34	38
3512.76	43
3513.18	40
3513.6	32
3514.02	36
3514.44	39
3514.86	41
3515.28	35
3515.7	32
3516.12	40
3516.54	35
3516.96	38
3517.38	40
3517.79	40
3518.22	40
3518.63	35
3519.05	42
3519.47	44
3519.89	39
3520.31	36
3520.73	38
3521.15	42
3521.57	38
3521.99	46
3522.41	41
3522.83	43
3523.25	37
3523.67	38
3524.09	34
3524.5	32
3524.92	36
3525.34	38
3525.76	38
3526.18	42
3526.6	33
3527.02	34
3527.44	33
3527.85	37
3528.27	35
3528.69	39
3529.11	40
3529.53	36
3529.95	38
3530.37	41
3530.78	37
3531.2	34
3531.62	43
3532.04	37
3532.46	37
3532.87	41
3533.29	35
3533.71	40
3534.13	38
3534.55	42
3534.96	38
3535.38	34
3535.8	38
3536.22	33
3536.63	38
3537.05	37
3537.47	43
3537.89	35
3538.31	36
3538.72	40
3539.14	36
3539.56	40
3539.98	29
3540.39	37
3540.81	36
3541.23	33
3541.64	38
3542.06	29
3542.48	44
3542.89	35
3543.31	34
3543.73	35
3544.15	34
3544.56	35
3544.98	33
3545.4	39
3545.81	40
3546.23	37
3546.65	39
3547.06	31
3547.48	37
3547.9	33
3548.31	37
3548.73	36
3549.14	36
3549.56	35
3549.98	34
3550.39	31
3550.81	33
3551.23	33
3551.64	35
3552.06	35
3552.47	31
3552.89	37
3553.31	31
3553.72	38
3554.14	37
3554.55	38
3554.97	34
3555.39	33
3555.8	42
3556.22	35
3556.63	34
3557.05	37
3557.46	31
3557.88	40
3558.29	32
3558.71	33
3559.12	38
3559.54	37
3559.96	40
3560.37	33
3560.79	31
3561.2	31
3561.62	31
3562.03	35
3562.45	32
3562.86	39
3563.28	27
3563.69	29
3564.11	35
3564.52	38
3564.93	41
3565.35	32
3565.76	39
3566.18	36
3566.59	36
3567.01	32
3567.42	36
3567.84	30
3568.25	42
3568.67	35
3569.08	36
3569.49	41
3569.91	34
3570.32	35
3570.74	37
3571.15	33
3571.56	33
3571.98	29
3572.39	34
3572.81	35
3573.22	29
3573.63	37
3574.05	32
3574.46	34
3574.88	35
3575.29	35
3575.7	33
3576.12	34
3576.53	33
3576.94	35
3577.36	38
3577.77	32
3578.18	31
3578.6	39
3579.01	35
3579.42	35
3579.84	33
3580.25	34
3580.66	30
3581.08	37
3581.49	36
3581.9	34
3582.31	30
3582.73	37
3583.14	29
3583.55	31
3583.96	26
3584.38	28
3584.79	22
3585.2	32
3585.61	29
3586.03	34
3586.44	23
3586.85	24
3587.27	32
3587.68	31
3588.09	32
3588.5	32
3588.91	34
3589.33	30
3589.74	31
3590.15	33
3590.56	30
3590.97	32
3591.39	28
3591.8	29
3592.21	33
3592.62	31
3593.03	33
3593.45	31
3593.86	28
3594.27	34
3594.68	29
3595.09	31
3595.5	32
3595.91	32
3596.33	36
3596.74	31
3597.15	34
3597.56	33
3597.97	30
3598.38	35
3598.79	35
3599.21	32
3599.62	32
3600.03	33
3600.44	29
3600.85	34
3601.26	34
3601.67	29
3602.08	24
3602.49	34
3602.9	35
3603.31	31
3603.72	31
3604.14	32
3604.55	38
3604.96	34
3605.37	34
3605.78	34
3606.19	27
3606.6	37
3607.01	27
3607.42	30
3607.83	34
3608.24	34
3608.65	28
3609.06	28
3609.47	33
3609.88	31
3610.29	27
3610.7	32
3611.11	28
3611.52	28
3611.93	37
3612.34	29
3612.75	31
3613.16	33
3613.57	31
3613.98	32
3614.39	33
3614.8	34
3615.2	32
3615.61	33
3616.02	30
3616.43	35
3616.84	31
3617.25	33
3617.66	26
3618.07	27
3618.48	32
3618.89	29
3619.3	33
3619.71	31
3620.11	31
3620.52	37
3620.93	34
3621.34	32
3621.75	36
3622.16	34
3622.57	31
3622.98	25
3623.38	33
3623.79	33
3624.2	35
3624.61	31
3625.02	31
3625.43	29
3625.83	29
3626.24	26
3626.65	27
3627.06	24
3627.47	34
3627.88	30
3628.28	33
3628.69	33
3629.1	36
3629.51	35
3629.92	31
3630.32	30
3630.73	27
3631.14	32
3631.55	31
3631.95	36
3632.36	34
3632.77	25
3633.18	32
3633.58	29
3633.99	32
3634.4	25
3634.81	25
3635.21	34
3635.62	35
3636.03	30
3636.44	29
3636.84	26
3637.25	33
3637.66	34
3638.06	29
3638.47	33.5
3638.88	38
3639.28	34
3639.69	33
3640.1	31
3640.51	27
3640.91	35
3641.32	25
3641.73	30
3642.13	29
3642.54	31
3642.95	28
3643.35	28
3643.76	29
3644.16	31
3644.57	32
3644.98	28
3645.38	30
3645.79	29
3646.2	33
3646.6	35
3647.01	30
3647.41	27
3647.82	27
3648.23	26
3648.63	31
3649.04	34
3649.44	31
3649.85	29
3650.25	32
3650.66	27
3651.07	30
3651.47	35
3651.88	31
3652.28	34
3652.69	33
3653.09	25
3653.5	34
3653.91	34
3654.31	34
3654.72	30
3655.12	32
3655.53	30
3655.93	28
3656.34	33
3656.74	32
3657.15	38
3657.55	34
3657.96	36
3658.36	33
3658.77	31
3659.17	35
3659.58	33.5
3659.98	32
3660.38	30
3660.79	27
3661.19	33
3661.6	33
3662	26
3662.41	32
3662.81	28
3663.22	31
3663.62	30
3664.03	30
3664.43	27
3664.83	29
3665.24	28
3665.64	33
3666.05	28
3666.45	32
3666.85	28
3667.26	30
3667.66	27
3668.07	29
3668.47	26
3668.87	34
3669.28	25
3669.68	28
3670.09	33
3670.49	28
3670.89	35
3671.3	31
3671.7	25
3672.1	26
3672.51	24
3672.91	30
3673.31	27
3673.72	30
3674.12	25
3674.52	26
3674.93	32
3675.33	29
3675.73	27
3676.14	31
3676.54	26
3676.94	25
3677.34	33
3677.75	26
3678.15	31
3678.55	30
3678.95	29
3679.36	30
3679.76	26
3680.16	28
3680.57	26
3680.97	28
3681.37	27
3681.77	29
3682.18	26
3682.58	28
3682.98	30
3683.38	27
3683.78	29
3684.19	30
3684.59	32
3684.99	33
3685.39	26
3685.8	28
3686.2	29
3686.6	28
3687	30
3687.4	26
3687.8	30
3688.21	24
3688.61	39
3689.01	27
3689.41	35
3689.81	34
3690.21	33
3690.62	29
3691.02	29
3691.42	27
3691.82	33
3692.22	26
3692.62	27
3693.02	28
3693.43	35
3693.83	28
3694.23	27
3694.63	30
3695.03	26
3695.43	29
3695.83	34
3696.23	26
3696.63	26
3697.04	26
3697.44	33
3697.84	28
3698.24	30
3698.64	30
3699.04	25
3699.44	33
3699.84	25
3700.24	31
3700.64	29
3701.04	28
3701.44	28
3701.84	28
3702.24	28
3702.64	31
3703.04	24
3703.44	28
3703.84	24
3704.24	26
3704.64	28
3705.04	28
3705.44	30
3705.84	33
3706.24	26
3706.64	24
3707.04	27
3707.44	27
3707.84	26
3708.24	26
3708.64	30
3709.04	24
3709.44	26
3709.84	27
3710.24	28
3710.64	24
3711.04	22
3711.44	27
3711.84	26
3712.24	23
3712.64	27
3713.03	27
3713.43	22
3713.83	28
3714.23	25
3714.63	34
3715.03	27
3715.43	25
3715.83	30
3716.23	31
3716.63	18
3717.02	26
3717.42	27
3717.82	20
3718.22	29
3718.62	24
3719.02	30
3719.42	25
3719.81	30
3720.21	32
3720.61	31
3721.01	28
3721.41	28
3721.81	30
3722.2	27
3722.6	29
3723	26
3723.4	26
3723.8	25
3724.2	22
3724.59	31
3724.99	30
3725.39	23
3725.79	30
3726.18	30
3726.58	22
3726.98	28
3727.38	27
3727.78	24
3728.17	25
3728.57	28
3728.97	26
3729.37	28
3729.76	24
3730.16	28
3730.56	31
3730.96	30
3731.35	29
3731.75	26
3732.15	25
3732.54	29
3732.94	33
3733.34	28
3733.74	28
3734.13	26
3734.53	28
3734.93	29
3735.32	24
3735.72	27
3736.12	26
3736.51	26
3736.91	29
3737.31	29
3737.7	25
3738.1	25
3738.5	29
3738.89	24
3739.29	24
3739.69	27
3740.08	29
3740.48	23
3740.87	27
3741.27	26
3741.67	29
3742.06	24
3742.46	27
3742.85	23
3743.25	22
3743.65	26
3744.04	21
3744.44	30
3744.83	27
3745.23	33
3745.63	27
3746.02	32
3746.42	32
3746.81	33.9591
3747.21	25
3747.6	24.9845
3748	30.902
3748.4	28.8566
3748.79	24.0435
3749.19	24.154
3749.58	30.6458
3749.98	24.0842
3750.37	29.3202
3750.77	25.6136
3751.16	25.1792
3751.56	26.4988
3751.95	28.2066
3752.35	27.8564
3752.74	28.8952
3753.14	28.1221
3753.53	28.4045
3753.93	28.5502
3754.32	23.8266
3754.72	25.9646
3755.11	28.9735
3755.51	25.3926
3755.9	22.9122
3756.3	26.6788
3756.69	23.0702
3757.09	29.2785
3757.48	25.8168
3757.87	21.7929
3758.27	23.2571
3758.66	24.8945
3759.06	26.1931
3759.45	27.1836
3759.85	24.5317
3760.24	24.066
3760.64	23.119
3761.03	24.8516
3761.42	28.8815
3761.82	21.5057
3762.21	26.556
3762.61	22.5253
3763	26.0008
3763.39	21.8523
3763.79	27.9499
3764.18	27.2168
3764.57	24.8481
3764.97	27.8262
3765.36	28.2692
3765.76	28.7793
3766.15	29.4788
3766.54	22.1538
3766.94	23.6513
3767.33	27.4231
3767.72	26.4976
3768.12	27.0031
3768.51	25.545
3768.9	29.1203
3769.3	25.8464
3769.69	26.7209
3770.08	25.805
3770.48	28.9964
3770.87	28.6109
3771.26	28.0741
3771.66	26.9782
3772.05	24.312
3772.44	25.9037
3772.84	28.6061
3773.23	28.6965
3773.62	27.9976
3774.01	30.5811
3774.41	27.5386
3774.8	29.723
3775.19	26.4921
3775.58	26.75
3775.98	25.9794
3776.37	26.0933
3776.76	27.1561
3777.15	27.2327
3777.55	29.0155
3777.94	25.3164
3778.33	27.0478
3778.72	27.6139
3779.12	30.8962
3779.51	29.0252
3779.9	28.9168
3780.29	24.2242
3780.69	25.6654
3781.08	29.1956
3781.47	29.2999
3781.86	22.4594
3782.25	23.6421
3782.65	25.1216
3783.04	27.6615
3783.43	30.0414
3783.82	25.5446
3784.21	30.356
3784.6	27.0806
3785	25.3465
3785.39	28.57
3785.78	25.0499
3786.17	21.6075
3786.29	21
3786.68	27
3787.07	29
3787.47	33
3787.86	22
3788.26	25
3788.65	22
3789.05	22
3789.44	17
3789.83	25
3790.23	21
3790.62	21
3791.02	24
3791.41	31
3791.8	23
3792.2	24
3792.59	23
3792.98	25
3793.38	26
3793.77	21
3794.17	28
3794.56	25
3794.95	27
3795.35	17
3795.74	27
3796.13	24
3796.53	27
3796.92	25
3797.31	26
3797.71	25
3798.1	25
3798.49	27
3798.89	29
3799.28	22
3799.67	27
3800.07	24
3800.46	27
3800.85	24
3801.24	25
3801.64	18
3802.03	27
3802.42	23
3802.82	15
3803.21	25
3803.6	23
3803.99	23
3804.39	24
3804.78	25
3805.17	24.5
3805.56	24
3805.96	28
3806.35	21
3806.74	29
3807.13	27
3807.53	20
3807.92	17
3808.31	28
3808.7	26
3809.09	20
3809.49	25
3809.88	23
3810.27	21
3810.66	27
3811.05	24
3811.45	23
3811.84	29
3812.23	23
3812.62	25
3813.01	23
3813.41	21
3813.8	26
3814.19	26
3814.58	31
3814.97	28
3815.36	19
3815.75	24
3816.15	22
3816.54	24
3816.93	24
3817.32	24
3817.71	26
3818.1	22
3818.49	32
3818.88	31
3819.28	25
3819.67	28
3820.06	27
3820.45	27
3820.84	23
3821.23	33
3821.62	28
3822.01	31
3822.4	30
3822.79	28
3823.18	27
3823.57	24
3823.97	25
3824.36	28
3824.75	24
3825.14	29
3825.53	24
3825.92	24
3826.31	27
3826.7	29
3827.09	24
3827.48	26
3827.87	24
3828.26	27
3828.65	25
3829.04	31
3829.43	23
3829.82	28
3830.21	28
3830.6	26
3830.99	21
3831.38	23
3831.77	24
3832.16	22
3832.55	31
3832.94	25
3833.33	24
3833.72	24
3834.11	29
3834.5	28
3834.89	21
3835.28	26
3835.66	23
3836.05	28
3836.44	26
3836.83	23
3837.22	26
3837.61	26
3838	22
3838.39	25
3838.78	21
3839.17	28
3839.56	23
3839.95	19
3840.33	25
3840.72	30
3841.11	30
3841.5	21
3841.89	22
3842.28	27
3842.67	27
3843.06	26
3843.44	24
3843.83	28
3844.22	23
3844.61	25
3845	26
3845.39	27
3845.78	24
3846.16	30
3846.55	25
3846.94	29
3847.33	26
3847.72	27
3848.11	28
3848.49	27
3848.88	29
3849.27	28
3849.66	28
3850.05	26
3850.43	25
3850.82	25
3851.21	22
3851.6	22
3851.98	25
3852.37	26
3852.76	30
3853.15	23
3853.54	22
3853.92	28
3854.31	22
3854.7	23
3855.08	25
3855.47	31
3855.86	21
3856.25	29
3856.63	23
3857.02	28
3857.41	30
3857.8	28
3858.18	26
3858.57	31
3858.96	25
3859.34	25
3859.73	31
3860.12	27
3860.5	32
3860.89	26
3861.28	29
3861.66	28
3862.05	22
3862.44	27
3862.82	22
3863.21	27
3863.6	28
3863.98	28
3864.37	26
3864.76	26
3865.14	23
3865.53	29
3865.92	33
3866.3	25
3866.69	25
3867.08	22
3867.46	28
3867.85	24
3868.23	23
3868.62	26
3869.01	26
3869.39	26
3869.78	28
3870.16	22
3870.55	29
3870.94	24
3871.32	34
3871.71	27
3872.09	25
3872.48	27
3872.86	20
3873.25	22
3873.64	27
3874.02	24
3874.41	20
3874.79	24
3875.18	23
3875.56	24
3875.95	23
3876.33	28
3876.72	27
3877.1	23
3877.49	27
3877.87	23
3878.26	31
3878.64	19
3879.03	25
3879.41	27
3879.8	23
3880.18	24
3880.57	19
3880.95	24
3881.34	21
3881.72	29
3882.11	20
3882.49	22
3882.88	25
3883.26	27
3883.65	31
3884.03	26
3884.41	28
3884.8	30
3885.18	25
3885.57	29
3885.95	24
3886.34	23
3886.72	20
3887.1	20
3887.49	23
3887.87	27
3888.26	34
3888.64	29
3889.02	26
3889.41	25
3889.79	29
3890.18	29
3890.56	22
3890.94	23
3891.33	26
3891.71	32
3892.09	22
3892.48	34
3892.86	26
3893.25	28
3893.63	29
3894.01	25
3894.4	29
3894.78	34
3895.16	23
3895.55	26
3895.93	27
3896.31	27
3896.7	28
3897.08	30
3897.46	26
3897.84	21
3898.23	29
3898.61	28
3898.99	30
3899.38	33
3899.76	27
3900.14	25
3900.52	25
3900.91	21
3901.29	30
3901.67	26
3902.06	28
3902.44	27
3902.82	29
3903.2	29
3903.59	27
3903.97	26
3904.35	24
3904.73	28
3905.12	26
3905.5	22
3905.88	30
3906.26	25
3906.64	29
3907.03	31
3907.41	31
3907.79	26
3908.17	23
3908.56	29
3908.94	29
3909.32	27
3909.7	28
3910.08	26
3910.46	29
3910.85	24
3911.23	22
3911.61	25
3911.99	25
3912.37	28
3912.75	26
3913.14	27
3913.52	28
3913.9	28
3914.28	29
3914.66	22
3915.04	26
3915.42	26
3915.81	28
3916.19	28
3916.57	21
3916.95	20
3917.33	24
3917.71	25
3918.09	27
3918.47	26
3918.85	24
3919.23	25
3919.62	21
3920	18
3920.38	22
3920.76	27
3921.14	23
3921.52	32
3921.9	24
3922.28	26
3922.66	27
3923.04	27
3923.42	24
3923.8	28
3924.18	21
3924.56	757
3924.94	631
3925.32	427
3925.7	419
3926.08	125
3926.46	35
3926.84	26
3927.22	23
3927.6	27
3927.99	23
3928.36	22
3928.74	30
3929.12	21
3929.5	29
3929.88	28
3930.26	24
3930.64	27
3931.02	24
3931.4	20
3931.78	24
3932.16	28
3932.54	24
3932.92	24
3933.3	24
3933.68	28
3934.06	24
3934.44	25
3934.82	29
3935.2	27
3935.58	29
3935.96	26
3936.33	24
3936.71	27
3937.09	24
3937.47	27
3937.85	25
3938.23	23
3938.61	22
3938.99	24
3939.37	25
3939.75	25
3940.12	24
3940.5	29
3940.88	26
3941.26	21
3941.64	28
3942.02	25
3942.4	28
3942.78	26
3943.15	28
3943.53	28
3943.91	26
3944.29	22
3944.67	28
3945.05	24
3945.42	28
3945.8	24
3946.18	24
3946.56	25
3946.94	26
3947.31	24
3947.69	30
3948.07	25
3948.45	26
3948.83	25
3949.2	24
3949.58	22
3949.96	23
3950.34	27
3950.71	26
3951.09	25
3951.47	30
3951.85	26
3952.23	27
3952.6	25
3952.98	24
3953.36	22
3953.74	25
3954.11	28
3954.49	28
3954.87	28
3955.24	26
3955.62	25
3956	27
3956.38	25
3956.75	30
3957.13	20
3957.51	22
3957.88	29
3958.26	23
3958.64	24
3959.01	26
3959.39	23
3959.77	25
3960.14	23
3960.52	27
3960.9	28
3961.27	22
3961.65	27
3962.03	24
3962.4	27
3962.78	22
3963.16	23
3963.53	22
3963.91	24
3964.29	31
3964.66	22
3965.04	26
3965.41	26
3965.79	21
3966.17	26
3966.54	28
3966.92	28
3967.3	28
3967.67	22
3968.05	30
3968.42	24
3968.8	29
3969.18	28
3969.55	28
3969.93	26
3970.3	25
3970.68	26
3971.05	25
3971.43	21
3971.8	25
3972.18	31
3972.56	27
3972.93	28
3973.31	29
3973.68	29
3974.06	25
3974.43	26
3974.81	30
3975.18	30
3975.56	26
3975.93	32
3976.31	25
3976.68	22
3977.06	26
3977.43	28
3977.81	30
3978.18	29
3978.56	29
3978.93	29
3979.31	27
3979.68	28
3980.06	27
3980.43	25
3980.81	26
3981.18	23
3981.56	23
3981.93	22
3982.3	30
3982.68	27
3983.05	27
3983.43	24
3983.8	29
3984.18	29
3984.55	27
3984.92	29
3985.3	31
3985.67	29
3986.05	23
3986.42	27
3986.8	25
3987.17	22
3987.54	23
3987.92	18
3988.29	25
3988.67	30
3989.04	26
3989.41	24
3989.79	24
3990.16	23
3990.53	25
3990.91	33
3991.28	26
3991.65	24
3992.03	20
3992.4	22
3992.77	22
3993.15	28
3993.52	27
3993.9	20
3994.27	25
3994.64	28
3995.01	27
3995.39	28
3995.76	26
3996.13	22
3996.51	29
3996.88	22
3997.25	22
3997.63	28
3998	24
3998.37	24
3998.74	24
3999.12	23
3999.49	24
3999.86	20
