51.4629	9392
52.7545	9892
54.0474	10388
55.3386	10787
56.6296	10998
57.9203	11160
59.2108	10988
60.5012	11013
61.7928	10876
63.0827	10655
64.3724	10382
65.6619	10478
66.9511	10251
68.2402	10109
69.5291	9920
70.8177	9797
72.1076	9744
73.3958	9575
74.6838	9458
75.9716	9331
77.2592	9126
78.5466	8936
79.8337	8748
81.1207	8572
82.4074	8548
83.694	8333
84.9803	8207
86.2664	8108
87.5523	7856
88.838	7794
90.1235	7791
91.4087	7680
92.6938	7442
93.9786	7362
95.2633	7295
96.5477	7150
97.8319	6907
99.1159	6856
100.4	6719
101.683	6669
102.967	6572
104.25	6461
105.533	6397
106.814	6241
108.097	6241
109.379	6090
110.661	6036
111.943	5931
113.225	5865
114.506	5797
115.787	5633
117.067	5663
118.348	5532
119.628	5470
120.909	5351
122.189	5363
123.469	5246
124.747	5164
126.027	5064
127.306	5064
128.586	4983
129.865	4976
131.142	4901
132.42	4836
133.699	4813
134.977	4775
136.253	4656
137.531	4743
138.809	4708
140.085	4677
141.362	4586
142.639	4562
143.915	4564
145.19	4566
146.466	4551
147.743	4510
149.017	4541
150.293	4505
151.568	4454
152.842	4498
154.117	4374
155.39	4363
156.665	4354
157.939	4402
159.212	4282
160.486	4218
161.758	4227
163.032	4265
164.305	4201
165.577	4224
166.85	4187
168.121	4112
169.393	4098
170.664	4047
171.936	4083
173.208	4104
174.479	4030
175.75	4036
177.02	4046
178.291	4076
179.56	4128
180.831	4031
182.1	4080
183.369	4052
184.639	4010
185.907	4047
187.177	4060
188.445	4091
189.714	4061
190.981	4033
192.25	4017
193.517	4003
194.784	4040
196.053	4027
197.319	3941
198.587	4043
199.853	4103
201.119	4027
202.386	4049
203.652	4052
204.917	4051
206.183	4012
207.448	4000
208.713	3977
209.979	3984
211.243	4058
212.507	4006
213.771	3993
215.036	4015
216.299	3951
217.563	3968
218.827	3965
220.09	3975
221.353	3968
222.615	3975
223.879	3990
225.141	3951
226.403	3958
227.664	3978
228.925	3947
230.188	3949
231.449	3966
232.71	4036
233.97	3943
235.231	3974
236.491	3981
237.752	3964
239.012	3940
240.272	3928.5
241.531	3917
242.79	3944
244.049	3947
245.308	3931
246.566	3890
247.826	3942
249.084	3890
250.342	3866
251.6	3860
252.857	3841
254.115	3849
255.372	3865
256.629	3881
257.885	3850
259.142	3818
260.398	3835
261.654	3829
262.91	3821
264.166	3788
265.421	3832
266.677	3793
267.932	3860
269.187	3814
270.441	3804
271.696	3831
272.95	3893
274.204	3884
275.458	3839
276.712	3878
277.964	3878
279.217	3845
280.47	3870
281.723	3863
282.975	3853
284.228	3834
285.48	3843
286.732	3894
287.984	3803
289.234	3922
290.485	3876
291.737	3934
292.988	3905
294.239	3941
295.488	3894
296.738	3874
297.988	3932
299.238	3933
300.488	3968
301.736	3909
302.986	3879
304.235	3872
305.484	3927
306.731	3876
307.98	3900
309.228	3889
310.477	3914
311.723	3924
312.971	3962
314.218	3940
315.464	3899
316.712	3892
317.959	3923
319.204	3876
320.451	3957
321.697	3914
322.942	3913
324.188	3960
325.432	3987
326.678	3928
327.923	3979
329.167	3925
330.412	3903
331.655	3964
332.9	3993
334.144	3985
335.387	3952
336.631	3965
337.873	3997
339.117	3988
340.359	4060
341.602	3994
342.843	4047
344.086	3978
345.327	4023
346.57	4006
347.81	4012
349.052	3992
350.293	3991
351.534	3987
352.774	3994
354.016	3984
355.255	3988
356.496	4040
357.735	3974
358.974	4009
360.214	4003
361.453	4004
362.693	4008
363.931	4032
365.169	4024
366.408	4049
367.645	4061
368.883	4024
370.121	4041
371.358	3948
372.595	4018
373.833	4077
375.07	3993
376.306	3981
377.543	3978
378.779	3994
380.014	3945
381.251	3940
382.486	3890
383.721	3860
384.956	3948
386.192	3866
387.427	3933
388.661	3912
389.895	3930
391.129	3888
392.364	3917
393.597	3965
394.83	3940
396.063	3948
397.296	3995
398.53	4030
399.763	3996
400.995	4023
402.227	4038
403.459	4017
404.69	4047
405.922	4074
407.154	4131
408.385	4138
409.616	4211
410.847	4216
412.077	4288
413.308	4316
414.538	4362
415.767	4397
416.997	4458
418.227	4477
419.456	4554
420.685	4614
421.914	4682
423.142	4734
424.371	4795
425.599	4885
426.827	4923
428.055	4847
429.283	4936
430.51	4916
431.738	4935
432.965	4911
434.192	4914
435.418	4841
436.645	4824
437.871	4716
439.097	4727
440.323	4717
441.549	4627
442.773	4636
443.998	4577
445.224	4520
446.449	4524
447.673	4482
448.898	4396
450.122	4367
451.345	4355
452.569	4348
453.793	4245
455.016	4281
456.24	4366
457.461	4253
458.684	4205
459.907	4203
461.13	4180
462.351	4175
463.573	4176
464.795	4159
466.017	4190
467.237	4136
468.459	4197
469.68	4090
470.901	4154
472.12	4139
473.341	4086
474.561	4091
475.78	4029
477	4078
478.22	4082
479.439	4055
480.658	4089
481.877	4025
483.095	4046
484.314	4046
485.531	4040
486.75	4030
487.968	4057
489.185	4045
490.403	4046
491.619	4061
492.837	4080
494.053	4045
495.27	4095
496.485	4037
497.702	4072
498.919	4077
500.134	4114
501.35	4116
502.564	4075
503.779	4047
504.995	4077
506.209	4154
507.424	4105
508.637	4083
509.852	4135
511.065	4088
512.28	4088
513.493	4102
514.707	4085
515.919	4110
517.132	4126
518.345	4126
519.557	4079
520.769	4135
521.982	4107
523.193	4134
524.406	4091
525.616	4128
526.827	4140
528.039	4127
529.25	4177
530.46	4143
531.67	4140
532.881	4135
534.09	4142
535.3	4189
536.51	4214
537.719	4098
538.928	4152
540.137	4168
541.347	4118
542.555	4120
543.763	4126
544.971	4135
546.179	4071
547.388	4120
548.595	4106
549.802	4117
551.009	4153
552.216	4043
553.422	4107
554.63	4065
555.836	4044
557.042	4059
558.248	4031
559.453	4027
560.659	4014
561.864	4061
563.069	3951
564.274	3975
565.48	4034
566.684	3974
567.888	3976
569.092	4007
570.296	4032
571.5	4026
572.703	3993
573.907	3968
575.11	4007
576.313	3981
577.515	3994
578.718	3992
579.92	3951
581.122	4007
582.324	3986
583.526	4033
584.728	4021
585.929	4087
587.129	4085
588.33	4121
589.531	4139
590.731	4091
591.932	4106
593.132	4132
594.332	4176
595.532	4198
596.732	4201
597.93	4152
599.129	4136
600.328	4142
601.527	4055
602.726	4111
603.924	4117
605.121	4097
606.319	4066
607.517	4066
608.715	4090
609.913	4072
611.109	4086
612.306	4070
613.503	4066
614.699	4060
615.895	4136
617.092	4089
618.288	4091
619.483	4103
620.679	4138
621.874	4124
623.068	4068
624.264	4104
625.459	4065
626.652	4114
627.847	4084
629.042	4117
630.235	4038
631.429	4070
632.623	4094
633.815	4061
635.009	4124
636.201	4074
637.394	4058
638.586	4108
639.779	4131
640.972	4117
642.163	4061
643.355	4090
644.546	4092
645.738	4109
646.928	4119
648.12	4060
649.31	4128
650.501	4092
651.691	4122
652.882	4119
654.071	4068
655.261	4095
656.45	4062
657.639	4148
658.829	4144
660.017	4179
661.207	4103
662.394	4142
663.582	4140
664.771	4121
665.959	4128
667.147	4117
668.334	4228
669.521	4200
670.709	4170
671.896	4199
673.082	4211
674.269	4159
675.455	4199
676.641	4251
677.828	4204
679.013	4249
680.198	4213
681.383	4217
682.569	4282
683.754	4233
684.938	4230
686.123	4250
687.308	4287
688.492	4301
689.676	4281
690.859	4343
692.042	4260
693.227	4294
694.41	4341
695.593	4359
696.775	4326
697.957	4292
699.14	4299
700.323	4315
701.505	4257
702.686	4343
703.868	4293
705.049	4304
706.23	4309
707.411	4347
708.592	4263
709.772	4271
710.953	4326
712.133	4293
713.313	4253
714.493	4252
715.672	4314
716.852	4265
718.031	4296
719.21	4245
720.389	4259
721.567	4262
722.746	4314
723.924	4281
725.102	4310
726.28	4285
727.458	4304
728.636	4267
729.813	4254
730.99	4302
732.167	4287
733.344	4258
734.521	4238
735.697	4209
736.872	4295
738.048	4281
739.224	4268
740.4	4294
741.575	4359
742.751	4326
743.925	4291
745.1	4340
746.274	4347
747.449	4363
748.623	4396
749.796	4397
750.97	4378
752.144	4379
753.318	4368
754.49	4414
755.664	4387
756.837	4340
758.01	4389
759.181	4431
760.354	4435
761.526	4512
762.697	4472
763.869	4468
765.041	4438
766.211	4438
767.383	4504
768.554	4535
769.724	4522
770.895	4493
772.064	4551
773.235	4455
774.405	4520
775.574	4478
776.744	4552
777.913	4466
779.083	4502
780.251	4512
781.42	4603
782.589	4514
783.757	4531
784.926	4511
786.093	4527
787.261	4595
788.428	4503
789.596	4555
790.763	4528
791.93	4528
793.097	4518
794.263	4539
795.43	4507
796.595	4550
797.762	4540
798.927	4540
800.094	4514
801.259	4512
802.423	4513
803.589	4528
804.754	4489
805.918	4575
807.083	4491
808.247	4554
809.41	4537
810.575	4525
811.738	4574
812.902	4517
814.066	4579
815.229	4594
816.391	4580
817.555	4561
818.717	4542
819.879	4619
821.041	4611
822.204	4690
823.365	4600
824.526	4715
825.688	4756
826.848	4753
828.011	4773
829.171	4800
830.331	4788
831.492	4820
832.652	4764
833.811	4797
834.972	4689
836.132	4722
837.291	4765
838.45	4701
839.609	4703
840.768	4783
841.927	4719
843.085	4733
844.243	4791
845.401	4772
846.559	4704
847.717	4781
848.876	4793
850.033	4819
851.19	4845
852.347	4875
853.504	4870
854.66	4972
855.817	4980
856.973	5033
858.128	5115
859.284	5180
860.439	5204
861.595	5353
862.75	5430
863.905	5585
865.06	5750
866.215	5858
867.37	6237
868.524	6571
869.679	7034
870.831	7545
871.985	8074
873.139	8863
874.293	9611
875.446	10322
876.599	10950
877.751	11397
878.904	11613
880.056	11685
881.209	11305
882.361	11004
883.512	10344
884.664	9624
885.816	8869
886.967	8145
888.117	7479
889.269	6964
890.42	6459
891.57	6071
892.72	5806
893.87	5499
895.021	5437
896.17	5208
897.32	5049
898.469	4965
899.618	4897
900.767	4843
901.917	4781
903.064	4680
904.213	4627
905.361	4617
906.509	4574
907.658	4599
908.805	4502
909.953	4471
911.099	4440
912.247	4521
913.393	4446
914.54	4438
915.686	4413
916.833	4421
917.979	4409
919.125	4383
920.27	4416
921.417	4380
922.561	4379
923.707	4381
924.852	4368
925.997	4421
927.141	4403
928.285	4380
929.43	4407
930.574	4394
931.719	4389
932.862	4418
934.005	4425
935.149	4412
936.292	4353
937.434	4414
938.578	4388
939.72	4416
940.862	4404
942.005	4485
943.147	4404
944.288	4408
945.431	4444
946.572	4454
947.713	4387
948.853	4437
949.995	4423
951.135	4419
952.276	4449
953.416	4425
954.557	4455
955.697	4482
956.836	4461
957.975	4473
959.115	4426
960.255	4418
961.394	4480
962.532	4451
963.671	4473
964.809	4415
965.947	4453
967.085	4431
968.223	4467
969.362	4469
970.499	4429
971.636	4453
972.773	4490
973.91	4443
975.047	4416
976.183	4395
977.32	4416
978.456	4444
979.592	4414
980.728	4413
981.863	4432
982.999	4461
984.134	4407
985.269	4370
986.404	4485
987.539	4440
988.674	4403
989.808	4393
990.942	4433
992.075	4475
993.209	4415
994.343	4423
995.476	4395
996.61	4402
997.743	4492
998.876	4404
1000.01	4395
1001.14	4478
1002.27	4444
1003.41	4430
1004.54	4495
1005.67	4505
1006.8	4456
1007.93	4554
1009.06	4494
1010.19	4657
1011.33	4631
1012.46	4687
1013.59	4673
1014.72	4793
1015.85	4853
1016.98	4912
1018.11	4958
1019.24	5029
1020.36	5103
1021.49	5263
1022.62	5248
1023.75	5428
1024.88	5443
1026.01	5588
1027.14	5665
1028.27	5790
1029.39	5835
1030.52	5850
1031.65	5943
1032.78	5941
1033.9	5982
1035.03	5913
1036.16	5959
1037.28	5912
1038.41	5980
1039.53	6007
1040.66	5979
1041.79	5971
1042.91	5970
1044.04	5942
1045.16	6007
1046.29	6063
1047.41	6020
1048.54	6091
1049.66	5948
1050.79	5884
1051.91	5841
1053.04	5696
1054.16	5586
1055.28	5447
1056.41	5326
1057.53	5319
1058.65	5189
1059.78	5091
1060.9	4938
1062.02	4833
1063.14	4881
1064.27	4908
1065.39	4791
1066.51	4832
1067.63	4831
1068.75	4761
1069.87	4772
1070.99	4793
1072.12	4829
1073.24	4846
1074.36	4898
1075.48	4983
1076.6	5020
1077.72	5051
1078.84	5128
1079.96	5215
1081.08	5283
1082.19	5326
1083.31	5458
1084.43	5484
1085.55	5607
1086.67	5659
1087.79	5724
1088.91	5793
1090.02	5858
1091.14	5937
1092.26	5896
1093.38	5920
1094.49	5808
1095.61	5739
1096.73	5586
1097.85	5505
1098.96	5365
1100.08	5261
1101.19	5149
1102.31	5049
1103.43	4982
1104.54	4881
1105.66	4804
1106.77	4775
1107.89	4738
1109	4694
1110.12	4648
1111.23	4611
1112.35	4591
1113.46	4558
1114.57	4520
1115.69	4588
1116.8	4553
1117.91	4505
1119.03	4475
1120.14	4418
1121.25	4360
1122.37	4369
1123.48	4284
1124.59	4322
1125.7	4259
1126.82	4215
1127.93	4171
1129.04	4212
1130.15	4119
1131.26	4105
1132.37	4082
1133.48	4075
1134.59	4010
1135.7	3979
1136.81	3960
1137.92	3967
1139.04	3914
1140.14	3915
1141.25	3867
1142.36	3839
1143.47	3893
1144.58	3892
1145.69	3843
1146.8	3866
1147.91	3818
1149.02	3811
1150.12	3804
1151.23	3768
1152.34	3778
1153.45	3697
1154.56	3699.3
1155.66	3711.75
1156.77	3731.74
1157.88	3720.85
1158.98	3676.49
1160.09	3658.76
1161.2	3657.13
1162.3	3683.98
1163.41	3630.67
1164.51	3641.34
1165.62	3633.04
1166.73	3583.37
1167.83	3627.8
1168.94	3603.42
1170.04	3558.4
1171.15	3534.07
1172.25	3524.76
1173.35	3533.19
1174.46	3516.56
1175.56	3476.09
1176.67	3518.54
1177.77	3487.79
1178.87	3523.53
1179.98	3471.07
1181.08	3492.82
1182.18	3478.81
1183.29	3446
1184.39	3438.5
1185.49	3454.12
1186.59	3428.64
1187.7	3437.45
1188.8	3420.44
1189.9	3424.69
1191	3440.05
1192.1	3455.87
1193.2	3437.32
1194.3	3441.65
1195.4	3433.24
1196.51	3441.2
1197.61	3422.35
1198.71	3433.02
1199.81	3435.39
1200.91	3421.05
1202.01	3428.78
1203.11	3453.63
1204.2	3443.03
1205.31	3438.97
1206.4	3402.33
1207.5	3438.71
1208.6	3424.4
1209.7	3419.8
1210.8	3437.82
1211.9	3438.75
1212.99	3437.75
1214.09	3445.8
1215.19	3466.68
1216.29	3455.63
1217.38	3458.07
1218.48	3417.77
1219.58	3459.91
1220.67	3475.64
1221.77	3479.87
1222.87	3488.55
1223.96	3517.51
1225.06	3501.14
1226.16	3502.15
1227.25	3505.21
1228.35	3531.29
1229.44	3506.15
1230.54	3491.44
1231.63	3548.63
1232.73	3553.28
1233.82	3577.81
1234.92	3559.35
1236.01	3529.31
1237.1	3526.58
1238.2	3526.4
1239.29	3565.07
1240.39	3551.09
1241.48	3570.85
1242.57	3540.69
1243.66	3577.94
1244.76	3593.96
1245.85	3586.32
1246.94	3619.06
1248.03	3650.15
1249.13	3650.73
1250.22	3672.51
1251.31	3695.1
1252.4	3718.95
1253.49	3735.26
1254.59	3748.8
1255.68	3795.05
1256.77	3830.36
1257.86	3878.94
1258.95	3929.96
1260.04	3954.14
1261.13	4017.59
1262.22	4081.07
1263.31	4149.5
1264.4	4211.26
1265.49	4264.05
1265.94	4287
1267.03	4263
1268.13	4407
1269.22	4472
1270.31	4446
1271.41	4505
1272.5	4504
1273.6	4467
1274.69	4391
1275.78	4412
1276.88	4365
1277.97	4327
1279.06	4206
1280.15	4149
1281.25	4104
1282.34	4024
1283.43	3951
1284.52	3920
1285.61	3907
1286.71	3877
1287.8	3737
1288.89	3730
1289.98	3675
1291.07	3710
1292.16	3621
1293.25	3662
1294.34	3664
1295.43	3607
1296.52	3560
1297.61	3535
1298.7	3579
1299.79	3544
1300.88	3600
1301.97	3526
1303.06	3510
1304.15	3506
1305.23	3500
1306.32	3491
1307.41	3474
1308.5	3421
1309.59	3405
1310.67	3435
1311.76	3435
1312.85	3411
1313.94	3347
1315.02	3388
1316.11	3395
1317.2	3361.5
1318.28	3328
1319.37	3351
1320.46	3415
1321.54	3370
1322.63	3324
1323.71	3375
1324.8	3356
1325.88	3397
1326.97	3367
1328.05	3347
1329.14	3382
1330.22	3362
1331.31	3342
1332.39	3300
1333.48	3316
1334.56	3305
1335.64	3304
1336.73	3343
1337.81	3309
1338.89	3309
1339.98	3359
1341.06	3326
1342.14	3369
1343.22	3293
1344.31	3313
1345.39	3332
1346.47	3388
1347.55	3352
1348.63	3347
1349.72	3323
1350.8	3352
1351.88	3303
1352.96	3365
1354.04	3354
1355.12	3409
1356.2	3408
1357.28	3453
1358.36	3462
1359.44	3452
1360.52	3441
1361.6	3480
1362.68	3465
1363.76	3514
1364.84	3502
1365.92	3431
1366.99	3512
1368.07	3553
1369.15	3508
1370.23	3555
1371.31	3572
1372.39	3604
1373.46	3650
1374.54	3640
1375.62	3731
1376.7	3723
1377.77	3748
1378.85	3738
1379.92	3744
1381	3734
1382.08	3731
1383.15	3710
1384.23	3748
1385.31	3727
1386.38	3743
1387.46	3800
1388.53	3764
1389.61	3743
1390.68	3810
1391.76	3874
1392.83	3816
1393.91	3879
1394.98	3883
1396.05	3963
1397.13	3962
1398.2	4033
1399.28	4067
1400.35	4017
1401.42	4059
1402.5	4105
1403.57	4038
1404.64	4037
1405.71	4058
1406.79	4041
1407.86	4078
1408.93	3998
1410	4050
1411.07	4008
1412.14	3985
1413.22	4078
1414.29	4087
1415.36	4088
1416.43	4062
1417.5	4057
1418.57	4103
1419.64	4175
1420.71	4134
1421.78	4180
1422.85	4177
1423.92	4175
1424.99	4236
1426.06	4203
1427.13	4300
1428.2	4339
1429.27	4367
1430.33	4421
1431.4	4451
1432.47	4560
1433.54	4668
1434.61	4742
1435.68	4784
1436.74	4851
1437.81	4953
1438.88	5135
1439.95	5313
1441.01	5438
1442.08	5546
1443.15	5631
1444.21	5816
1445.28	5913
1446.35	6015
1447.41	6078
1448.48	6223
1449.54	6243
1450.61	6329
1451.67	6263
1452.74	6194
1453.8	6145
1454.87	6028
1455.93	5874
1457	5769
1458.06	5619
1459.12	5507
1460.19	5399
1461.25	5173
1462.32	5118
1463.38	5021
1464.44	4977
1465.51	4837
1466.57	4789
1467.63	4702
1468.69	4611
1469.76	4578
1470.82	4576
1471.88	4587
1472.94	4562
1474.01	4568
1475.07	4506
1476.13	4514
1477.19	4531
1478.25	4512
1479.31	4495
1480.37	4436
1481.43	4392
1482.49	4423
1483.55	4363
1484.61	4262
1485.67	4222
1486.73	4133
1487.79	4109
1488.85	4006
1489.91	3984
1490.97	3892
1492.03	3945
1493.09	3842
1494.15	3757
1495.2	3695
1496.26	3741
1497.32	3649
1498.38	3669
1499.44	3633
1500.49	3606
1501.55	3609
1502.61	3553
1503.67	3489
1504.72	3481
1505.78	3523
1506.84	3524
1507.89	3452
1508.95	3418
1510	3381
1511.06	3358
1512.12	3357
1513.17	3293
1514.23	3285
1515.28	3304
1516.34	3273
1517.39	3253
1518.45	3265
1519.5	3232
1520.56	3168
1521.61	3161
1522.66	3173
1523.72	3152
1524.77	3167
1525.82	3095
1526.88	3151
1527.93	3124
1528.99	3063
1530.04	3082
1531.09	3084
1532.14	3070
1533.2	3046
1534.25	3000
1535.3	3030
1536.35	2992
1537.4	2985
1538.45	2972
1539.51	2939
1540.56	2910
1541.61	2928
1542.66	2912
1543.71	2902
1544.76	2905
1545.81	2889
1546.86	2869
1547.91	2874
1548.96	2836
1550.01	2825
1551.06	2836
1552.11	2834
1553.16	2786
1554.21	2824
1555.26	2833
1556.31	2822
1557.35	2819
1558.4	2800
1559.45	2776
1560.5	2805
1561.55	2721
1562.6	2749
1563.64	2776
1564.69	2746
1565.74	2740
1566.79	2749
1567.83	2773
1568.88	2765
1569.93	2765
1570.97	2779
1572.02	2748
1573.06	2731
1574.11	2763
1575.16	2779
1576.2	2770
1577.25	2753
1578.29	2770
1579.34	2786
1580.38	2766
1581.43	2771
1582.47	2807
1583.52	2771
1584.56	2787
1585.61	2791
1586.65	2749
1587.69	2788
1588.74	2782
1589.78	2828
1590.82	2769
1591.87	2794
1592.91	2814
1593.95	2841
1594.99	2760
1596.04	2807
1597.08	2801
1598.12	2828
1599.16	2840
1600.21	2844
1601.25	2872
1602.29	2815
1603.33	2847
1604.37	2865
1605.41	2829
1606.45	2900
1607.49	2844
1608.54	2893
1609.58	2919
1610.62	2874
1611.66	2889
1612.7	2860
1613.74	2887
1614.78	2925
1615.81	2886
1616.85	2855
1617.89	2874
1618.93	2901
1619.97	2907
1621.01	2844
1622.05	2843
1623.09	2893
1624.12	2883
1625.16	2927
1626.2	2892
1627.24	2832
1628.28	2922
1629.31	2950
1630.35	2960
1631.39	3011
1632.42	2994
1633.46	3037
1634.5	3074
1635.53	3053
1636.57	3123
1637.61	3080
1638.64	3127
1639.68	3038
1640.71	2974
1641.75	2945
1642.78	2920
1643.82	2894
1644.85	2836
1645.89	2792
1646.92	2742
1647.96	2777
1648.99	2730
1650.02	2738
1651.06	2730
1652.09	2707
1653.13	2690
1654.16	2678
1655.19	2681
1656.23	2665
1657.26	2653
1658.29	2674
1659.32	2663
1660.36	2666
1661.39	2606
1662.42	2649
1663.45	2638
1664.48	2652
1665.52	2679
1666.55	2618
1667.58	2602
1668.61	2621
1669.64	2594
1670.67	2595
1671.7	2574
1672.73	2559
1673.76	2584
1674.79	2539
1675.82	2556
1676.85	2543
1677.88	2593
1678.91	2559
1679.94	2593
1680.97	2541
1682	2579
1683.03	2571
1684.06	2537
1685.09	2530
1686.12	2596
1687.14	2536
1688.17	2508
1689.2	2512
1690.23	2557
1691.25	2518
1692.28	2539
1693.31	2542
1694.34	2568
1695.36	2586
1696.39	2531
1697.42	2562
1698.44	2589
1699.47	2571
1700.5	2571
1701.52	2509
1702.55	2533
1703.57	2566
1704.6	2562
1705.62	2554
1706.65	2538
1707.68	2537
1708.7	2551
1709.73	2504
1710.75	2540
1711.77	2572
1712.8	2543
1713.82	2544
1714.85	2504
1715.87	2543
1716.89	2513
1717.92	2514
1718.94	2538
1719.96	2553
1720.99	2533
1722.01	2551
1723.03	2530
1724.05	2548
1725.08	2549
1726.1	2542
1727.12	2537
1728.14	2539
1729.17	2462
1730.19	2426
1731.21	2443
1732.23	2456
1733.25	2449
1734.27	2407
1735.29	2391
1736.31	2442
1737.33	2379
1738.35	2402
1739.37	2379
1740.39	2381
1741.41	2372
1742.43	2354
1743.45	2376
1744.47	2350
1745.49	2404
1746.51	2381
1747.53	2395
1748.55	2365
1749.57	2363
1750.58	2364
1751.6	2387
1752.62	2399
1753.64	2368
1754.66	2374
1755.67	2396
1756.69	2361
1757.71	2395
1758.73	2382
1759.74	2363
1760.76	2386
1761.78	2386
1762.79	2360
1763.81	2396
1764.83	2413
1765.84	2399
1766.86	2418
1767.87	2408
1768.89	2433
1769.9	2378
1770.92	2381
1771.93	2434
1772.95	2411
1773.96	2387
1774.98	2396
1775.99	2402
1777.01	2446
1778.02	2466
1779.04	2494
1780.05	2455
1781.06	2467
1782.08	2470
1783.09	2439
1784.1	2417
1785.12	2475
1786.13	2462
1787.14	2422
1788.15	2449
1789.17	2412
1790.18	2432
1791.19	2462
1792.2	2441
1793.21	2513
1794.23	2468
1795.24	2482
1796.25	2439
1797.26	2472
1798.27	2434
1799.28	2456
1800.29	2430
1801.3	2426
1802.31	2442
1803.32	2430
1804.33	2431
1805.34	2387
1806.35	2432
1807.36	2421
1808.37	2414
1809.38	2421
1810.39	2413
1811.4	2419
1812.41	2354
1813.42	2411
1814.42	2430
1815.43	2415
1816.44	2417
1817.45	2367
1818.46	2387
1819.46	2377
1820.47	2383
1821.48	2343
1822.49	2363
1823.49	2378
1824.5	2372
1825.51	2355
1826.51	2350
1827.52	2308
1828.53	2300
1829.53	2318
1830.54	2288
1831.55	2317
1832.55	2288
1833.56	2295
1834.56	2272
1835.57	2262
1836.57	2283
1837.58	2255
1838.58	2216
1839.59	2273
1840.59	2211
1841.59	2188
1842.6	2187
1843.6	2147
1844.61	2163
1845.61	2179
1846.61	2187
1847.62	2171
1848.62	2169
1849.62	2156
1850.63	2180
1851.63	2155
1852.63	2140
1853.63	2085
1854.64	2137
1855.64	2084
1856.64	2091
1857.64	2120
1858.64	2081
1859.64	2104
1860.65	2067
1861.65	2109
1862.65	2108
1863.65	2087
1864.65	2075
1865.65	2071
1866.65	2055
1867.65	2065
1868.65	2076
1869.65	2087
1870.65	2133
1871.65	2078
1872.65	2088
1873.65	2110
1874.65	2086
1875.65	2074
1876.65	2078
1877.64	2067
1878.64	2116
1879.64	2059
1880.64	2103
1881.64	2031
1882.64	2056
1883.63	2062
1884.63	2086
1885.63	2058
1886.63	2094
1887.62	2097
1888.62	2052
1889.62	2077
1890.61	2046
1891.61	2098
1892.61	2104
1893.6	2088
1894.6	2089
1895.59	2070
1896.59	2071
1897.59	2072
1898.58	2014
1899.58	2046
1900.57	2123
1901.57	2083
1902.56	2092
1903.56	2072
1904.55	2104
1905.55	2072
1906.54	2083
1907.53	2136
1908.53	2077
1909.52	2118
1910.51	2090
1911.51	2121
1912.5	2073
1913.49	2075
1914.49	2109
1915.48	2082
1916.47	2107
1917.47	2111
1918.46	2087
1919.45	2094
1920.44	2146
1921.43	2085
1922.43	2108
1923.42	2105
1924.41	2118
1925.4	2119
1926.39	2158
1927.38	2125
1928.37	2115
1929.36	2077
1930.35	2141
1931.35	2117
1932.34	2124
1933.33	2096
1934.32	2114
1935.31	2149
1936.29	2142
1937.29	2135
1938.27	2069
1939.26	2103
1940.25	2118
1941.24	2109
1942.23	2033
1943.22	2136
1944.21	2099
1945.2	2107
1946.18	2049
1947.17	2047
1948.16	2078
1949.15	2059
1950.13	2060
1951.12	2048
1952.11	2055
1953.1	2067
1954.08	2068
1955.07	2037
1956.06	2020
1957.04	2026
1958.03	2033
1959.02	2028
1960	2001
1960.99	2026
1961.97	1965
1962.96	2023
1963.94	2022
1964.93	2000
1965.91	2007
1966.9	2024
1967.88	1991
1968.87	1938
1969.85	1951
1970.84	2007
1971.82	1974
1972.8	1952
1973.79	1958
1974.77	1931
1975.76	1947
1976.74	1944
1977.72	1875
1978.71	1925
1979.69	1914
1980.67	1924
1981.65	1967
1982.64	1981
1983.62	1976
1984.6	1953
1985.58	1976
1986.57	1954
1987.55	1936
1988.53	1981
1989.51	1941
1990.49	1977
1991.47	1957
1992.45	1893
1993.43	1929
1994.42	1955
1995.4	1941
1996.38	1947
1997.36	1917
1998.34	1952
1999.32	1958
2000.3	1946
2001.28	1977
2002.26	1973
2003.23	1983
2004.21	1945
2005.19	1964
2006.17	1939
2007.15	1993
2008.13	1966
2009.11	1952
2010.09	1984
2011.06	1922
2012.04	1966
2013.02	1986
2014	1984
2014.98	1987
2015.95	2018
2016.93	1975
2017.91	2005
2018.88	2038
2019.86	2007
2020.84	2021
2021.81	1988
2022.79	2010
2023.77	2005
2024.74	2021
2025.72	2001
2026.69	2032
2027.67	1944
2028.65	1987
2029.62	1961
2030.6	2002
2031.57	2002
2032.55	1959
2033.52	2032
2034.5	2002
2035.47	2015
2036.44	2004
2037.42	2033
2038.39	2025
2039.37	2013
2040.34	2010
2041.31	2028
2042.29	2002
2043.26	2051
2044.23	2050
2045.21	2029
2046.18	2024
2047.15	2043
2048.12	2022
2049.1	2004
2050.07	2003
2051.04	2014
2052.01	2031
2052.98	1967
2053.96	1970
2054.93	1973
2055.9	1975
2056.87	1966
2057.84	1969
2058.81	1965
2059.78	1942
2060.75	1971
2061.72	1948
2062.69	2001
2063.66	1956
2064.63	1980
2065.6	1975
2066.57	1973
2067.54	2014
2068.51	2014
2069.48	1989
2070.45	1963
2071.42	2015
2072.39	2003
2073.36	1969
2074.32	1983
2075.29	1916
2076.26	2003
2077.23	1925
2078.2	1902
2079.16	1941
2080.13	1908
2081.1	1886
2082.07	1949
2083.03	1901
2084	1898
2084.97	1891
2085.93	1904
2086.9	1878
2087.87	1866
2088.83	1865
2089.8	1900
2090.77	1912
2091.73	1889
2092.7	1881
2093.66	1915
2094.63	1929
2095.59	1900
2096.56	1879
2097.52	1902
2098.49	1917
2099.45	1872
2100.42	1895
2101.38	1866
2102.35	1866
2103.31	1853
2104.27	1863
2105.24	1843
2106.2	1828
2107.16	1848
2108.13	1830
2109.09	1874
2110.05	1847.08
2111.02	1865.12
2111.98	1839.45
2112.94	1857.32
2113.9	1851.19
2114.87	1859.71
2115.83	1842.67
2116.79	1856.76
2117.75	1851.72
2118.71	1856.76
2119.68	1848.94
2120.64	1796.6
2121.6	1841.06
2122.56	1848.79
2123.52	1856.42
2124.48	1845.14
2125.44	1851.07
2126.4	1846.99
2127.36	1862.7
2128.32	1844.44
2129.28	1871.65
2130.24	1848.79
2131.2	1873.53
2132.16	1851.68
2133.12	1869.28
2134.08	1857.61
2135.04	1855.07
2136	1860.42
2136.96	1856.54
2137.92	1871
2138.88	1870.81
2139.83	1858.86
2140.79	1904.51
2141.75	1882.86
2142.71	1877.51
2143.67	1871.43
2144.62	1903.36
2145.58	1880.64
2146.54	1905.69
2147.5	1890.94
2148.45	1886.36
2149.41	1868.98
2150.37	1856.88
2151.32	1864.92
2152.28	1876.22
2153.24	1890.66
2154.19	1885.73
2155.15	1889.13
2156.11	1907.89
2157.06	1893.45
2158.02	1861.16
2158.97	1884.38
2159.93	1862.61
2160.88	1853.34
2161.84	1886.77
2162.79	1883.84
2163.75	1897.86
2164.7	1883.66
2165.66	1868.49
2166.61	1879.29
2167.57	1892.8
2168.52	1884.26
2169.48	1899.69
2170.43	1899.51
2171.38	1873.89
2172.34	1910.13
2173.29	1919.75
2174.24	1896.89
2175.2	1910.02
2176.15	1895.88
2177.1	1903.54
2178.05	1913.83
2179.01	1883.92
2179.96	1866.7
2180.91	1872.37
2181.86	1926.02
2182.82	1914.43
2183.77	1888.09
2184.72	1891.22
2185.67	1882.46
2186.62	1869.74
2187.57	1877.51
2188.52	1863.97
2189.47	1896.83
2190.43	1919.17
2191.38	1931.96
2192.33	1919.17
2193.28	1910.7
2194.23	1904.24
2195.18	1927.57
2196.13	1908.33
2197.08	1920.84
2198.03	1925.93
2198.98	1906.63
2199.93	1904.89
2200.87	1905.1
2201.82	1928.46
2202.77	1917.68
2203.72	1921.15
2204.67	1921.16
2205.62	1926.9
2205.98	1935
2206.93	1924
2207.88	1924
2208.84	1917
2209.79	1954
2210.74	1927
2211.69	1910
2212.65	1907
2213.6	1919
2214.55	1919
2215.5	1935
2216.45	1922
2217.41	1915
2218.36	1936
2219.31	1918
2220.26	1927
2221.21	1946
2222.16	1930
2223.11	1918
2224.06	1966
2225.01	1924
2225.96	1950
2226.91	1928
2227.86	1949
2228.81	1928
2229.76	1941
2230.71	1962
2231.66	1984
2232.61	1964
2233.56	1929
2234.51	1986
2235.46	1956
2236.41	1933
2237.36	1954
2238.31	1946
2239.25	1941
2240.2	1980
2241.15	1941
2242.1	1966
2243.05	1935
2243.99	1893
2244.94	2002
2245.89	1968
2246.83	1943
2247.78	1955
2248.73	1945
2249.68	1952
2250.62	1953
2251.57	1955
2252.52	1957
2253.46	1955
2254.41	1950
2255.35	1941
2256.3	1965
2257.25	1966
2258.19	1935
2259.14	1909
2260.08	1939
2261.03	1921
2261.97	1983
2262.92	1966
2263.86	1949
2264.81	1938
2265.75	1943
2266.7	1988
2267.64	1945
2268.58	1944
2269.53	1957
2270.47	1948
2271.41	1979
2272.36	1938
2273.3	1950
2274.24	1938
2275.19	1935
2276.13	1972
2277.07	1953
2278.02	1958
2278.96	1908
2279.9	1930
2280.84	1932
2281.78	1937
2282.73	1938
2283.67	1970
2284.61	1977
2285.55	1962
2286.49	1962
2287.43	1950
2288.38	1926
2289.32	1955
2290.26	1918
2291.2	1942
2292.14	1925
2293.08	1938
2294.02	1927
2294.96	1958
2295.9	1933
2296.84	1921
2297.78	1934
2298.72	1925
2299.66	1949
2300.59	1926
2301.53	1920
2302.47	1921
2303.41	1878
2304.35	1922
2305.29	1915
2306.23	1939
2307.17	1915
2308.1	1899
2309.04	1933
2309.98	1945
2310.92	1949
2311.85	1930
2312.79	1917
2313.73	1937
2314.67	1898
2315.6	1905
2316.54	1971
2317.48	1968
2318.41	1978
2319.35	1970
2320.29	1932
2321.22	1956
2322.16	1923
2323.09	1970
2324.03	1954
2324.97	1927
2325.9	1971
2326.84	1938
2327.77	1918
2328.71	1925
2329.64	1971
2330.58	1975
2331.51	2006
2332.45	1960
2333.38	1995
2334.31	1973
2335.25	2012
2336.18	1948
2337.12	2012
2338.05	1953
2338.98	1969
2339.92	1981
2340.85	1949
2341.78	1976
2342.72	1964
2343.65	1978
2344.58	1951
2345.51	1942
2346.45	1961
2347.38	1969
2348.31	1965
2349.24	1959
2350.17	1987
2351.11	1996
2352.04	1958
2352.97	2015
2353.9	1971
2354.83	1981
2355.76	2015
2356.69	1946
2357.62	1942
2358.55	2009
2359.48	1978
2360.42	1978
2361.35	2013
2362.27	2026
2363.21	1980
2364.13	1968
2365.07	1972
2365.99	1992
2366.92	1989
2367.85	2024
2368.78	1942
2369.71	1987
2370.64	1951
2371.57	1990
2372.5	1923
2373.43	2009
2374.35	1940
2375.28	1956
2376.21	1978
2377.14	2005
2378.07	1973
2378.99	1964
2379.92	1928
2380.85	1991
2381.77	1967
2382.7	1969
2383.63	2006
2384.56	1994
2385.48	1963
2386.41	1970
2387.33	1968
2388.26	1963
2389.19	1971
2390.11	1977
2391.04	1967
2391.96	1939
2392.89	1960
2393.82	1943
2394.74	1902
2395.67	1949
2396.59	1963
2397.51	1925
2398.44	1936
2399.36	1943
2400.29	1934
2401.21	1953
2402.14	1902
2403.06	1930
2403.98	1938
2404.91	1881
2405.83	1940
2406.76	1899
2407.68	1905
2408.6	1898
2409.52	1908
2410.45	1939
2411.37	1929
2412.29	1924
2413.22	1927
2414.14	1895
2415.06	1912
2415.98	1911
2416.9	1901
2417.83	1912
2418.75	1892
2419.67	1920
2420.59	1871
2421.51	1976
2422.43	1907
2423.35	1935
2424.27	1826
2425.2	1899
2426.12	1905
2427.04	1908
2427.96	1885
2428.88	1895
2429.8	1916
2430.72	1890
2431.64	1943
2432.56	1883
2433.48	1938
2434.4	1908
2435.31	1935
2436.23	1914
2437.15	1905
2438.07	1922
2438.99	1910
2439.91	1875
2440.83	1882
2441.75	1905
2442.66	1893
2443.58	1916
2444.5	1871
2445.42	1862
2446.33	1860
2447.25	1879
2448.17	1863
2449.09	1912
2450	1923
2450.92	1900
2451.84	1877
2452.75	1888
2453.67	1868
2454.59	1864
2455.5	1904
2456.42	1864
2457.33	1881
2458.25	1824
2459.17	1863
2460.08	1889
2461	1856
2461.91	1880
2462.83	1891
2463.74	1886
2464.66	1894
2465.57	1915
2466.49	1857
2467.4	1858
2468.31	1873
2469.23	1902
2470.14	1871
2471.06	1882
2471.97	1842
2472.88	1851
2473.8	1866
2474.71	1903
2475.62	1871
2476.54	1859
2477.45	1851
2478.36	1842
2479.28	1872
2480.19	1873
2481.1	1846
2482.01	1828
2482.93	1878
2483.84	1838
2484.75	1854
2485.66	1864
2486.57	1871
2487.49	1886
2488.4	1842
2489.31	1848
2490.22	1828
2491.13	1861
2492.04	1861
2492.95	1835
2493.86	1874
2494.77	1826
2495.68	1850
2496.59	1802
2497.5	1863
2498.41	1843
2499.32	1870
2500.23	1861
2501.14	1836
2502.05	1869
2502.96	1784
2503.87	1820
2504.78	1821
2505.69	1829
2506.6	1824
2507.5	1819
2508.41	1825
2509.32	1800
2510.23	1854
2511.14	1835
2512.04	1855
2512.95	1824
2513.86	1814
2514.77	1813
2515.68	1818
2516.58	1831
2517.49	1840
2518.4	1872
2519.3	1817
2520.21	1841
2521.12	1832
2522.02	1859
2522.93	1823
2523.83	1794
2524.74	1818
2525.65	1800
2526.55	1825
2527.46	1799
2528.36	1843
2529.27	1833
2530.17	1855
2531.08	1855
2531.98	1849
2532.89	1826
2533.79	1843
2534.7	1846
2535.6	1849
2536.51	1857
2537.41	1859
2538.32	1862
2539.22	1857
2540.12	1835
2541.03	1813
2541.93	1870
2542.83	1856
2543.74	1849
2544.64	1810
2545.54	1874
2546.45	1866
2547.35	1829
2548.25	1818
2549.15	1869
2550.06	1840
2550.96	1846
2551.86	1836
2552.76	1836
2553.66	1781
2554.57	1826
2555.47	1821
2556.37	1827
2557.27	1805
2558.17	1819
2559.07	1822
2559.97	1813
2560.87	1769
2561.77	1814
2562.67	1781
2563.57	1790
2564.47	1794
2565.37	1776
2566.27	1791
2567.17	1739
2568.07	1795
2568.97	1754
2569.87	1791
2570.77	1759
2571.67	1782
2572.57	1740
2573.47	1795
2574.37	1740
2575.27	1743
2576.16	1766
2577.06	1814
2577.96	1796
2578.86	1766
2579.76	1770
2580.65	1757
2581.55	1784
2582.45	1760
2583.35	1760
2584.24	1747
2585.14	1787
2586.04	1747
2586.94	1731
2587.83	1776
2588.73	1737
2589.62	1741
2590.52	1770
2591.42	1768
2592.31	1758
2593.21	1767
2594.1	1722
2595	1744
2595.9	1731
2596.79	1723
2597.69	1707
2598.58	1758
2599.48	1755
2600.37	1745
2601.27	1741
2602.16	1768
2603.06	1694
2603.95	1742
2604.84	1721
2605.74	1744
2606.63	1731
2607.53	1710
2608.42	1737
2609.31	1725
2610.21	1686
2611.1	1730
2611.99	1697
2612.89	1687
2613.78	1660
2614.67	1698
2615.57	1720
2616.46	1703
2617.35	1702
2618.24	1670
2619.14	1671
2620.03	1678
2620.92	1688
2621.81	1701
2622.7	1687
2623.59	1688
2624.48	1694
2625.38	1687
2626.27	1688
2627.16	1637
2628.05	1625
2628.94	1655
2629.83	1645
2630.72	1586
2631.61	1577
2632.5	1551
2633.39	1542
2634.28	1529
2635.17	1508
2636.06	1526
2636.95	1508
2637.84	1504
2638.73	1507
2639.62	1499
2640.51	1510
2641.4	1523
2642.28	1490
2643.17	1491
2644.06	1483
2644.95	1495
2645.84	1510
2646.73	1498
2647.61	1507
2648.5	1496
2649.39	1482
2650.28	1488
2651.17	1510
2652.05	1482
2652.94	1487
2653.83	1508
2654.71	1507
2655.6	1456
2656.49	1460
2657.37	1477
2658.26	1503
2659.15	1494
2660.03	1474
2660.92	1514
2661.8	1524
2662.69	1497
2663.58	1481
2664.46	1528
2665.35	1510
2666.23	1549
2667.12	1508
2668	1572
2668.89	1566
2669.77	1628
2670.66	1576
2671.54	1612
2672.43	1580
2673.31	1613
2674.19	1621
2675.08	1646
2675.96	1606
2676.84	1606
2677.73	1598
2678.61	1599
2679.5	1592
2680.38	1582
2681.26	1561
2682.14	1592
2683.03	1569
2683.91	1597
2684.79	1592
2685.68	1628
2686.56	1596
2687.44	1606
2688.32	1627
2689.2	1640
2690.09	1602
2690.97	1650
2691.85	1641
2692.73	1684
2693.61	1668
2694.49	1720
2695.37	1720
2696.25	1767
2697.14	1800
2698.02	1831
2698.9	1812
2699.78	1800
2700.66	1821
2701.54	1892
2702.42	1857
2703.3	1902
2704.18	1916
2705.06	1934
2705.94	1983
2706.81	1973
2707.69	1995
2708.57	1998
2709.45	2037
2710.33	1985
2711.21	1973
2712.09	2022.5
2712.97	2072
2713.84	2010
2714.72	2022
2715.6	2021
2716.48	2044
2717.36	2048
2718.23	2000
2719.11	1995
2719.99	2002
2720.87	2025
2721.74	1983
2722.62	1933
2723.5	1946
2724.37	1939
2725.25	1930
2726.13	1927
2727	1923
2727.88	1874
2728.76	1866
2729.63	1897
2730.51	1849
2731.38	1923
2732.26	1863
2733.14	1872
2734.01	1888
2734.89	1891
2735.76	1889
2736.64	1887
2737.51	1950
2738.39	1941
2739.26	1903
2740.13	1894
2741.01	1929
2741.88	1916
2742.76	1911
2743.63	1896
2744.5	1958
2745.38	1979
2746.25	1943
2747.13	1955
2748	1957
2748.87	1987
2749.75	1956
2750.62	1956
2751.49	1931
2752.36	1882
2753.24	1929
2754.11	1940
2754.98	1874
2755.85	1851
2756.73	1897
2757.6	1871
2758.47	1845
2759.34	1857
2760.21	1855
2761.08	1849
2761.96	1816
2762.83	1868
2763.7	1816
2764.57	1838
2765.44	1845
2766.31	1808
2767.18	1860
2768.05	1857
2768.92	1832
2769.79	1825
2770.66	1841
2771.53	1847
2772.4	1837
2773.27	1820
2774.14	1848
2775.01	1847
2775.88	1839
2776.75	1843
2777.62	1876
2778.49	1872
2779.36	1823
2780.22	1864
2781.09	1899
2781.96	1891
2782.83	1932
2783.7	1891
2784.57	1905
2785.43	1886
2786.3	1973
2787.17	1962
2788.04	1964
2788.9	1938
2789.77	1947
2790.64	1948
2791.5	1979
2792.37	1992
2793.24	2011
2794.1	2011
2794.97	1996
2795.84	2044
2796.7	2082
2797.57	2063
2798.44	2078
2799.3	2118
2800.17	2140
2801.03	2183
2801.9	2215
2802.76	2221
2803.63	2297
2804.5	2242
2805.36	2306
2806.23	2327
2807.09	2367
2807.95	2449
2808.82	2475
2809.68	2526
2810.55	2516
2811.41	2585
2812.28	2625
2813.14	2702
2814	2859
2814.87	2843
2815.73	2955
2816.59	3021
2817.46	3127
2818.32	3217
2819.18	3369
2820.05	3386
2820.91	3524
2821.77	3634
2822.63	3793
2823.5	3858
2824.36	3964
2825.22	4090
2826.08	4214
2826.94	4330
2827.81	4413
2828.67	4518
2829.53	4547
2830.39	4561
2831.25	4663
2832.11	4544
2832.98	4554
2833.84	4484
2834.7	4427
2835.56	4400
2836.42	4347
2837.28	4340
2838.14	4282
2839	4127
2839.86	4095
2840.72	4019
2841.58	3999
2842.44	4010
2843.3	3941
2844.16	3940
2845.02	3903
2845.88	3935
2846.73	3955
2847.59	3988
2848.45	3892
2849.31	3962
2850.17	3939
2851.03	3999
2851.89	4066
2852.74	4048
2853.6	4126
2854.46	4312
2855.32	4310
2856.18	4350
2857.03	4520
2857.89	4614
2858.75	4763
2859.6	4838
2860.46	4977
2861.32	5182
2862.18	5336
2863.03	5581
2863.89	5823
2864.74	6047
2865.6	6241
2866.46	6521
2867.31	6746
2868.17	6960
2869.03	7257
2869.88	7357
2870.74	7574
2871.59	7753
2872.45	7857
2873.3	7958
2874.16	8055
2875.01	8061
2875.87	8089
2876.72	8072
2877.58	8117
2878.43	7986
2879.29	7991
2880.14	7841
2880.99	7833
2881.85	7706
2882.7	7570
2883.55	7547
2884.41	7471
2885.26	7457
2886.12	7209
2886.97	7168
2887.82	7073
2888.68	6921
2889.53	6936
2890.38	6765
2891.23	6681
2892.09	6589
2892.94	6402
2893.79	6430
2894.64	6317
2895.49	6165
2896.35	6196
2897.2	6133
2898.05	6093
2898.9	5984
2899.75	5979
2900.6	5933
2901.45	5885
2902.31	5898
2903.16	5924
2904.01	5896
2904.86	5888
2905.71	5895
2906.56	5950
2907.41	6108
2908.26	6135
2909.11	6291
2909.96	6389
2910.81	6586
2911.66	6722
2912.51	6957
2913.36	7167
2914.21	7452
2915.06	7823
2915.9	8249
2916.75	8460
2917.6	8901
2918.45	9426
2919.3	9913
2920.15	10370
2921	10853
2921.84	11238
2922.69	11646
2923.54	11910
2924.39	12297
2925.24	12484
2926.08	12484
2926.93	12475
2927.78	12291
2928.63	12043
2929.47	11838
2930.32	11412
2931.17	11020
2932.01	10631
2932.86	10207
2933.71	9829
2934.55	9418
2935.4	9058
2936.25	8676
2937.09	8396
2937.94	8107
2938.78	7726
2939.63	7440
2940.47	7234
2941.32	6989
2942.16	6686
2943.01	6481
2943.86	6250.3
2944.7	6123.18
2945.54	5908.01
2946.39	5733.76
2947.23	5549.37
2948.08	5474.54
2948.92	5331.29
2949.77	5193.71
2950.61	5201.56
2951.45	5019.02
2952.3	5008.92
2953.14	5010.94
2953.99	4921.97
2954.83	4915.24
2955.67	4915.71
2956.52	4929.25
2957.36	5011.96
2958.2	5034.67
2959.04	5056.09
2959.89	5119.62
2960.73	5233.73
2961.57	5344.9
2962.41	5448.03
2963.26	5573.51
2964.1	5678.71
2964.94	5751.58
2965.78	5887.81
2966.62	5987.76
2967.47	6021.4
2968.31	6102.95
2969.15	6095.33
2969.99	6095.76
2970.83	6146.6
2971.67	6045.17
2972.51	6003.39
2973.35	5908.04
2974.19	5824.3
2975.04	5701.67
2975.88	5510.94
2976.72	5335.96
2977.56	5206.94
2978.4	5082.06
2979.24	4850.2
2980.08	4696.57
2980.92	4495.6
2981.76	4372.32
2982.6	4234.37
2983.43	4035.67
2984.27	3924.12
2985.11	3779.36
2985.95	3678.94
2986.79	3574.42
2987.63	3419.06
2988.47	3336.12
2989.31	3243.82
2990.14	3189.27
2990.98	3115.35
2991.82	3015.55
2992.66	2977.87
2993.5	2918.03
2994.33	2868.86
2995.17	2798.94
2996.01	2791.22
2996.85	2718.98
2997.68	2646.66
2998.52	2614.2
2999.36	2616.02
3000.2	2523.9
3001.03	2461.29
3001.87	2436.72
3002.71	2418.86
3003.54	2374.83
3004.38	2351.46
3005.21	2283.6
3006.05	2265.09
3006.89	2259.86
3007.72	2238.33
3008.56	2192.68
3009.39	2173.59
3010.23	2158.16
3011.06	2125.93
3011.9	2094.91
3012.74	2093.59
3013.57	2086.91
3014.41	2023.12
3015.24	2043.2
3016.07	2040.84
3016.91	1990.73
3017.74	2014.43
3018.58	2007.72
3019.41	1979.39
3020.25	1975.97
3021.08	1939.78
3021.91	1937.91
3022.75	1897.93
3023.58	1906.81
3024.41	1937.26
3025.25	1901.78
3026.08	1870.88
3026.91	1860.76
3027.75	1877.33
3028.58	1845.47
3028.73	1838
3029.57	1823
3030.4	1827
3031.24	1827
3032.08	1790
3032.92	1805
3033.75	1775
3034.59	1777
3035.42	1758
3036.26	1734
3037.1	1783
3037.93	1739
3038.77	1745
3039.61	1764
3040.44	1774
3041.28	1726
3042.11	1723
3042.95	1684
3043.78	1686
3044.62	1720
3045.45	1728
3046.29	1675
3047.12	1649
3047.96	1660
3048.79	1683
3049.63	1668
3050.46	1616
3051.29	1626
3052.13	1580
3052.96	1603
3053.8	1597
3054.63	1590
3055.46	1585
3056.3	1570
3057.13	1581
3057.96	1603
3058.8	1575
3059.63	1558
3060.46	1594
3061.3	1561
3062.13	1542
3062.96	1538
3063.79	1555
3064.63	1535
3065.46	1532
3066.29	1542
3067.12	1524
3067.95	1494
3068.79	1464
3069.62	1499
3070.45	1485
3071.28	1485
3072.11	1505
3072.94	1467
3073.77	1494
3074.6	1488
3075.44	1462
3076.27	1474
3077.1	1458
3077.93	1450
3078.76	1442
3079.59	1454
3080.42	1428
3081.25	1462
3082.08	1454
3082.91	1445
3083.74	1418
3084.57	1417
3085.4	1406
3086.23	1423
3087.05	1407
3087.88	1387
3088.71	1432
3089.54	1418
3090.37	1403
3091.2	1424
3092.03	1411
3092.86	1406
3093.68	1420
3094.51	1416
3095.34	1402
3096.17	1435
3097	1404
3097.82	1397
3098.65	1418
3099.48	1430
3100.31	1399
3101.13	1405
3101.96	1424
3102.79	1397
3103.61	1395
3104.44	1428
3105.27	1412
3106.09	1411
3106.92	1365
3107.75	1384
3108.57	1438
3109.4	1365
3110.22	1361
3111.05	1380
3111.88	1336
3112.7	1356
3113.53	1376
3114.35	1357
3115.18	1369
3116	1375
3116.83	1343
3117.65	1322
3118.48	1345
3119.3	1329
3120.13	1336
3120.95	1296
3121.77	1304
3122.6	1309
3123.42	1343
3124.25	1340
3125.07	1330
3125.89	1318
3126.72	1295
3127.54	1304
3128.36	1305
3129.19	1310
3130.01	1318
3130.83	1307
3131.66	1310
3132.48	1268
3133.3	1326
3134.13	1304
3134.95	1298
3135.77	1288
3136.59	1255
3137.41	1297
3138.24	1289
3139.06	1347
3139.88	1285
3140.7	1292
3141.52	1295
3142.34	1304
3143.17	1287
3143.99	1282
3144.81	1245
3145.63	1279
3146.45	1253
3147.27	1292
3148.09	1291
3148.91	1257
3149.73	1297
3150.55	1270
3151.37	1271
3152.19	1289
3153.01	1239
3153.83	1258
3154.65	1279
3155.47	1257
3156.29	1263
3157.11	1261
3157.93	1276
3158.75	1276
3159.57	1237
3160.39	1269
3161.2	1272
3162.02	1284
3162.84	1246
3163.66	1272
3164.48	1288
3165.3	1273
3166.12	1238
3166.93	1255
3167.75	1249
3168.57	1239
3169.39	1278
3170.2	1254
3171.02	1264
3171.84	1249
3172.65	1242
3173.47	1247
3174.29	1244
3175.11	1274
3175.92	1301
3176.74	1258
3177.56	1272
3178.37	1270
3179.19	1256
3180	1246
3180.82	1298
3181.64	1298
3182.45	1278
3183.27	1231
3184.08	1272
3184.9	1258
3185.71	1306
3186.53	1272
3187.34	1264
3188.16	1287
3188.97	1286
3189.79	1293
3190.6	1285
3191.42	1270
3192.23	1291
3193.05	1300
3193.86	1292
3194.67	1311
3195.49	1318
3196.3	1300
3197.12	1302
3197.93	1302
3198.74	1312
3199.56	1318
3200.37	1336
3201.18	1335
3202	1309
3202.81	1326
3203.62	1345
3204.43	1339
3205.25	1292
3206.06	1322
3206.87	1326
3207.68	1329
3208.5	1330
3209.31	1342
3210.12	1341
3210.93	1352
3211.74	1308
3212.56	1360
3213.37	1348
3214.18	1357
3214.99	1352
3215.8	1342
3216.61	1379
3217.42	1364
3218.23	1354
3219.04	1385
3219.85	1376
3220.66	1358
3221.47	1384
3222.28	1402
3223.09	1370
3223.91	1412
3224.71	1394
3225.52	1409
3226.33	1427
3227.14	1398
3227.95	1379
3228.76	1391
3229.57	1414
3230.38	1417
3231.19	1399
3232	1389
3232.81	1354
3233.62	1389
3234.42	1385
3235.23	1357
3236.04	1412
3236.85	1366
3237.66	1383
3238.47	1389
3239.27	1415
3240.08	1389
3240.89	1377
3241.7	1411
3242.5	1420
3243.31	1408
3244.12	1374
3244.92	1397
3245.73	1446
3246.54	1406
3247.34	1436
3248.15	1436
3248.96	1445
3249.76	1422
3250.57	1417
3251.38	1405
3252.18	1421
3252.99	1421
3253.79	1410
3254.6	1440
3255.41	1438
3256.21	1432
3257.02	1415
3257.82	1412
3258.63	1407
3259.43	1445
3260.24	1436
3261.04	1430
3261.85	1440
3262.65	1446
3263.46	1445
3264.26	1433
3265.06	1452
3265.87	1441
3266.67	1439
3267.48	1427
3268.28	1446
3269.08	1427
3269.89	1436
3270.69	1430
3271.49	1418
3272.3	1440
3273.1	1437
3273.9	1429
3274.71	1424
3275.51	1415
3276.31	1469
3277.11	1410
3277.92	1417
3278.72	1423
3279.52	1451
3280.32	1437
3281.13	1442
3281.93	1431
3282.73	1422
3283.53	1427
3284.33	1438
3285.13	1449
3285.93	1409
3286.74	1422
3287.54	1411
3288.34	1420
3289.14	1424
3289.94	1400
3290.74	1422
3291.54	1448
3292.34	1457
3293.14	1433
3293.94	1428
3294.74	1447
3295.54	1426
3296.34	1393
3297.14	1424
3297.94	1412
3298.74	1386
3299.54	1420
3300.34	1396
3301.14	1392
3301.94	1408
3302.74	1421
3303.53	1418
3304.33	1440
3305.13	1395
3305.93	1411
3306.73	1411
3307.53	1448
3308.33	1426
3309.12	1407
3309.92	1402
3310.72	1406
3311.52	1415
3312.32	1436
3313.11	1448
3313.91	1411
3314.71	1429
3315.5	1430
3316.3	1388
3317.1	1417
3317.9	1411
3318.69	1405
3319.49	1398
3320.29	1395
3321.08	1381
3321.88	1400
3322.67	1424
3323.47	1434
3324.27	1415
3325.06	1428
3325.86	1443
3326.65	1402
3327.45	1417
3328.24	1403
3329.04	1396
3329.84	1420
3330.63	1390
3331.43	1416
3332.22	1388
3333.01	1394
3333.81	1364
3334.6	1387
3335.4	1402
3336.19	1407
3336.99	1360
3337.78	1412
3338.58	1394
3339.37	1399
3340.16	1397
3340.96	1416
3341.75	1406
3342.54	1370
3343.34	1378
3344.13	1395
3344.92	1412
3345.72	1367
3346.51	1383
3347.3	1400
3348.1	1378
3348.89	1356
3349.68	1397
3350.47	1409
3351.26	1379
3352.06	1345
3352.85	1368
3353.64	1356
3354.43	1367
3355.22	1361
3356.02	1378
3356.81	1375
3357.6	1369
3358.39	1355
3359.18	1340
3359.97	1372
3360.76	1339
3361.55	1364
3362.34	1367
3363.13	1350
3363.93	1355
3364.72	1353
3365.51	1324
3366.3	1344
3367.09	1339
3367.88	1334
3368.67	1358
3369.46	1360
3370.25	1353
3371.03	1340
3371.82	1332
3372.61	1339
3373.4	1353
3374.19	1312
3374.98	1324
3375.77	1332
3376.56	1304
3377.35	1324
3378.14	1323
3378.92	1320
3379.71	1288
3380.5	1286
3381.29	1319
3382.08	1352
3382.86	1314
3383.65	1307
3384.44	1300
3385.23	1333
3386.01	1271
3386.8	1286
3387.59	1306
3388.38	1296
3389.16	1304
3389.95	1309
3390.74	1297
3391.52	1285
3392.31	1240
3393.1	1286
3393.88	1290
3394.67	1277
3395.45	1256
3396.24	1287
3397.03	1293
3397.81	1255
3398.6	1247
3399.38	1250
3400.17	1278
3400.95	1283
3401.74	1285
3402.52	1243
3403.31	1243
3404.09	1232
3404.88	1240
3405.66	1226
3406.45	1270
3407.23	1222
3408.02	1237
3408.8	1221
3409.59	1206
3410.37	1223
3411.15	1199
3411.94	1213
3412.72	1200
3413.51	1222
3414.29	1226
3415.07	1225
3415.86	1205
3416.64	1208
3417.42	1209
3418.2	1242
3418.99	1207
3419.77	1209
3420.55	1175
3421.34	1196
3422.12	1203
3422.9	1169
3423.68	1210
3424.47	1190
3425.25	1185
3426.03	1178
3426.81	1173
3427.59	1171
3428.37	1164
3429.16	1166
3429.94	1183
3430.72	1174
3431.5	1140
3432.28	1171
3433.06	1156
3433.84	1155
3434.62	1156
3435.4	1154
3436.18	1168
3436.96	1160
3437.74	1123
3438.52	1160
3439.3	1158
3440.08	1125
3440.86	1112
3441.64	1113
3442.42	1137
3443.2	1159
3443.98	1112
3444.76	1155
3445.54	1137
3446.32	1114
3447.1	1127
3447.88	1101
3448.66	1085
3449.43	1095
3450.21	1141
3450.99	1087
3451.77	1107
3452.55	1072
3453.33	1099
3454.11	1091
3454.88	1096
3455.66	1084
3456.44	1090
3457.22	1066
3457.99	1089
3458.77	1080
3459.55	1089
3460.32	1093
3461.1	1082
3461.88	1076
3462.66	1112
3463.43	1118
3464.21	1075
3464.99	1077
3465.76	1089
3466.54	1067
3467.31	1069
3468.09	1066
3468.87	1042
3469.64	1048
3470.42	1060
3471.19	1064
3471.97	1047
3472.74	1033
3473.52	1033
3474.3	1033
3475.07	1042
3475.85	1051
3476.62	1031
3477.4	1076
3478.17	1041
3478.94	1013
3479.72	1024
3480.49	1045
3481.27	1031
3482.04	1038
3482.82	1031
3483.59	1032
3484.36	1004
3485.14	1031
3485.91	1013
3486.68	1007
3487.46	989
3488.23	1002
3489	978
3489.78	1000
3490.55	992
3491.32	1004
3492.1	992
3492.87	1010
3493.64	984
3494.41	990
3495.19	969
3495.96	964
3496.73	973
3497.5	990
3498.27	966
3499.05	968
3499.82	966
3500.59	940
3501.36	942
3502.13	965
3502.9	947
3503.67	949
3504.45	922
3505.22	917
3505.99	915
3506.76	965
3507.53	980
3508.3	961
3509.07	924
3509.84	912
3510.61	943
3511.38	946
3512.15	932
3512.92	937
3513.69	925.5
3514.46	914
3515.23	920
3516	931
3516.77	927
3517.54	914
3518.31	904
3519.08	898
3519.85	892
3520.61	904
3521.38	911
3522.15	904
3522.92	900
3523.69	887
3524.46	895
3525.22	897
3525.99	922
3526.76	889
3527.53	905
3528.3	869
3529.06	876
3529.83	892
3530.6	894
3531.37	883
3532.13	857
3532.9	864
3533.67	878
3534.44	853
3535.2	875
3535.97	861
3536.74	871
3537.5	864
3538.27	864
3539.04	851
3539.8	894
3540.57	846
3541.33	870
3542.1	853
3542.86	858
3543.63	851
3544.4	847
3545.16	870
3545.93	847
3546.69	832
3547.46	828
3548.22	827
3548.99	842
3549.75	822
3550.52	853
3551.28	818
3552.05	831
3552.81	814
3553.58	831
3554.34	819
3555.1	847
3555.87	846
3556.63	815
3557.4	819
3558.16	831
3558.92	807
3559.69	827
3560.45	820
3561.21	799
3561.98	838
3562.74	838
3563.5	836
3564.27	838
3565.03	824
3565.79	834
3566.55	817
3567.32	826
3568.08	807
3568.84	787
3569.6	772
3570.36	788
3571.13	789
3571.89	795
3572.65	778
3573.41	814
3574.17	796
3574.93	802
3575.7	794
3576.46	780
3577.22	790
3577.98	813
3578.74	799
3579.5	804
3580.26	817
3581.02	807
3581.78	776
3582.54	781
3583.3	791
3584.06	769
3584.82	762
3585.58	781
3586.34	799
3587.1	777
3587.86	764
3588.62	772
3589.38	781
3590.14	749
3590.9	763
3591.66	763
3592.42	737
3593.18	762
3593.94	769
3594.69	746
3595.45	759
3596.21	762
3596.97	776
3597.73	743
3598.49	748
3599.24	757
3600	751
3600.76	738
3601.52	748
3602.28	748
3603.03	775
3603.79	717
3604.55	750
3605.31	752
3606.06	759
3606.82	761
3607.58	739
3608.33	758
3609.09	771
3609.85	782
3610.6	768
3611.36	746
3612.12	774
3612.87	769
3613.63	776
3614.38	751
3615.14	771
3615.9	750
3616.65	733
3617.41	737
3618.16	737
3618.92	719
3619.67	737
3620.43	744
3621.18	718
3621.94	738
3622.69	726
3623.45	713
3624.2	731
3624.96	723
3625.71	747
3626.47	730
3627.22	712
3627.97	696
3628.73	725
3629.48	719
3630.24	720
3630.99	721
3631.74	728
3632.5	710
3633.25	723
3634	738
3634.76	691
3635.51	720
3636.26	725
3637.02	708
3637.77	687
3638.52	663
3639.27	713
3640.03	699
3640.78	697
3641.53	686
3642.28	684
3643.04	681
3643.79	662
3644.54	661
3645.29	647
3646.04	687
3646.79	684
3647.55	658
3648.3	630
3649.05	663
3649.8	650
3650.55	663
3651.3	682
3652.05	656
3652.8	664
3653.55	683
3654.3	659
3655.06	657
3655.81	665
3656.56	648
3657.31	658
3658.06	684
3658.81	681
3659.56	695
3660.31	681
3661.06	665
3661.8	673
3662.55	672
3663.3	701
3664.05	673
3664.8	677
3665.55	680
3666.3	667
3667.05	671
3667.8	665
3668.55	671
3669.29	664
3670.04	668
3670.79	659
3671.54	674
3672.29	677
3673.04	683
3673.78	697
3674.53	678
3675.28	684
3676.03	686
3676.77	663
3677.52	687
3678.27	667
3679.02	672.247
3679.76	685.586
3680.51	679.513
3681.26	676.288
3682	684.003
3682.75	666.31
3683.5	669.56
3684.24	687.385
3684.99	679.731
3685.74	653.621
3686.48	661.416
3687.23	651.344
3687.97	665.339
3688.72	651.992
3689.47	655.309
3690.21	622.327
3690.96	652.395
3691.7	646.031
3692.45	651.568
3693.19	663.254
3693.94	667.127
3694.68	666.472
3695.43	673.788
3696.17	655.614
3696.92	660.672
3697.66	652.753
3698.41	677.734
3699.15	673.729
3699.9	659.962
3700.64	648.22
3701.38	659.837
3702.13	666.362
3702.87	670.112
3703.62	687.212
3704.36	674.962
3705.1	686.859
3705.85	661.423
3706.59	663.78
3707.33	649.83
3708.08	658.874
3708.82	656.635
3709.56	656.578
3710.31	642.848
3711.05	632.158
3711.79	654.715
3712.53	646.354
3713.28	652.066
3714.02	642.128
3714.76	648.357
3715.5	635.32
3716.25	638.163
3716.99	639.57
3717.73	640.643
3718.47	645.887
3719.21	654.356
3719.96	629.657
3720.7	636.833
3721.44	631.262
3722.18	634.631
3722.92	646.518
3723.66	636.129
3724.4	641.442
3725.14	646.152
3725.88	637.489
3726.63	659.337
3727.37	648.948
3728.11	658.054
3728.85	655.106
3729.59	661.274
3730.33	638.262
3731.07	642.02
3731.81	631.774
3732.55	636.221
3733.29	633.064
3734.03	642.257
3734.77	639.078
3735.51	630.792
3736.25	641.592
3736.99	647.006
3737.72	673.072
3738.46	658.99
3739.2	649.35
3739.94	643.33
3740.68	633.845
3741.42	645.735
3742.16	639.293
3742.9	657.333
3743.63	642.236
3744.37	651.928
3745.11	633.559
3745.85	634.569
3746.59	666.348
3747.32	641.377
3748.06	660.932
3748.8	650.432
3749.54	657.883
3750.27	650.893
3751.01	674.252
3751.75	667.663
3752.49	636.187
3753.22	664.823
3753.27	667
3754.01	646
3754.75	642
3755.49	640
3756.23	649
3756.97	634
3757.71	666
3758.45	628
3759.2	655
3759.94	642
3760.68	671
3761.42	661
3762.16	669
3762.9	665
3763.64	661
3764.38	627
3765.12	670
3765.86	653
3766.59	669
3767.33	685
3768.07	658
3768.81	656
3769.55	639
3770.29	663
3771.03	649
3771.77	648
3772.51	675
3773.25	654
3773.99	655
3774.72	646
3775.46	646
3776.2	647
3776.94	641
3777.68	647
3778.41	648
3779.15	674
3779.89	658
3780.63	632
3781.37	673
3782.1	652
3782.84	661
3783.58	684
3784.31	671
3785.05	662
3785.79	677
3786.53	653
3787.26	637
3788	651
3788.74	650
3789.47	649
3790.21	645
3790.94	654
3791.68	669
3792.42	663
3793.15	656
3793.89	656
3794.62	642
3795.36	657
3796.1	643
3796.83	640
3797.57	649.5
3798.3	659
3799.04	634
3799.77	665
3800.51	635
3801.24	653
3801.98	646
3802.71	648
3803.45	690
3804.18	625
3804.92	661
3805.65	640
3806.38	646
3807.12	658
3807.85	665
3808.59	650
3809.32	650
3810.05	681
3810.79	653
3811.52	673
3812.25	652
3812.99	664
3813.72	673
3814.45	671
3815.19	664
3815.92	659
3816.65	644
3817.39	648
3818.12	654
3818.85	659
3819.58	658
3820.32	654
3821.05	636
3821.78	627
3822.51	616
3823.24	644
3823.98	679
3824.71	635
3825.44	644
3826.17	625
3826.9	639
3827.63	639
3828.36	637
3829.1	652
3829.83	653
3830.56	647
3831.29	626
3832.02	636
3832.75	638
3833.48	628
3834.21	643
3834.94	639
3835.67	654
3836.4	629
3837.13	627
3837.86	617
3838.59	645
3839.32	648
3840.05	662
3840.78	657
3841.51	617
3842.24	644
3842.97	650
3843.7	647
3844.43	637
3845.16	631
3845.89	623
3846.62	600
3847.34	620
3848.07	617
3848.8	622
3849.53	622
3850.26	635
3850.99	614
3851.72	622
3852.44	638
3853.17	614
3853.9	640
3854.63	641
3855.36	611
3856.08	618
3856.81	610
3857.54	595
3858.26	626
3858.99	617
3859.72	611
3860.45	613
3861.17	594
3861.9	609
3862.63	629
3863.35	598
3864.08	570
3864.81	604
3865.53	611
3866.26	621
3866.99	632
3867.71	606
3868.44	618
3869.16	592
3869.89	596
3870.61	600
3871.34	601
3872.07	579
3872.79	594
3873.52	584
3874.24	579
3874.97	595
3875.69	602
3876.42	587
3877.14	628
3877.87	583
3878.59	599
3879.31	603
3880.04	599
3880.76	605
3881.49	579
3882.21	602
3882.94	589
3883.66	604
3884.38	604
3885.11	599
3885.83	596
3886.55	587
3887.28	584
3888	590
3888.72	598
3889.45	579
3890.17	605
3890.89	586
3891.62	601
3892.34	598
3893.06	599
3893.79	581
3894.51	591
3895.23	579
3895.95	590
3896.67	577
3897.4	594
3898.12	584
3898.84	599
3899.56	564
3900.28	592
3901.01	580
3901.73	573
3902.45	566
3903.17	585
3903.89	569
3904.61	581
3905.33	578
3906.05	592
3906.78	553
3907.5	570
3908.22	584
3908.94	608
3909.66	567
3910.38	581
3911.1	584
3911.82	585
3912.54	595
3913.26	595
3913.98	576
3914.7	574
3915.42	586
3916.14	566
3916.86	555
3917.58	561
3918.3	561
3919.02	583
3919.73	568
3920.45	588
3921.17	588
3921.89	568
3922.61	578
3923.33	568
3924.05	571
3924.77	548
3925.48	585
3926.2	564
3926.92	555
3927.64	587
3928.36	592
3929.08	581
3929.79	556
3930.51	581
3931.23	585
3931.95	571
3932.66	592
3933.38	573
3934.1	586
3934.82	570
3935.53	587
3936.25	589
3936.97	570
3937.68	553
3938.4	571
3939.12	584
3939.83	608
3940.55	583
3941.27	572
3941.98	599
3942.7	572
3943.41	578
3944.13	561
3944.85	574
3945.56	566
3946.28	572
3946.99	580
3947.71	561
3948.42	555
3949.14	563
3949.85	575
3950.57	555
3951.28	556
3952	565
3952.71	559
3953.43	559
3954.14	575
3954.86	576
3955.57	569
3956.29	565
3957	560
3957.71	550
3958.43	575
3959.14	553
3959.86	558
3960.57	578
3961.28	555
3962	572
3962.71	536
3963.42	564
3964.14	558
3964.85	539
3965.56	580
3966.28	561
3966.99	573
3967.7	569
3968.41	560
3969.13	571
3969.84	557
3970.55	562
3971.26	554
3971.98	586
3972.69	549
3973.4	568
3974.11	554
3974.83	546
3975.54	555
3976.25	562
3976.96	581
3977.67	552
3978.38	556
3979.09	543
3979.81	563
3980.52	539
3981.23	556
3981.94	552
3982.65	554
3983.36	536
3984.07	538
3984.78	559
3985.49	569
3986.2	563
3986.91	562
3987.62	550
3988.33	542
3989.04	532
3989.75	538
3990.46	555
3991.17	542
3991.88	530
3992.59	541
3993.3	541
3994.01	541
3994.72	541
3995.43	550
3996.14	553
3996.85	555
3997.56	543
3998.26	536
3998.97	545
3999.68	553
