51.4629	12168
52.7545	12721
54.0474	13070
55.3386	13356
56.6296	13439
57.9203	13542
59.2108	13357
60.5012	13313
61.7928	13059
63.0827	12857
64.3724	12777
65.6619	12570
66.9511	12347
68.2402	12272
69.5291	12094
70.8177	11871
72.1076	11753
73.3958	11506
74.6838	11332
75.9716	11138
77.2592	10916
78.5466	10745
79.8337	10587
81.1207	10387
82.4074	10236
83.694	10025
84.9803	9905
86.2664	9618
87.5523	9601
88.838	9321
90.1235	9320
91.4087	9091
92.6938	8909
93.9786	8734
95.2633	8689
96.5477	8452
97.8319	8326
99.1159	8215
100.4	8246
101.683	8051
102.967	7934
104.25	7764
105.533	7558
106.814	7478
108.097	7402
109.379	7325
110.661	7139
111.943	7135
113.225	6957
114.506	6889
115.787	6791
117.067	6701
118.348	6525
119.628	6468
120.909	6374
122.189	6248
123.469	6210
124.747	6112
126.027	6072
127.306	5908
128.586	5826
129.865	5804
131.142	5677
132.42	5646
133.699	5555
134.977	5463
136.253	5497
137.531	5389
138.809	5326
140.085	5346
141.362	5193
142.639	5158
143.915	5067
145.19	5083
146.466	5079
147.743	5056
149.017	5009
150.293	4953
151.568	4812
152.842	4899
154.117	4847
155.39	4728
156.665	4738
157.939	4666
159.212	4643
160.486	4602
161.758	4558
163.032	4555
164.305	4491
165.577	4483
166.85	4388
168.121	4399
169.393	4375
170.664	4311
171.936	4289
173.208	4208
174.479	4243
175.75	4215
177.02	4228
178.291	4239
179.56	4218
180.831	4187
182.1	4201
183.369	4194
184.639	4186
185.907	4152
187.177	4179
188.445	4106
189.714	4070
190.981	4133
192.25	4174
193.517	4073
194.784	4114
196.053	4087
197.319	4134
198.587	4046
199.853	4075
201.119	4036
202.386	3974
203.652	3995
204.917	4064
206.183	4054
207.448	4006
208.713	3940
209.979	3977
211.243	3989
212.507	3987
213.771	4024
215.036	3929
216.299	3990
217.563	3947
218.827	3938
220.09	3941
221.353	3919
222.615	3928
223.879	3851
225.141	3948
226.403	3894
227.664	3877
228.925	3888
230.188	3855
231.449	3846
232.71	3857
233.97	3843
235.231	3845
236.491	3840
237.752	3840
239.012	3839
240.272	3824.5
241.531	3810
242.79	3815
244.049	3824
245.308	3794
246.566	3759
247.826	3771
249.084	3718
250.342	3732
251.6	3739
252.857	3685
254.115	3725
255.372	3697
256.629	3669
257.885	3646
259.142	3599
260.398	3637
261.654	3606
262.91	3670
264.166	3646
265.421	3594
266.677	3629
267.932	3629
269.187	3636
270.441	3610
271.696	3571
272.95	3607
274.204	3607
275.458	3641
276.712	3666
277.964	3608
279.217	3645
280.47	3629
281.723	3638
282.975	3656
284.228	3595
285.48	3640
286.732	3588
287.984	3646
289.234	3653
290.485	3630
291.737	3634
292.988	3617
294.239	3585
295.488	3565
296.738	3611
297.988	3637
299.238	3642
300.488	3634
301.736	3553
302.986	3608
304.235	3626
305.484	3592
306.731	3627
307.98	3601
309.228	3582
310.477	3590
311.723	3568
312.971	3578
314.218	3611
315.464	3598
316.712	3558
317.959	3546
319.204	3561
320.451	3529
321.697	3612
322.942	3581
324.188	3593
325.432	3556
326.678	3536
327.923	3566
329.167	3513
330.412	3610
331.655	3518
332.9	3607
334.144	3566
335.387	3608
336.631	3655
337.873	3612
339.117	3618
340.359	3562
341.602	3644
342.843	3650
344.086	3658
345.327	3646
346.57	3665
347.81	3651
349.052	3651
350.293	3671
351.534	3584
352.774	3628
354.016	3600
355.255	3595
356.496	3602
357.735	3586
358.974	3525
360.214	3621
361.453	3583
362.693	3586
363.931	3569
365.169	3641
366.408	3589
367.645	3606
368.883	3550
370.121	3621
371.358	3589
372.595	3639
373.833	3579
375.07	3595
376.306	3532
377.543	3536
378.779	3591
380.014	3589
381.251	3512
382.486	3541
383.721	3534
384.956	3492
386.192	3516
387.427	3506
388.661	3501
389.895	3511
391.129	3527
392.364	3535
393.597	3533
394.83	3564
396.063	3615
397.296	3618
398.53	3571
399.763	3546
400.995	3688
402.227	3666
403.459	3657
404.69	3662
405.922	3666
407.154	3800
408.385	3656
409.616	3808
410.847	3828
412.077	3801
413.308	3903
414.538	3869
415.767	3944
416.997	4040
418.227	4069
419.456	4157
420.685	4148
421.914	4228
423.142	4260
424.371	4305
425.599	4408
426.827	4322
428.055	4441
429.283	4391
430.51	4400
431.738	4443
432.965	4437
434.192	4373
435.418	4302
436.645	4251
437.871	4291
439.097	4231
440.323	4203
441.549	4174
442.773	4125
443.998	4053
445.224	4065
446.449	4011
447.673	3996
448.898	3995
450.122	3939
451.345	3974
452.569	3936
453.793	3877
455.016	3794
456.24	3844
457.461	3863
458.684	3774
459.907	3782
461.13	3862
462.351	3880
463.573	3786
464.795	3802
466.017	3735
467.237	3814
468.459	3810
469.68	3769
470.901	3762
472.12	3765
473.341	3771
474.561	3727
475.78	3734
477	3704
478.22	3711
479.439	3790
480.658	3735
481.877	3724
483.095	3773
484.314	3709
485.531	3747
486.75	3745
487.968	3727
489.185	3759
490.403	3714
491.619	3734
492.837	3775
494.053	3726
495.27	3760
496.485	3798
497.702	3745
498.919	3779
500.134	3796
501.35	3794
502.564	3821
503.779	3809
504.995	3767
506.209	3764
507.424	3789
508.637	3830
509.852	3872
511.065	3833
512.28	3810
513.493	3884
514.707	3836
515.919	3835
517.132	3846
518.345	3886
519.557	3856
520.769	3907
521.982	3817
523.193	3883
524.406	3870
525.616	3909
526.827	3935
528.039	3876
529.25	3926
530.46	3912
531.67	3890
532.881	3952
534.09	3917
535.3	3926
536.51	3941
537.719	3878
538.928	3934
540.137	3924
541.347	3856
542.555	3942
543.763	3898
544.971	3852
546.179	3908
547.388	3921
548.595	3921
549.802	3931
551.009	3898
552.216	3889
553.422	3856
554.63	3860
555.836	3818
557.042	3831
558.248	3874
559.453	3850
560.659	3822
561.864	3811
563.069	3844
564.274	3839
565.48	3818
566.684	3822
567.888	3823
569.092	3867
570.296	3850
571.5	3840
572.703	3748
573.907	3814
575.11	3783
576.313	3823
577.515	3890
578.718	3820
579.92	3844
581.122	3867
582.324	3889
583.526	3899
584.728	3872
585.929	3896
587.129	3930
588.33	3932
589.531	3960
590.731	3949
591.932	3940
593.132	3955
594.332	4043
595.532	3973
596.732	4080
597.93	4027
599.129	4012
600.328	4012
601.527	3999
602.726	3936
603.924	3962
605.121	4019
606.319	3983
607.517	3989
608.715	3983
609.913	3944
611.109	4002
612.306	3958
613.503	3966
614.699	4023
615.895	4005
617.092	4004
618.288	4007
619.483	4041
620.679	3996
621.874	4103
623.068	4006
624.264	4056
625.459	4006
626.652	4093
627.847	4053
629.042	3989
630.235	4027
631.429	4025
632.623	4074
633.815	4082
635.009	3999
636.201	4059
637.394	4066
638.586	4114
639.779	4038
640.972	4130
642.163	4169
643.355	4113
644.546	4094
645.738	4102
646.928	4117
648.12	4065
649.31	4160
650.501	4104
651.691	4175
652.882	4173
654.071	4137
655.261	4186
656.45	4156
657.639	4156
658.829	4153
660.017	4213
661.207	4134
662.394	4177
663.582	4245
664.771	4217
665.959	4189
667.147	4250
668.334	4186
669.521	4302
670.709	4323
671.896	4305
673.082	4257
674.269	4388
675.455	4310
676.641	4385
677.828	4365
679.013	4296
680.198	4365
681.383	4415
682.569	4351
683.754	4386
684.938	4404
686.123	4393
687.308	4442
688.492	4400
689.676	4431
690.859	4467
692.042	4409
693.227	4401
694.41	4444
695.593	4489
696.775	4389
697.957	4436
699.14	4467
700.323	4447
701.505	4503
702.686	4543
703.868	4485
705.049	4507
706.23	4438
707.411	4449
708.592	4542
709.772	4511
710.953	4491
712.133	4515
713.313	4496
714.493	4544
715.672	4511
716.852	4548
718.031	4581
719.21	4501
720.389	4476
721.567	4554
722.746	4569
723.924	4487
725.102	4498
726.28	4530
727.458	4523
728.636	4534
729.813	4550
730.99	4565
732.167	4585
733.344	4511
734.521	4583
735.697	4567
736.872	4617
738.048	4643
739.224	4635
740.4	4555
741.575	4633
742.751	4641
743.925	4639
745.1	4656
746.274	4718
747.449	4705
748.623	4655
749.796	4668
750.97	4705
752.144	4749
753.318	4725
754.49	4732
755.664	4803
756.837	4765
758.01	4761
759.181	4764
760.354	4830
761.526	4853
762.697	4870
763.869	4901
765.041	4798
766.211	4841
767.383	4851
768.554	4961
769.724	4874
770.895	4874
772.064	4946
773.235	4911
774.405	4905
775.574	4936
776.744	4931
777.913	4949
779.083	4999
780.251	4953
781.42	5009
782.589	4994
783.757	4922
784.926	5001
786.093	5018
787.261	4976
788.428	4923
789.596	4977
790.763	4997
791.93	4996
793.097	5015
794.263	5004
795.43	5073
796.595	4998
797.762	5001
798.927	4989
800.094	5045
801.259	5002
802.423	4996
803.589	5025
804.754	5046
805.918	5008
807.083	5062
808.247	4971
809.41	5035
810.575	5018
811.738	5041
812.902	5038
814.066	5040
815.229	5070
816.391	5086
817.555	5070
818.717	5074
819.879	5079
821.041	5113
822.204	5184
823.365	5210
824.526	5225
825.688	5252
826.848	5214
828.011	5335
829.171	5243
830.331	5292
831.492	5308
832.652	5212
833.811	5274
834.972	5257
836.132	5282
837.291	5267
838.45	5267
839.609	5270
840.768	5257
841.927	5256
843.085	5309
844.243	5289
845.401	5370
846.559	5324
847.717	5419
848.876	5410
850.033	5412.5
851.19	5415
852.347	5446
853.504	5446
854.66	5569
855.817	5568
856.973	5626
858.128	5708
859.284	5662
860.439	5880
861.595	5909
862.75	6079
863.905	6245
865.06	6361
866.215	6667
867.37	6951
868.524	7273
869.679	7778
870.831	8288
871.985	8883
873.139	9508
874.293	10129
875.446	10656
876.599	10958
877.751	11027
878.904	10962
880.056	10643
881.209	10105
882.361	9630
883.512	9027
884.664	8469
885.816	7956
886.967	7429
888.117	6991
889.269	6640
890.42	6308
891.57	6160
892.72	5919
893.87	5802
895.021	5683
896.17	5543
897.32	5533
898.469	5462
899.618	5423
900.767	5331
901.917	5259
903.064	5286
904.213	5229
905.361	5188
906.509	5116
907.658	5167
908.805	5185
909.953	5110
911.099	5035
912.247	5041
913.393	5071
914.54	5048
915.686	5057
916.833	5111
917.979	5079
919.125	5055
920.27	5085
921.417	5129
922.561	5099
923.707	5099
924.852	5087
925.997	5093
927.141	5108
928.285	5101
929.43	5104
930.574	5089
931.719	5136
932.862	5114
934.005	5126
935.149	5087
936.292	5117
937.434	5059
938.578	5138
939.72	5178
940.862	5178
942.005	5139
943.147	5125
944.288	5151
945.431	5125
946.572	5190
947.713	5195
948.853	5213
949.995	5154
951.135	5185
952.276	5137
953.416	5237
954.557	5226
955.697	5149
956.836	5254
957.975	5196
959.115	5182
960.255	5198
961.394	5221
962.532	5178
963.671	5276
964.809	5211
965.947	5196
967.085	5180
968.223	5184
969.362	5196
970.499	5219
971.636	5238
972.773	5189
973.91	5177
975.047	5224
976.183	5229
977.32	5232
978.456	5225
979.592	5251
980.728	5265
981.863	5277
982.999	5296
984.134	5276
985.269	5273
986.404	5273
987.539	5209
988.674	5259
989.808	5274
990.942	5357
992.075	5298
993.209	5426
994.343	5379
995.476	5446
996.61	5439
997.743	5533
998.876	5484
1000.01	5550
1001.14	5630
1002.27	5709
1003.41	5804
1004.54	5933
1005.67	5990
1006.8	6105
1007.93	6186
1009.06	6369
1010.19	6468
1011.33	6626
1012.46	6861
1013.59	6996
1014.72	7169
1015.85	7426
1016.98	7700
1018.11	8048
1019.24	8344
1020.36	8631
1021.49	9000
1022.62	9329
1023.75	9537
1024.88	9764
1026.01	10091
1027.14	10156
1028.27	10388
1029.39	10420
1030.52	10486
1031.65	10435
1032.78	10354
1033.9	10266
1035.03	9973
1036.16	9783
1037.28	9492
1038.41	9176
1039.53	8823
1040.66	8519
1041.79	8252
1042.91	8039
1044.04	7782
1045.16	7579
1046.29	7293
1047.41	7237
1048.54	7117
1049.66	6862
1050.79	6725
1051.91	6609
1053.04	6353
1054.16	6268
1055.28	6133
1056.41	6000
1057.53	5857
1058.65	5798
1059.78	5759
1060.9	5657
1062.02	5594
1063.14	5548
1064.27	5497
1065.39	5531
1066.51	5484
1067.63	5506
1068.75	5564
1069.87	5539
1070.99	5521.17
1072.12	5604.33
1073.24	5646.5
1074.36	5648.67
1075.48	5690.83
1076.6	5763
1077.72	5803
1078.84	5929
1079.96	5955
1081.08	6011
1082.19	6115
1083.31	6192
1084.43	6245
1085.55	6342
1086.67	6429
1087.79	6345
1088.91	6365
1090.02	6406
1091.14	6315
1092.26	6394
1093.38	6199
1094.49	6167
1095.61	6012
1096.73	5947
1097.85	5884
1098.96	5790
1100.08	5736
1101.19	5651
1102.31	5707
1103.43	5560
1104.54	5574
1105.66	5510
1106.77	5453
1107.89	5438
1109	5440
1110.12	5395
1111.23	5381
1112.35	5288
1113.46	5316
1114.57	5211
1115.69	5245
1116.8	5255
1117.91	5222
1119.03	5137
1120.14	5085
1121.25	5011
1122.37	5032
1123.48	4952
1124.59	4950
1125.7	4893
1126.82	4853
1127.93	4835
1129.04	4761
1130.15	4779
1131.26	4693
1132.37	4671
1133.48	4609
1134.59	4666
1135.7	4539
1136.81	4615
1137.92	4548
1139.04	4491
1140.14	4505
1141.25	4516
1142.36	4422
1143.47	4405
1144.58	4424
1145.69	4430
1146.8	4455
1147.91	4366
1149.02	4343
1150.12	4300
1151.23	4322
1152.34	4372
1153.45	4250
1154.56	4265.64
1155.66	4290.13
1156.77	4295.26
1157.88	4252.27
1158.98	4227.4
1160.09	4149.1
1161.2	4116.42
1162.3	4165.38
1163.41	4125.3
1164.51	4089.58
1165.62	4123.87
1166.73	4035.92
1167.83	4075.94
1168.94	3975.03
1170.04	3977.76
1171.15	3946.56
1172.25	3921.17
1173.35	3968.2
1174.46	3944.24
1175.56	3923.81
1176.67	3875.84
1177.77	3891.54
1178.87	3816.37
1179.98	3815.31
1181.08	3872.82
1182.18	3811.55
1183.29	3833.12
1184.39	3806.14
1185.49	3804.11
1186.59	3843.75
1187.7	3750.32
1188.8	3802.94
1189.9	3740.29
1191	3792.82
1192.1	3757.12
1193.2	3728.61
1194.3	3685.25
1195.4	3708.27
1196.51	3749.96
1197.61	3700.61
1198.71	3700.45
1199.81	3699.99
1200.91	3728.26
1202.01	3701.94
1203.11	3709.1
1204.2	3714.67
1205.31	3717.83
1206.4	3719.83
1207.5	3723.56
1208.6	3700.38
1209.7	3706.33
1210.8	3740.72
1211.9	3699.07
1212.99	3721.65
1214.09	3680.97
1215.19	3715.36
1216.29	3722.31
1217.38	3691.51
1218.48	3687.01
1219.58	3729.87
1220.67	3708.73
1221.77	3737.24
1222.87	3731.54
1223.96	3736.43
1225.06	3705.66
1226.16	3729.96
1227.25	3765.26
1228.35	3765.36
1229.44	3777.54
1230.54	3752.81
1231.63	3761.92
1232.73	3740.93
1233.82	3753.12
1234.92	3786.39
1236.01	3765
1237.1	3767.22
1238.2	3775.01
1239.29	3779.35
1240.39	3808.11
1241.48	3792.76
1242.57	3772.96
1243.66	3774.76
1244.76	3775.75
1245.85	3785.95
1246.94	3809.67
1248.03	3826.46
1249.13	3859.04
1250.22	3877.81
1251.31	3891.15
1252.4	3948.48
1253.49	3969.22
1254.59	3978.51
1255.68	3988.75
1256.77	3985.65
1257.86	3993.05
1258.95	4064.42
1260.04	4098.98
1261.13	4120.21
1262.22	4168.53
1263.31	4234.14
1264.4	4247.35
1265.49	4277.3
1265.94	4306
1267.03	4322
1268.13	4342
1269.22	4405
1270.31	4383
1271.41	4348
1272.5	4432
1273.6	4396
1274.69	4338
1275.78	4343
1276.88	4276
1277.97	4251
1279.06	4111
1280.15	4130
1281.25	4083
1282.34	3998
1283.43	3944
1284.52	3963
1285.61	3854
1286.71	3831
1287.8	3820
1288.89	3827
1289.98	3790
1291.07	3814
1292.16	3752
1293.25	3729
1294.34	3671
1295.43	3663
1296.52	3657
1297.61	3651
1298.7	3660
1299.79	3623
1300.88	3640
1301.97	3609
1303.06	3591
1304.15	3556
1305.23	3556
1306.32	3576
1307.41	3565
1308.5	3501
1309.59	3490
1310.67	3578
1311.76	3537
1312.85	3522
1313.94	3537
1315.02	3475
1316.11	3519
1317.2	3494.5
1318.28	3470
1319.37	3516
1320.46	3451
1321.54	3476
1322.63	3486
1323.71	3495
1324.8	3449
1325.88	3431
1326.97	3505
1328.05	3410
1329.14	3435
1330.22	3440.5
1331.31	3446
1332.39	3435
1333.48	3423
1334.56	3444
1335.64	3410
1336.73	3483
1337.81	3470
1338.89	3461
1339.98	3448
1341.06	3471
1342.14	3501
1343.22	3479
1344.31	3508
1345.39	3403
1346.47	3476
1347.55	3526
1348.63	3505
1349.72	3519
1350.8	3509
1351.88	3537
1352.96	3537
1354.04	3563
1355.12	3585
1356.2	3564
1357.28	3560
1358.36	3543
1359.44	3605
1360.52	3618
1361.6	3582
1362.68	3650
1363.76	3701
1364.84	3697
1365.92	3650
1366.99	3671
1368.07	3741
1369.15	3728
1370.23	3736
1371.31	3766
1372.39	3847
1373.46	3825
1374.54	3865
1375.62	3852
1376.7	3857
1377.77	3930
1378.85	3937
1379.92	3928
1381	3966
1382.08	3928
1383.15	3907
1384.23	3946
1385.31	3952
1386.38	3981
1387.46	4010
1388.53	4003
1389.61	4002
1390.68	4056
1391.76	4089
1392.83	4067
1393.91	4114
1394.98	4132
1396.05	4175
1397.13	4235
1398.2	4193
1399.28	4246
1400.35	4260
1401.42	4183
1402.5	4283
1403.57	4266
1404.64	4237
1405.71	4286
1406.79	4331
1407.86	4211
1408.93	4280
1410	4319
1411.07	4320
1412.14	4303
1413.22	4288
1414.29	4331
1415.36	4369
1416.43	4364
1417.5	4377
1418.57	4365
1419.64	4396
1420.71	4415
1421.78	4407
1422.85	4446
1423.92	4470
1424.99	4565
1426.06	4568
1427.13	4579
1428.2	4694
1429.27	4667
1430.33	4680
1431.4	4844
1432.47	4951
1433.54	5014
1434.61	5133
1435.68	5283
1436.74	5444
1437.81	5559
1438.88	5706
1439.95	5928
1441.01	6162
1442.08	6362
1443.15	6538
1444.21	6759
1445.28	6834
1446.35	6985
1447.41	6971
1448.48	7017
1449.54	7123
1450.61	7049
1451.67	7013
1452.74	6880
1453.8	6860
1454.87	6688
1455.93	6628
1457	6518
1458.06	6387
1459.12	6334
1460.19	6145
1461.25	6140
1462.32	6019
1463.38	5956
1464.44	5850
1465.51	5680
1466.57	5697
1467.63	5651
1468.69	5612
1469.76	5575
1470.82	5593
1471.88	5449
1472.94	5472
1474.01	5410
1475.07	5432
1476.13	5348
1477.19	5240
1478.25	5288
1479.31	5129
1480.37	5104
1481.43	5113
1482.49	5029
1483.55	4987
1484.61	4880
1485.67	4846
1486.73	4800
1487.79	4661
1488.85	4689
1489.91	4524
1490.97	4502
1492.03	4396
1493.09	4362
1494.15	4318
1495.2	4246
1496.26	4221
1497.32	4208
1498.38	4125
1499.44	4143
1500.49	4052
1501.55	4033
1502.61	4009
1503.67	3958
1504.72	3938
1505.78	3899
1506.84	3871
1507.89	3854
1508.95	3742
1510	3783
1511.06	3734
1512.12	3721
1513.17	3736
1514.23	3714
1515.28	3685
1516.34	3653
1517.39	3663
1518.45	3660
1519.5	3597
1520.56	3584
1521.61	3577
1522.66	3476
1523.72	3517
1524.77	3509
1525.82	3440
1526.88	3431
1527.93	3474
1528.99	3452
1530.04	3451
1531.09	3387
1532.14	3391
1533.2	3312
1534.25	3303
1535.3	3295
1536.35	3341
1537.4	3255
1538.45	3288
1539.51	3287
1540.56	3291
1541.61	3229
1542.66	3242
1543.71	3228
1544.76	3234
1545.81	3145
1546.86	3159
1547.91	3115
1548.96	3162
1550.01	3149
1551.06	3175
1552.11	3110
1553.16	3179
1554.21	3127
1555.26	3100
1556.31	3085
1557.35	3056
1558.4	3122
1559.45	3054
1560.5	3063
1561.55	3003
1562.6	3045
1563.64	3117
1564.69	3005
1565.74	3038
1566.79	2985
1567.83	3024
1568.88	2989
1569.93	3017
1570.97	2983
1572.02	3050
1573.06	3023
1574.11	3046
1575.16	3021
1576.2	2966
1577.25	3043
1578.29	3019
1579.34	2971
1580.38	3000
1581.43	2933
1582.47	2985
1583.52	2986
1584.56	2991
1585.61	2994
1586.65	3039
1587.69	3017
1588.74	2992
1589.78	2986
1590.82	3012
1591.87	2958
1592.91	2964
1593.95	2999
1594.99	2983
1596.04	3019
1597.08	3007
1598.12	3001
1599.16	3016
1600.21	3028
1601.25	3010
1602.29	2992
1603.33	3068
1604.37	2985
1605.41	3011
1606.45	2985
1607.49	3070
1608.54	3014
1609.58	3007
1610.62	2985
1611.66	3012
1612.7	3023
1613.74	3031
1614.78	2999
1615.81	2985
1616.85	3063
1617.89	3030
1618.93	3064
1619.97	3000
1621.01	2966
1622.05	2981
1623.09	3011
1624.12	2985
1625.16	3024
1626.2	2989
1627.24	3043
1628.28	3022
1629.31	2995
1630.35	3044
1631.39	3034
1632.42	3122
1633.46	3057
1634.5	3102
1635.53	3145
1636.57	3113
1637.61	3117
1638.64	3076
1639.68	3006
1640.71	3009
1641.75	2972
1642.78	2954
1643.82	2915
1644.85	2873
1645.89	2860
1646.92	2825
1647.96	2823
1648.99	2842
1650.02	2794
1651.06	2766
1652.09	2816
1653.13	2728
1654.16	2804
1655.19	2787
1656.23	2738
1657.26	2751
1658.29	2755
1659.32	2748
1660.36	2749
1661.39	2708
1662.42	2678
1663.45	2705
1664.48	2711
1665.52	2696
1666.55	2683
1667.58	2680
1668.61	2664
1669.64	2633
1670.67	2633
1671.7	2671
1672.73	2669
1673.76	2641
1674.79	2595
1675.82	2630
1676.85	2583
1677.88	2634
1678.91	2603
1679.94	2642
1680.97	2642
1682	2622
1683.03	2640
1684.06	2565
1685.09	2565
1686.12	2592
1687.14	2614
1688.17	2574
1689.2	2541
1690.23	2580
1691.25	2573
1692.28	2613
1693.31	2603
1694.34	2585
1695.36	2607
1696.39	2542
1697.42	2601
1698.44	2548
1699.47	2617
1700.5	2602
1701.52	2563
1702.55	2605
1703.57	2579
1704.6	2568
1705.62	2596
1706.65	2531
1707.68	2555
1708.7	2562
1709.73	2542
1710.75	2545
1711.77	2528
1712.8	2550
1713.82	2529
1714.85	2506
1715.87	2537
1716.89	2512
1717.92	2556
1718.94	2518
1719.96	2559
1720.99	2549
1722.01	2568
1723.03	2549
1724.05	2553
1725.08	2550
1726.1	2518
1727.12	2495
1728.14	2483
1729.17	2465
1730.19	2470
1731.21	2465
1732.23	2478
1733.25	2420
1734.27	2416
1735.29	2464
1736.31	2416
1737.33	2429
1738.35	2426
1739.37	2415
1740.39	2423
1741.41	2412
1742.43	2404
1743.45	2429
1744.47	2409
1745.49	2387
1746.51	2454
1747.53	2407
1748.55	2407
1749.57	2453
1750.58	2425
1751.6	2399
1752.62	2429
1753.64	2468
1754.66	2417
1755.67	2437
1756.69	2399
1757.71	2444
1758.73	2460
1759.74	2448
1760.76	2434
1761.78	2470
1762.79	2430
1763.81	2417
1764.83	2492
1765.84	2467
1766.86	2483
1767.87	2437
1768.89	2450
1769.9	2479
1770.92	2491
1771.93	2460
1772.95	2477
1773.96	2499
1774.98	2439
1775.99	2456
1777.01	2483
1778.02	2462
1779.04	2523
1780.05	2494
1781.06	2457
1782.08	2483
1783.09	2495
1784.1	2486
1785.12	2505
1786.13	2524
1787.14	2498
1788.15	2459
1789.17	2551
1790.18	2513
1791.19	2505
1792.2	2504
1793.21	2497
1794.23	2490
1795.24	2548
1796.25	2488
1797.26	2483
1798.27	2505
1799.28	2589
1800.29	2488
1801.3	2490
1802.31	2527
1803.32	2512
1804.33	2487
1805.34	2478
1806.35	2468
1807.36	2447
1808.37	2467
1809.38	2424
1810.39	2473
1811.4	2429
1812.41	2457
1813.42	2432
1814.42	2429
1815.43	2410
1816.44	2451
1817.45	2461
1818.46	2443
1819.46	2433
1820.47	2462
1821.48	2409
1822.49	2414
1823.49	2364
1824.5	2408
1825.51	2408
1826.51	2391
1827.52	2372
1828.53	2378
1829.53	2361
1830.54	2359
1831.55	2346
1832.55	2340
1833.56	2341
1834.56	2293
1835.57	2348
1836.57	2335
1837.58	2331
1838.58	2301
1839.59	2310
1840.59	2310
1841.59	2271
1842.6	2279
1843.6	2270
1844.61	2266
1845.61	2262
1846.61	2262
1847.62	2258
1848.62	2209
1849.62	2239
1850.63	2225
1851.63	2230
1852.63	2209
1853.63	2204
1854.64	2184
1855.64	2207
1856.64	2154
1857.64	2166
1858.64	2174
1859.64	2224
1860.65	2199
1861.65	2152
1862.65	2178
1863.65	2149
1864.65	2153
1865.65	2163
1866.65	2166
1867.65	2115
1868.65	2138
1869.65	2180
1870.65	2161
1871.65	2177
1872.65	2172
1873.65	2169
1874.65	2140
1875.65	2170
1876.65	2128
1877.64	2178
1878.64	2147
1879.64	2109
1880.64	2129
1881.64	2184
1882.64	2182
1883.63	2176
1884.63	2163
1885.63	2206
1886.63	2184
1887.62	2188
1888.62	2209
1889.62	2144
1890.61	2177
1891.61	2186
1892.61	2210
1893.6	2223
1894.6	2150
1895.59	2171
1896.59	2160
1897.59	2149
1898.58	2146
1899.58	2158
1900.57	2148
1901.57	2189
1902.56	2162
1903.56	2167
1904.55	2194
1905.55	2175
1906.54	2189
1907.53	2190
1908.53	2185
1909.52	2153
1910.51	2203
1911.51	2174
1912.5	2190
1913.49	2148
1914.49	2218
1915.48	2193
1916.47	2204
1917.47	2239
1918.46	2206
1919.45	2163
1920.44	2197
1921.43	2186
1922.43	2216
1923.42	2171
1924.41	2212
1925.4	2195
1926.39	2186
1927.38	2192
1928.37	2238
1929.36	2191
1930.35	2174
1931.35	2145
1932.34	2136
1933.33	2180
1934.32	2189
1935.31	2181
1936.29	2137
1937.29	2134
1938.27	2174
1939.26	2160
1940.25	2142
1941.24	2148
1942.23	2134
1943.22	2166
1944.21	2128
1945.2	2112
1946.18	2144
1947.17	2123
1948.16	2131
1949.15	2105
1950.13	2106
1951.12	2138
1952.11	2121
1953.1	2083
1954.08	2093
1955.07	2080
1956.06	2110
1957.04	2096
1958.03	2115
1959.02	2093
1960	2074
1960.99	2086
1961.97	2044
1962.96	2054
1963.94	2062
1964.93	2050
1965.91	2041
1966.9	2047
1967.88	2037
1968.87	2114
1969.85	2069
1970.84	2031
1971.82	2052
1972.8	2048
1973.79	2012
1974.77	2026
1975.76	2037
1976.74	1990
1977.72	1993
1978.71	2035
1979.69	2004
1980.67	2054
1981.65	1972
1982.64	1997
1983.62	2013
1984.6	2022
1985.58	1991
1986.57	2023
1987.55	2042
1988.53	2002
1989.51	2022
1990.49	2028
1991.47	1987
1992.45	1978
1993.43	2021
1994.42	2028
1995.4	2026
1996.38	2018
1997.36	2029
1998.34	2025
1999.32	2062
2000.3	2038
2001.28	2046
2002.26	2082
2003.23	2046
2004.21	2028
2005.19	2082
2006.17	2007
2007.15	2031
2008.13	2063
2009.11	2035
2010.09	2028
2011.06	2037
2012.04	2016
2013.02	2055
2014	2049
2014.98	2075
2015.95	2044
2016.93	2077
2017.91	2064
2018.88	2049
2019.86	2075
2020.84	2076
2021.81	2072
2022.79	2073
2023.77	2089
2024.74	2103
2025.72	2073
2026.69	2068
2027.67	2082
2028.65	2116
2029.62	2081
2030.6	2108
2031.57	2132
2032.55	2057
2033.52	2072
2034.5	2071
2035.47	2094
2036.44	2113
2037.42	2122
2038.39	2113
2039.37	2093
2040.34	2106
2041.31	2117
2042.29	2065
2043.26	2078
2044.23	2100
2045.21	2102
2046.18	2100
2047.15	2136
2048.12	2064
2049.1	2039
2050.07	2052
2051.04	2071
2052.01	2039
2052.98	2058
2053.96	2072
2054.93	2073
2055.9	2041
2056.87	2049
2057.84	2040
2058.81	2060
2059.78	2031
2060.75	2025
2061.72	2033
2062.69	2019
2063.66	2053
2064.63	2051
2065.6	2059
2066.57	2069
2067.54	2038
2068.51	2061
2069.48	2053
2070.45	2058
2071.42	2032
2072.39	1976
2073.36	2027
2074.32	2052
2075.29	2024
2076.26	2031
2077.23	1979
2078.2	1999
2079.16	1952
2080.13	1964
2081.1	1984
2082.07	1980
2083.03	1982
2084	1971
2084.97	1955
2085.93	1960
2086.9	1946
2087.87	1990
2088.83	1933
2089.8	1958
2090.77	1962
2091.73	1903
2092.7	1960
2093.66	1987
2094.63	1958
2095.59	1962
2096.56	1952
2097.52	1976
2098.49	1992
2099.45	1958
2100.42	1936
2101.38	1940
2102.35	1912
2103.31	1924
2104.27	1921
2105.24	1880
2106.2	1908
2107.16	1912
2108.13	1869
2109.09	1924
2110.05	1904.82
2111.02	1899.85
2111.98	1886.88
2112.94	1900.33
2113.9	1851.91
2114.87	1883.79
2115.83	1874.52
2116.79	1882.83
2117.75	1902.27
2118.71	1873.8
2119.68	1894.24
2120.64	1872.28
2121.6	1878.42
2122.56	1848.64
2123.52	1888.34
2124.48	1840.7
2125.44	1888.84
2126.4	1904.61
2127.36	1891.57
2128.32	1878.55
2129.28	1878.83
2130.24	1919.24
2131.2	1872.49
2132.16	1907.12
2133.12	1878.69
2134.08	1903.4
2135.04	1873.74
2136	1867.27
2136.96	1889.56
2137.92	1882.72
2138.88	1887.1
2139.83	1889.37
2140.79	1915.76
2141.75	1917.9
2142.71	1869.56
2143.67	1884.77
2144.62	1882.94
2145.58	1890.82
2146.54	1881.63
2147.5	1908.79
2148.45	1918.94
2149.41	1887
2150.37	1876.34
2151.32	1884.53
2152.28	1870.4
2153.24	1869.24
2154.19	1865.52
2155.15	1887.8
2156.11	1883.07
2157.06	1860.75
2158.02	1854.95
2158.97	1865.42
2159.93	1878.91
2160.88	1858.51
2161.84	1864.82
2162.79	1855.3
2163.75	1888.5
2164.7	1863.07
2165.66	1849.35
2166.61	1867.35
2167.57	1863.45
2168.52	1888.46
2169.48	1883.4
2170.43	1889.4
2171.38	1875.14
2172.34	1853.72
2173.29	1838.98
2174.24	1855.07
2175.2	1875.58
2176.15	1868.24
2177.1	1871.92
2178.05	1880.5
2179.01	1857.42
2179.96	1827.37
2180.91	1819.62
2181.86	1843.63
2182.82	1845.98
2183.77	1855.47
2184.72	1864.7
2185.67	1864.09
2186.62	1840.52
2187.57	1857.16
2188.52	1842.99
2189.47	1859.25
2190.43	1853.07
2191.38	1861.83
2192.33	1877.02
2193.28	1870.78
2194.23	1876.05
2195.18	1880.87
2196.13	1885.59
2197.08	1879.19
2198.03	1867.45
2198.98	1876.27
2199.93	1874.53
2200.87	1900.63
2201.82	1904.16
2202.77	1866.61
2203.72	1857.52
2204.67	1888.09
2205.62	1879.31
2205.98	1866
2206.93	1935
2207.88	1903
2208.84	1848
2209.79	1919
2210.74	1861
2211.69	1871
2212.65	1866
2213.6	1889
2214.55	1891
2215.5	1872
2216.45	1891
2217.41	1888
2218.36	1865
2219.31	1887
2220.26	1912
2221.21	1879
2222.16	1889
2223.11	1884
2224.06	1909
2225.01	1883
2225.96	1877
2226.91	1914
2227.86	1904
2228.81	1965
2229.76	1918
2230.71	1876
2231.66	1894
2232.61	1936
2233.56	1886
2234.51	1918
2235.46	1929
2236.41	1931
2237.36	1912
2238.31	1873
2239.25	1902
2240.2	1920
2241.15	1876
2242.1	1904
2243.05	1911
2243.99	1941
2244.94	1925
2245.89	1900
2246.83	1919
2247.78	1880
2248.73	1920
2249.68	1896
2250.62	1904
2251.57	1894
2252.52	1884
2253.46	1880
2254.41	1907
2255.35	1893
2256.3	1902
2257.25	1900
2258.19	1886
2259.14	1889
2260.08	1916
2261.03	1864
2261.97	1900
2262.92	1902
2263.86	1904
2264.81	1898
2265.75	1876
2266.7	1901
2267.64	1913
2268.58	1844
2269.53	1828
2270.47	1897
2271.41	1895
2272.36	1901
2273.3	1871
2274.24	1882
2275.19	1861
2276.13	1862
2277.07	1941
2278.02	1902
2278.96	1873
2279.9	1856
2280.84	1871
2281.78	1859
2282.73	1862
2283.67	1835
2284.61	1876
2285.55	1895
2286.49	1868
2287.43	1879
2288.38	1916
2289.32	1887
2290.26	1886
2291.2	1885
2292.14	1888
2293.08	1898
2294.02	1931
2294.96	1885
2295.9	1860
2296.84	1871
2297.78	1857
2298.72	1872
2299.66	1855
2300.59	1860
2301.53	1871
2302.47	1835
2303.41	1855
2304.35	1842
2305.29	1855
2306.23	1873
2307.17	1854
2308.1	1871
2309.04	1905
2309.98	1844
2310.92	1892
2311.85	1832
2312.79	1881
2313.73	1877
2314.67	1852
2315.6	1881
2316.54	1891
2317.48	1899
2318.41	1942
2319.35	1902
2320.29	1880
2321.22	1872
2322.16	1879
2323.09	1905
2324.03	1891
2324.97	1901
2325.9	1880
2326.84	1863
2327.77	1865
2328.71	1889
2329.64	1875
2330.58	1897
2331.51	1889
2332.45	1880
2333.38	1900
2334.31	1871
2335.25	1877
2336.18	1911
2337.12	1886
2338.05	1891
2338.98	1908
2339.92	1896
2340.85	1880
2341.78	1891
2342.72	1896
2343.65	1900
2344.58	1876
2345.51	1893
2346.45	1897
2347.38	1887
2348.31	1859
2349.24	1874
2350.17	1876
2351.11	1881
2352.04	1913
2352.97	1907
2353.9	1892
2354.83	1876
2355.76	1906
2356.69	1900
2357.62	1909
2358.55	1959
2359.48	1905
2360.42	1918
2361.35	1883
2362.27	1874
2363.21	1918
2364.13	1890
2365.07	1924
2365.99	1920
2366.92	1913
2367.85	1922
2368.78	1884
2369.71	1902
2370.64	1903
2371.57	1911
2372.5	1849
2373.43	1893
2374.35	1917
2375.28	1879
2376.21	1863
2377.14	1881
2378.07	1909
2378.99	1885
2379.92	1877
2380.85	1874
2381.77	1913
2382.7	1895
2383.63	1851
2384.56	1870
2385.48	1924
2386.41	1846
2387.33	1854
2388.26	1853
2389.19	1854
2390.11	1853
2391.04	1894
2391.96	1862
2392.89	1870
2393.82	1866
2394.74	1867
2395.67	1855
2396.59	1887
2397.51	1844
2398.44	1846
2399.36	1873
2400.29	1843
2401.21	1835
2402.14	1839
2403.06	1818
2403.98	1859
2404.91	1846
2405.83	1847
2406.76	1853
2407.68	1861
2408.6	1844
2409.52	1809
2410.45	1862
2411.37	1812
2412.29	1834
2413.22	1823
2414.14	1832
2415.06	1801
2415.98	1893
2416.9	1811
2417.83	1853
2418.75	1837
2419.67	1847
2420.59	1835
2421.51	1826
2422.43	1827
2423.35	1815
2424.27	1855
2425.2	1789
2426.12	1804
2427.04	1823
2427.96	1827
2428.88	1853
2429.8	1795
2430.72	1815
2431.64	1763
2432.56	1808
2433.48	1825
2434.4	1775
2435.31	1806
2436.23	1795
2437.15	1813
2438.07	1805
2438.99	1802
2439.91	1807
2440.83	1802
2441.75	1828
2442.66	1822
2443.58	1773
2444.5	1820
2445.42	1785
2446.33	1788
2447.25	1826
2448.17	1813
2449.09	1807
2450	1818
2450.92	1760
2451.84	1813
2452.75	1816
2453.67	1795
2454.59	1804
2455.5	1811
2456.42	1810
2457.33	1829
2458.25	1800
2459.17	1821
2460.08	1827
2461	1817
2461.91	1816
2462.83	1809
2463.74	1809
2464.66	1774
2465.57	1820
2466.49	1774
2467.4	1813
2468.31	1789
2469.23	1794
2470.14	1829
2471.06	1824
2471.97	1806
2472.88	1817
2473.8	1771
2474.71	1796
2475.62	1800
2476.54	1797
2477.45	1762
2478.36	1812
2479.28	1750
2480.19	1757
2481.1	1806
2482.01	1772
2482.93	1765
2483.84	1790
2484.75	1736
2485.66	1785
2486.57	1759
2487.49	1777
2488.4	1795
2489.31	1774
2490.22	1766
2491.13	1791
2492.04	1761
2492.95	1772
2493.86	1759
2494.77	1787
2495.68	1833
2496.59	1779
2497.5	1766
2498.41	1764
2499.32	1791
2500.23	1771
2501.14	1767
2502.05	1777
2502.96	1805
2503.87	1772
2504.78	1761
2505.69	1756
2506.6	1783
2507.5	1748
2508.41	1746
2509.32	1766
2510.23	1791
2511.14	1773
2512.04	1756
2512.95	1741
2513.86	1766
2514.77	1743
2515.68	1724
2516.58	1775
2517.49	1770
2518.4	1742
2519.3	1764
2520.21	1747
2521.12	1770
2522.02	1724
2522.93	1779
2523.83	1727
2524.74	1736
2525.65	1751
2526.55	1788
2527.46	1779
2528.36	1728
2529.27	1757
2530.17	1805
2531.08	1722
2531.98	1783
2532.89	1768
2533.79	1766
2534.7	1800
2535.6	1771
2536.51	1748
2537.41	1776
2538.32	1773
2539.22	1745
2540.12	1813
2541.03	1751
2541.93	1805
2542.83	1745
2543.74	1781
2544.64	1820
2545.54	1786
2546.45	1768
2547.35	1743
2548.25	1791
2549.15	1773
2550.06	1773
2550.96	1769
2551.86	1794
2552.76	1739
2553.66	1763
2554.57	1755
2555.47	1762
2556.37	1761
2557.27	1756
2558.17	1753
2559.07	1778
2559.97	1732
2560.87	1724
2561.77	1771
2562.67	1727
2563.57	1676
2564.47	1746
2565.37	1712
2566.27	1735
2567.17	1705
2568.07	1711
2568.97	1736
2569.87	1733
2570.77	1730
2571.67	1745
2572.57	1689
2573.47	1727
2574.37	1759
2575.27	1698
2576.16	1692
2577.06	1715
2577.96	1696
2578.86	1749
2579.76	1698
2580.65	1701
2581.55	1742
2582.45	1688
2583.35	1665
2584.24	1723
2585.14	1687
2586.04	1734
2586.94	1710
2587.83	1706
2588.73	1711
2589.62	1710
2590.52	1719
2591.42	1737
2592.31	1706
2593.21	1673
2594.1	1675
2595	1681
2595.9	1675
2596.79	1701
2597.69	1681
2598.58	1680
2599.48	1699
2600.37	1685
2601.27	1682
2602.16	1707
2603.06	1672
2603.95	1634
2604.84	1680
2605.74	1680
2606.63	1641
2607.53	1664
2608.42	1686
2609.31	1663
2610.21	1648
2611.1	1665
2611.99	1657
2612.89	1616
2613.78	1635
2614.67	1661
2615.57	1630
2616.46	1650
2617.35	1655
2618.24	1579
2619.14	1618
2620.03	1652
2620.92	1615
2621.81	1667
2622.7	1622
2623.59	1628
2624.48	1596
2625.38	1602
2626.27	1609
2627.16	1612
2628.05	1611
2628.94	1593
2629.83	1530
2630.72	1560
2631.61	1515
2632.5	1536
2633.39	1511
2634.28	1546
2635.17	1493
2636.06	1512
2636.95	1503
2637.84	1550
2638.73	1542
2639.62	1500
2640.51	1473
2641.4	1486
2642.28	1521
2643.17	1500
2644.06	1515
2644.95	1507
2645.84	1501
2646.73	1489
2647.61	1512
2648.5	1474
2649.39	1475
2650.28	1498
2651.17	1479
2652.05	1455
2652.94	1449
2653.83	1469
2654.71	1480
2655.6	1513
2656.49	1474
2657.37	1516
2658.26	1472
2659.15	1448
2660.03	1483
2660.92	1494
2661.8	1486
2662.69	1516
2663.58	1483
2664.46	1519
2665.35	1459
2666.23	1468
2667.12	1521
2668	1542
2668.89	1515
2669.77	1529
2670.66	1513
2671.54	1566
2672.43	1532
2673.31	1541
2674.19	1565
2675.08	1527
2675.96	1529
2676.84	1537
2677.73	1507
2678.61	1524
2679.5	1530
2680.38	1523
2681.26	1510
2682.14	1534
2683.03	1525
2683.91	1532
2684.79	1526
2685.68	1558
2686.56	1547
2687.44	1536
2688.32	1559
2689.2	1561
2690.09	1592
2690.97	1589
2691.85	1575
2692.73	1580
2693.61	1596
2694.49	1604
2695.37	1582
2696.25	1661
2697.14	1641
2698.02	1658
2698.9	1683
2699.78	1663
2700.66	1709
2701.54	1709
2702.42	1717
2703.3	1737
2704.18	1729
2705.06	1736
2705.94	1789
2706.81	1794
2707.69	1784
2708.57	1822
2709.45	1775
2710.33	1778
2711.21	1794
2712.09	1811
2712.97	1828
2713.84	1846
2714.72	1802
2715.6	1784
2716.48	1804
2717.36	1857
2718.23	1850
2719.11	1827
2719.99	1810
2720.87	1800
2721.74	1775
2722.62	1781
2723.5	1793
2724.37	1823
2725.25	1742
2726.13	1788
2727	1739
2727.88	1753
2728.76	1760
2729.63	1725
2730.51	1716
2731.38	1777
2732.26	1780
2733.14	1742
2734.01	1729
2734.89	1722
2735.76	1747
2736.64	1744
2737.51	1780
2738.39	1776
2739.26	1751
2740.13	1775
2741.01	1806
2741.88	1781
2742.76	1774
2743.63	1790
2744.5	1823
2745.38	1803
2746.25	1807
2747.13	1815
2748	1816
2748.87	1799
2749.75	1824
2750.62	1819
2751.49	1811
2752.36	1818
2753.24	1783
2754.11	1836
2754.98	1750
2755.85	1799
2756.73	1836
2757.6	1813
2758.47	1790
2759.34	1800
2760.21	1806
2761.08	1814
2761.96	1786
2762.83	1794
2763.7	1792
2764.57	1777
2765.44	1803
2766.31	1800
2767.18	1781
2768.05	1802
2768.92	1802
2769.79	1839
2770.66	1807
2771.53	1813
2772.4	1865
2773.27	1838
2774.14	1865
2775.01	1832
2775.88	1848
2776.75	1869
2777.62	1869
2778.49	1874
2779.36	1917
2780.22	1887
2781.09	1918
2781.96	1953
2782.83	1940
2783.7	1986
2784.57	2010
2785.43	1962
2786.3	2005
2787.17	2026
2788.04	2097
2788.9	2119
2789.77	2090
2790.64	2144
2791.5	2130
2792.37	2173
2793.24	2182
2794.1	2206
2794.97	2214
2795.84	2292
2796.7	2277
2797.57	2373
2798.44	2438
2799.3	2411
2800.17	2431
2801.03	2500
2801.9	2585
2802.76	2594
2803.63	2682
2804.5	2754
2805.36	2790
2806.23	2919
2807.09	2931
2807.95	2997
2808.82	3147
2809.68	3288
2810.55	3394
2811.41	3527
2812.28	3636
2813.14	3789
2814	3937
2814.87	4181
2815.73	4379
2816.59	4608
2817.46	4879
2818.32	5053
2819.18	5379
2820.05	5787
2820.91	6046
2821.77	6376
2822.63	6745
2823.5	7128
2824.36	7581
2825.22	7912
2826.08	8347
2826.94	8623
2827.81	8830
2828.67	9118
2829.53	9318
2830.39	9329
2831.25	9264
2832.11	9329
2832.98	9224
2833.84	8893
2834.7	8656
2835.56	8369
2836.42	8046
2837.28	7660
2838.14	7300
2839	6919
2839.86	6709
2840.72	6353
2841.58	6035
2842.44	5839
2843.3	5553
2844.16	5380
2845.02	5198
2845.88	5047
2846.73	4867
2847.59	4741
2848.45	4639
2849.31	4552
2850.17	4509
2851.03	4504
2851.89	4416
2852.74	4371
2853.6	4417
2854.46	4328
2855.32	4339
2856.18	4355
2857.03	4382
2857.89	4497
2858.75	4489
2859.6	4633
2860.46	4567
2861.32	4721
2862.18	4844
2863.03	5009
2863.89	5025
2864.74	5198
2865.6	5357
2866.46	5505
2867.31	5647
2868.17	5809
2869.03	5961
2869.88	5986
2870.74	6206
2871.59	6264
2872.45	6340
2873.3	6410
2874.16	6469
2875.01	6512
2875.87	6481
2876.72	6447
2877.58	6467
2878.43	6488
2879.29	6435
2880.14	6394
2880.99	6349
2881.85	6295
2882.7	6263
2883.55	6140
2884.41	6218
2885.26	6127
2886.12	6108
2886.97	6057
2887.82	5962
2888.68	5925
2889.53	5953
2890.38	5820
2891.23	5880
2892.09	5774
2892.94	5785
2893.79	5738
2894.64	5688
2895.49	5778
2896.35	5624
2897.2	5675
2898.05	5701
2898.9	5674
2899.75	5774
2900.6	5694
2901.45	5760
2902.31	5858
2903.16	5810
2904.01	5886
2904.86	5991
2905.71	6093
2906.56	6129
2907.41	6223
2908.26	6275
2909.11	6429
2909.96	6534
2910.81	6699
2911.66	6955
2912.51	7023
2913.36	7263
2914.21	7445
2915.06	7663
2915.9	8022
2916.75	8278
2917.6	8640
2918.45	9022
2919.3	9287
2920.15	9675
2921	10116
2921.84	10484
2922.69	10759
2923.54	11043
2924.39	11183
2925.24	11284
2926.08	11462
2926.93	11536
2927.78	11422
2928.63	11357
2929.47	11207
2930.32	11181
2931.17	10831
2932.01	10777
2932.86	10665
2933.71	10501
2934.55	10185
2935.4	10119
2936.25	9953
2937.09	9734
2937.94	9694
2938.78	9596
2939.63	9378
2940.47	9222
2941.32	9039
2942.16	8844
2943.01	8626
2943.86	8433.2
2944.7	8143.43
2945.54	8038.69
2946.39	7785.83
2947.23	7549.59
2948.08	7324.28
2948.92	7011.19
2949.77	6816.21
2950.61	6592.23
2951.45	6429.85
2952.3	6275.3
2953.14	6062.95
2953.99	5955.67
2954.83	5811.78
2955.67	5702.32
2956.52	5569.87
2957.36	5516.01
2958.2	5453.89
2959.04	5436.3
2959.89	5316.48
2960.73	5427.64
2961.57	5415.21
2962.41	5430.65
2963.26	5392.28
2964.1	5422.72
2964.94	5380.35
2965.78	5396.85
2966.62	5425.1
2967.47	5490.85
2968.31	5443.19
2969.15	5401.28
2969.99	5428
2970.83	5375.89
2971.67	5335
2972.51	5243.12
2973.35	5131.52
2974.19	5118.38
2975.04	5029.7
2975.88	4895.77
2976.72	4825.04
2977.56	4688.4
2978.4	4538.01
2979.24	4425.47
2980.08	4300.43
2980.92	4187.59
2981.76	4091.07
2982.6	3962.17
2983.43	3863.82
2984.27	3746.07
2985.11	3661.27
2985.95	3564.38
2986.79	3444.13
2987.63	3374.34
2988.47	3301.94
2989.31	3246.69
2990.14	3129.03
2990.98	3082.44
2991.82	3036.8
2992.66	2911.45
2993.5	2912.34
2994.33	2854.2
2995.17	2804.26
2996.01	2724.14
2996.85	2678.66
2997.68	2656.21
2998.52	2568.81
2999.36	2546.76
3000.2	2510.83
3001.03	2472.57
3001.87	2402.06
3002.71	2369.61
3003.54	2354.01
3004.38	2269.95
3005.21	2250.28
3006.05	2232.15
3006.89	2190.34
3007.72	2187.9
3008.56	2154.56
3009.39	2092.22
3010.23	2109.82
3011.06	2095.76
3011.9	2038.82
3012.74	2063.94
3013.57	2007.78
3014.41	2000.89
3015.24	1986.82
3016.07	1978.97
3016.91	1934.82
3017.74	1935.77
3018.58	1925.46
3019.41	1874.15
3020.25	1848.49
3021.08	1853.06
3021.91	1843.45
3022.75	1839.71
3023.58	1848.36
3024.41	1835.57
3025.25	1804.92
3026.08	1795.27
3026.91	1759.4
3027.75	1758.58
3028.58	1743.79
3028.73	1740
3029.57	1771
3030.4	1752
3031.24	1729
3032.08	1715
3032.92	1697
3033.75	1662
3034.59	1699
3035.42	1671
3036.26	1681
3037.1	1650
3037.93	1666
3038.77	1661
3039.61	1598
3040.44	1640
3041.28	1657
3042.11	1645
3042.95	1632
3043.78	1626
3044.62	1602
3045.45	1587
3046.29	1581
3047.12	1546
3047.96	1559
3048.79	1596
3049.63	1564
3050.46	1592
3051.29	1542
3052.13	1563
3052.96	1499
3053.8	1506
3054.63	1545
3055.46	1534
3056.3	1535
3057.13	1500
3057.96	1490
3058.8	1504
3059.63	1462
3060.46	1498
3061.3	1502
3062.13	1498
3062.96	1479
3063.79	1498
3064.63	1535
3065.46	1436
3066.29	1431
3067.12	1461
3067.95	1470
3068.79	1479
3069.62	1442
3070.45	1444
3071.28	1467
3072.11	1461
3072.94	1429
3073.77	1489
3074.6	1450
3075.44	1414
3076.27	1424
3077.1	1455
3077.93	1434.5
3078.76	1414
3079.59	1410
3080.42	1434
3081.25	1376
3082.08	1421
3082.91	1427
3083.74	1394
3084.57	1419
3085.4	1406
3086.23	1365
3087.05	1379
3087.88	1381
3088.71	1377
3089.54	1404
3090.37	1368
3091.2	1385
3092.03	1352
3092.86	1394
3093.68	1370
3094.51	1376
3095.34	1334
3096.17	1337
3097	1352
3097.82	1388
3098.65	1369
3099.48	1365
3100.31	1366
3101.13	1370
3101.96	1376
3102.79	1346
3103.61	1382
3104.44	1358
3105.27	1371
3106.09	1343
3106.92	1360
3107.75	1322
3108.57	1337
3109.4	1324
3110.22	1362
3111.05	1346
3111.88	1314
3112.7	1339
3113.53	1305
3114.35	1331
3115.18	1333
3116	1318
3116.83	1322
3117.65	1330
3118.48	1300
3119.3	1304
3120.13	1287
3120.95	1315
3121.77	1304
3122.6	1297
3123.42	1311
3124.25	1282
3125.07	1299
3125.89	1287
3126.72	1295
3127.54	1311
3128.36	1263
3129.19	1259
3130.01	1280
3130.83	1285
3131.66	1275
3132.48	1259
3133.3	1285
3134.13	1263
3134.95	1264
3135.77	1294
3136.59	1235
3137.41	1248
3138.24	1273
3139.06	1238
3139.88	1248
3140.7	1268
3141.52	1284
3142.34	1237
3143.17	1234
3143.99	1260
3144.81	1271
3145.63	1295
3146.45	1276
3147.27	1234
3148.09	1243
3148.91	1239
3149.73	1269
3150.55	1244
3151.37	1233
3152.19	1237
3153.01	1230
3153.83	1251
3154.65	1242
3155.47	1238
3156.29	1236
3157.11	1219
3157.93	1233
3158.75	1204
3159.57	1287
3160.39	1572
3161.2	1695
3162.02	1924
3162.84	1281
3163.66	1250
3164.48	1209
3165.3	1231
3166.12	1213
3166.93	1236
3167.75	1224
3168.57	1192
3169.39	1236
3170.2	1212
3171.02	1212
3171.84	1221
3172.65	1228
3173.47	1221
3174.29	1247
3175.11	1225
3175.92	1217
3176.74	1248
3177.56	1204
3178.37	1216
3179.19	1249
3180	1218
3180.82	1244
3181.64	1222
3182.45	1237
3183.27	1245
3184.08	1245
3184.9	1235
3185.71	1222
3186.53	1236
3187.34	1223
3188.16	1198
3188.97	1202
3189.79	1206
3190.6	1228
3191.42	1264
3192.23	1251
3193.05	1232
3193.86	1247
3194.67	1235
3195.49	1239
3196.3	1247
3197.12	1282
3197.93	1270
3198.74	1272
3199.56	1273
3200.37	1264
3201.18	1307
3202	1276
3202.81	1241
3203.62	1290
3204.43	1256
3205.25	1256
3206.06	1252
3206.87	1276
3207.68	1250
3208.5	1290
3209.31	1267
3210.12	1294
3210.93	1280
3211.74	1283
3212.56	1290
3213.37	1293
3214.18	1305
3214.99	1313
3215.8	1307
3216.61	1308
3217.42	1307
3218.23	1310
3219.04	1299
3219.85	1311
3220.66	1313
3221.47	1303
3222.28	1293
3223.09	1318
3223.91	1309
3224.71	1317
3225.52	1291
3226.33	1330
3227.14	1316
3227.95	1309
3228.76	1337
3229.57	1330
3230.38	1338
3231.19	1301
3232	1320
3232.81	1339
3233.62	1324
3234.42	1351
3235.23	1338
3236.04	1360
3236.85	1329
3237.66	1331
3238.47	1334
3239.27	1360
3240.08	1378
3240.89	1358
3241.7	1332
3242.5	1346
3243.31	1328
3244.12	1340
3244.92	1329
3245.73	1400
3246.54	1359
3247.34	1363
3248.15	1377
3248.96	1320
3249.76	1363
3250.57	1367
3251.38	1368
3252.18	1359
3252.99	1362
3253.79	1364
3254.6	1374
3255.41	1296
3256.21	1382
3257.02	1357
3257.82	1354
3258.63	1334
3259.43	1406
3260.24	1348
3261.04	1392
3261.85	1350
3262.65	1403
3263.46	1374
3264.26	1371
3265.06	1360
3265.87	1329
3266.67	1393
3267.48	1334
3268.28	1366
3269.08	1387
3269.89	1346
3270.69	1367
3271.49	1361
3272.3	1389
3273.1	1352
3273.9	1386
3274.71	1376
3275.51	1363
3276.31	1390
3277.11	1351
3277.92	1363
3278.72	1387
3279.52	1353
3280.32	1372
3281.13	1405
3281.93	1355
3282.73	1361
3283.53	1356
3284.33	1355
3285.13	1367
3285.93	1383
3286.74	1353
3287.54	1393
3288.34	1336
3289.14	1372
3289.94	1363
3290.74	1339
3291.54	1375
3292.34	1364
3293.14	1352
3293.94	1350
3294.74	1359
3295.54	1378
3296.34	1334
3297.14	1378
3297.94	1326
3298.74	1351
3299.54	1331
3300.34	1349
3301.14	1335
3301.94	1350
3302.74	1355
3303.53	1372
3304.33	1384
3305.13	1357
3305.93	1337
3306.73	1344
3307.53	1367
3308.33	1369
3309.12	1362
3309.92	1345
3310.72	1347
3311.52	1398
3312.32	1345
3313.11	1326
3313.91	1334
3314.71	1338
3315.5	1344
3316.3	1358
3317.1	1368
3317.9	1373
3318.69	1352
3319.49	1339
3320.29	1345
3321.08	1334
3321.88	1377
3322.67	1338
3323.47	1364
3324.27	1358
3325.06	1323
3325.86	1368
3326.65	1364
3327.45	1379
3328.24	1358
3329.04	1334
3329.84	1355
3330.63	1352
3331.43	1352
3332.22	1384
3333.01	1316
3333.81	1354
3334.6	1324
3335.4	1333
3336.19	1331
3336.99	1342
3337.78	1360
3338.58	1314
3339.37	1343
3340.16	1359
3340.96	1339
3341.75	1324
3342.54	1336
3343.34	1360
3344.13	1350
3344.92	1340
3345.72	1320
3346.51	1350
3347.3	1332
3348.1	1368
3348.89	1381
3349.68	1347
3350.47	1319
3351.26	1337
3352.06	1317
3352.85	1334
3353.64	1346
3354.43	1311
3355.22	1345
3356.02	1321
3356.81	1323
3357.6	1352
3358.39	1334
3359.18	1308
3359.97	1309
3360.76	1306
3361.55	1313
3362.34	1317
3363.13	1352
3363.93	1323
3364.72	1278
3365.51	1309
3366.3	1318
3367.09	1298
3367.88	1299
3368.67	1288
3369.46	1296
3370.25	1298
3371.03	1318
3371.82	1309
3372.61	1313
3373.4	1299
3374.19	1283
3374.98	1286
3375.77	1267
3376.56	1298
3377.35	1298
3378.14	1277
3378.92	1282
3379.71	1291
3380.5	1307
3381.29	1308
3382.08	1273
3382.86	1251
3383.65	1277
3384.44	1277
3385.23	1247
3386.01	1267
3386.8	1263
3387.59	1266
3388.38	1271
3389.16	1237
3389.95	1275
3390.74	1258
3391.52	1243
3392.31	1233
3393.1	1266
3393.88	1236
3394.67	1240
3395.45	1241
3396.24	1237
3397.03	1229
3397.81	1227
3398.6	1223
3399.38	1222
3400.17	1226
3400.95	1212
3401.74	1236
3402.52	1232
3403.31	1201
3404.09	1231
3404.88	1207
3405.66	1214
3406.45	1219
3407.23	1224
3408.02	1225
3408.8	1205
3409.59	1211
3410.37	1194
3411.15	1199
3411.94	1232
3412.72	1215
3413.51	1173
3414.29	1211
3415.07	1203
3415.86	1189
3416.64	1194
3417.42	1168
3418.2	1189
3418.99	1178
3419.77	1174
3420.55	1203
3421.34	1182
3422.12	1157
3422.9	1182
3423.68	1188
3424.47	1169
3425.25	1157
3426.03	1180
3426.81	1191
3427.59	1166
3428.37	1150
3429.16	1190
3429.94	1131
3430.72	1146
3431.5	1174
3432.28	1136
3433.06	1155
3433.84	1136
3434.62	1136
3435.4	1132
3436.18	1116
3436.96	1146
3437.74	1132
3438.52	1114
3439.3	1131
3440.08	1124
3440.86	1120
3441.64	1123
3442.42	1133
3443.2	1113
3443.98	1114
3444.76	1129
3445.54	1100
3446.32	1086
3447.1	1114
3447.88	1100
3448.66	1126
3449.43	1096
3450.21	1091
3450.99	1082
3451.77	1099
3452.55	1094
3453.33	1101
3454.11	1085
3454.88	1099
3455.66	1097
3456.44	1054
3457.22	1058
3457.99	1116
3458.77	1114
3459.55	1076
3460.32	1059
3461.1	1095
3461.88	1049
3462.66	1036
3463.43	1047
3464.21	1051
3464.99	1075
3465.76	1046
3466.54	1029
3467.31	1049
3468.09	1035
3468.87	1057
3469.64	1032
3470.42	1012
3471.19	1013
3471.97	1036
3472.74	1019
3473.52	1028
3474.3	1037
3475.07	1033
3475.85	1030
3476.62	1047
3477.4	1009
3478.17	1022
3478.94	1010
3479.72	1032
3480.49	1020
3481.27	1002
3482.04	989
3482.82	1006
3483.59	1002
3484.36	1041
3485.14	982
3485.91	1024
3486.68	982
3487.46	989
3488.23	1020
3489	977
3489.78	978
3490.55	994
3491.32	980
3492.1	1005
3492.87	993
3493.64	979
3494.41	964
3495.19	944
3495.96	971
3496.73	980
3497.5	958
3498.27	956
3499.05	969
3499.82	932
3500.59	940
3501.36	928
3502.13	930
3502.9	921
3503.67	937
3504.45	937
3505.22	941
3505.99	913
3506.76	953
3507.53	930
3508.3	921
3509.07	936
3509.84	917
3510.61	915
3511.38	929
3512.15	909
3512.92	927
3513.69	930
3514.46	933
3515.23	908
3516	936
3516.77	909
3517.54	895
3518.31	902
3519.08	918
3519.85	894
3520.61	892
3521.38	884
3522.15	899
3522.92	893
3523.69	869
3524.46	909
3525.22	883
3525.99	864
3526.76	883
3527.53	885
3528.3	870
3529.06	892
3529.83	873
3530.6	866
3531.37	857
3532.13	880
3532.9	861
3533.67	860
3534.44	853
3535.2	850
3535.97	855
3536.74	851
3537.5	852
3538.27	861
3539.04	858
3539.8	853
3540.57	847
3541.33	851
3542.1	859
3542.86	864
3543.63	853
3544.4	860
3545.16	867
3545.93	845
3546.69	833
3547.46	842
3548.22	823
3548.99	840
3549.75	835
3550.52	822
3551.28	820
3552.05	810
3552.81	833
3553.58	809
3554.34	823
3555.1	819
3555.87	808
3556.63	812
3557.4	816
3558.16	815
3558.92	807
3559.69	822
3560.45	804
3561.21	823
3561.98	825
3562.74	834
3563.5	845
3564.27	812
3565.03	806
3565.79	786
3566.55	797
3567.32	821
3568.08	814
3568.84	800
3569.6	801
3570.36	791
3571.13	751
3571.89	774
3572.65	812
3573.41	777
3574.17	794
3574.93	774
3575.7	783
3576.46	790
3577.22	789
3577.98	769
3578.74	786
3579.5	790
3580.26	787
3581.02	796
3581.78	788
3582.54	790
3583.3	783
3584.06	777
3584.82	758
3585.58	773
3586.34	785
3587.1	768
3587.86	759
3588.62	763
3589.38	778
3590.14	774
3590.9	762
3591.66	745
3592.42	756
3593.18	750
3593.94	762
3594.69	775
3595.45	765
3596.21	746
3596.97	744
3597.73	776
3598.49	712
3599.24	770
3600	743
3600.76	749
3601.52	724
3602.28	747
3603.03	730
3603.79	726
3604.55	726
3605.31	755
3606.06	722
3606.82	749
3607.58	720
3608.33	743
3609.09	747
3609.85	730
3610.6	746
3611.36	729
3612.12	723
3612.87	740
3613.63	736
3614.38	732
3615.14	735
3615.9	736
3616.65	717
3617.41	702
3618.16	726
3618.92	756
3619.67	720
3620.43	703
3621.18	701
3621.94	698
3622.69	694
3623.45	693
3624.2	694
3624.96	693
3625.71	714
3626.47	693
3627.22	708
3627.97	727
3628.73	706
3629.48	703
3630.24	700
3630.99	694
3631.74	699
3632.5	687
3633.25	688
3634	684
3634.76	705
3635.51	688
3636.26	693
3637.02	678
3637.77	679
3638.52	666
3639.27	674
3640.03	672
3640.78	640
3641.53	674
3642.28	667
3643.04	644
3643.79	652
3644.54	678
3645.29	651
3646.04	681
3646.79	652
3647.55	654
3648.3	659
3649.05	634
3649.8	657
3650.55	646
3651.3	648
3652.05	644
3652.8	665
3653.55	684
3654.3	659
3655.06	664
3655.81	667
3656.56	656
3657.31	652
3658.06	656
3658.81	649
3659.56	663
3660.31	657
3661.06	676
3661.8	671
3662.55	667
3663.3	683
3664.05	654
3664.8	673
3665.55	648
3666.3	655
3667.05	649
3667.8	655
3668.55	643
3669.29	644
3670.04	656
3670.79	654
3671.54	645
3672.29	650
3673.04	660
3673.78	646
3674.53	649
3675.28	653
3676.03	637
3676.77	649
3677.52	642
3678.27	643
3679.02	638.51
3679.76	632.604
3680.51	631.626
3681.26	627.576
3682	645.902
3682.75	655.098
3683.5	673.425
3684.24	650.417
3684.99	643.872
3685.74	645.961
3686.48	638.367
3687.23	635.66
3687.97	637.957
3688.72	634.146
3689.47	630.67
3690.21	624.604
3690.96	649.335
3691.7	636.536
3692.45	635.519
3693.19	654.578
3693.94	633.291
3694.68	649.847
3695.43	641.236
3696.17	637.816
3696.92	651.943
3697.66	656.259
3698.41	667.668
3699.15	651.006
3699.9	660.827
3700.64	648.923
3701.38	640.574
3702.13	664.748
3702.87	655.134
3703.62	655.893
3704.36	645.751
3705.1	653.789
3705.85	654.638
3706.59	645.617
3707.33	642.899
3708.08	627.238
3708.82	637.065
3709.56	649.56
3710.31	646.359
3711.05	643.944
3711.79	646.77
3712.53	618.384
3713.28	640.515
3714.02	637.242
3714.76	644.244
3715.5	641.24
3716.25	650.058
3716.99	633.047
3717.73	639.857
3718.47	627.232
3719.21	637.141
3719.96	637.847
3720.7	622.685
3721.44	641.814
3722.18	651.909
3722.92	641.482
3723.66	656.765
3724.4	633.862
3725.14	637.666
3725.88	652.872
3726.63	648.188
3727.37	650.197
3728.11	646.479
3728.85	647.31
3729.59	643.504
3730.33	638.149
3731.07	653.993
3731.81	644.138
3732.55	636.024
3733.29	621.996
3734.03	652.971
3734.77	632.516
3735.51	637.926
3736.25	655.921
3736.99	642.608
3737.72	655.854
3738.46	640.464
3739.2	650.496
3739.94	648.549
3740.68	650.885
3741.42	658.498
3742.16	640.105
3742.9	650.777
3743.63	641.939
3744.37	652.832
3745.11	649.019
3745.85	670.267
3746.59	676.977
3747.32	674.468
3748.06	654.912
3748.8	642.157
3749.54	663.234
3750.27	645.876
3751.01	638.941
3751.75	654.855
3752.49	659.59
3753.22	657.713
3753.27	658
3754.01	658
3754.75	674
3755.49	661
3756.23	656
3756.97	624
3757.71	660
3758.45	662
3759.2	659
3759.94	663
3760.68	645
3761.42	671
3762.16	662
3762.9	646
3763.64	644
3764.38	639
3765.12	660
3765.86	651
3766.59	653
3767.33	656
3768.07	659
3768.81	647
3769.55	639
3770.29	652
3771.03	658
3771.77	654
3772.51	673
3773.25	634
3773.99	636
3774.72	644
3775.46	638
3776.2	648
3776.94	658
3777.68	633
3778.41	660
3779.15	666
3779.89	673
3780.63	654
3781.37	646
3782.1	691
3782.84	664
3783.58	676
3784.31	636
3785.05	649
3785.79	666
3786.53	677
3787.26	642
3788	679
3788.74	675
3789.47	671
3790.21	680
3790.94	663
3791.68	666
3792.42	647
3793.15	678
3793.89	636
3794.62	635
3795.36	641
3796.1	665
3796.83	684
3797.57	664.5
3798.3	645
3799.04	638
3799.77	657
3800.51	662
3801.24	642
3801.98	641
3802.71	664
3803.45	667
3804.18	669
3804.92	649
3805.65	636
3806.38	641
3807.12	666
3807.85	671
3808.59	643
3809.32	643
3810.05	658
3810.79	675
3811.52	636
3812.25	642
3812.99	678
3813.72	643
3814.45	647
3815.19	658
3815.92	653
3816.65	648
3817.39	648
3818.12	669
3818.85	684
3819.58	651
3820.32	665
3821.05	640
3821.78	661
3822.51	628
3823.24	649
3823.98	658
3824.71	641
3825.44	658
3826.17	641
3826.9	630
3827.63	650
3828.36	629
3829.1	640
3829.83	615
3830.56	640
3831.29	616
3832.02	663
3832.75	658
3833.48	649
3834.21	650
3834.94	643
3835.67	651
3836.4	677
3837.13	624
3837.86	649
3838.59	649
3839.32	634
3840.05	619
3840.78	623
3841.51	633
3842.24	622
3842.97	632
3843.7	634
3844.43	633
3845.16	622
3845.89	625
3846.62	626
3847.34	645
3848.07	648
3848.8	618
3849.53	611
3850.26	646
3850.99	613
3851.72	617
3852.44	643
3853.17	619
3853.9	625
3854.63	616
3855.36	614
3856.08	626
3856.81	619
3857.54	604
3858.26	617
3858.99	604
3859.72	604
3860.45	621
3861.17	599
3861.9	604
3862.63	614
3863.35	621
3864.08	610
3864.81	586
3865.53	599
3866.26	600
3866.99	601
3867.71	613
3868.44	602
3869.16	596
3869.89	602
3870.61	595
3871.34	595
3872.07	609
3872.79	585
3873.52	600
3874.24	607
3874.97	614
3875.69	591
3876.42	592
3877.14	577
3877.87	591
3878.59	612
3879.31	600
3880.04	575
3880.76	592
3881.49	608
3882.21	591
3882.94	574
3883.66	588
3884.38	583
3885.11	596
3885.83	552
3886.55	588
3887.28	605
3888	594
3888.72	577
3889.45	603
3890.17	566
3890.89	602
3891.62	584
3892.34	581
3893.06	577
3893.79	571
3894.51	590
3895.23	583
3895.95	596
3896.67	573
3897.4	600
3898.12	591
3898.84	600
3899.56	590
3900.28	580
3901.01	580
3901.73	585
3902.45	560
3903.17	586
3903.89	583
3904.61	585
3905.33	587
3906.05	593
3906.78	586
3907.5	574
3908.22	562
3908.94	580
3909.66	593
3910.38	590
3911.1	599
3911.82	565
3912.54	609
3913.26	574
3913.98	600
3914.7	578
3915.42	588
3916.14	555
3916.86	582
3917.58	579
3918.3	580
3919.02	567
3919.73	592
3920.45	573
3921.17	547
3921.89	569
3922.61	597
3923.33	559
3924.05	562
3924.77	569
3925.48	565
3926.2	565
3926.92	594
3927.64	571
3928.36	570
3929.08	564
3929.79	565
3930.51	578
3931.23	583
3931.95	582
3932.66	562
3933.38	559
3934.1	575
3934.82	564
3935.53	566
3936.25	577
3936.97	608
3937.68	568
3938.4	588
3939.12	573
3939.83	555
3940.55	568
3941.27	563
3941.98	586
3942.7	582
3943.41	560
3944.13	598
3944.85	576
3945.56	559
3946.28	553
3946.99	566
3947.71	565
3948.42	561
3949.14	579
3949.85	546
3950.57	550
3951.28	565
3952	592
3952.71	548
3953.43	558
3954.14	557
3954.86	558
3955.57	565
3956.29	548
3957	574
3957.71	561
3958.43	561
3959.14	532
3959.86	558
3960.57	571
3961.28	554
3962	566
3962.71	555
3963.42	549
3964.14	574
3964.85	552
3965.56	568
3966.28	552
3966.99	578
3967.7	574
3968.41	573
3969.13	550
3969.84	551
3970.55	533
3971.26	565
3971.98	549
3972.69	555
3973.4	550
3974.11	555
3974.83	545
3975.54	578
3976.25	542
3976.96	560
3977.67	551
3978.38	557
3979.09	546
3979.81	535
3980.52	545
3981.23	566
3981.94	561
3982.65	554
3983.36	542
3984.07	540
3984.78	537
3985.49	564
3986.2	549
3986.91	560
3987.62	558
3988.33	563
3989.04	555
3989.75	543
3990.46	557
3991.17	530
3991.88	531
3992.59	543
3993.3	554
3994.01	555
3994.72	528
3995.43	532
3996.14	564
3996.85	551
3997.56	525
3998.26	547
3998.97	547
3999.68	554
