51.4629	14625
52.7545	15414
54.0474	16161
55.3386	16739
56.6296	17088
57.9203	17196
59.2108	17056
60.5012	17003
61.7928	16753
63.0827	16463
64.3724	16058
65.6619	15735
66.9511	15506
68.2402	15302
69.5291	14903
70.8177	14728
72.1076	14468
73.3958	14287
74.6838	13997
75.9716	13700
77.2592	13371
78.5466	13166
79.8337	12792
81.1207	12536
82.4074	12389
83.694	11918
84.9803	11810
86.2664	11481
87.5523	11298
88.838	11104
90.1235	10817
91.4087	10585
92.6938	10356
93.9786	10165
95.2633	9907
96.5477	9727
97.8319	9511
99.1159	9315
100.4	9097
101.683	8884
102.967	8726
104.25	8521
105.533	8411
106.814	8243
108.097	8001
109.379	7864
110.661	7733
111.943	7517
113.225	7375
114.506	7206
115.787	7135
117.067	7025
118.348	6709
119.628	6673
120.909	6641
122.189	6453
123.469	6367
124.747	6233
126.027	6128
127.306	5971
128.586	5924
129.865	5772
131.142	5742
132.42	5697
133.699	5552
134.977	5486
136.253	5466
137.531	5332
138.809	5368
140.085	5233
141.362	5225
142.639	5179
143.915	5135
145.19	5005
146.466	5027
147.743	5018
149.017	4981
150.293	4865
151.568	4934
152.842	4820
154.117	4853
155.39	4769
156.665	4682
157.939	4637
159.212	4558
160.486	4573
161.758	4511
163.032	4537
164.305	4471
165.577	4395
166.85	4335
168.121	4344
169.393	4330
170.664	4289
171.936	4284
173.208	4236
174.479	4182
175.75	4170
177.02	4115
178.291	4124
179.56	4160
180.831	4124
182.1	4119
183.369	4112
184.639	4064
185.907	4094
187.177	4028
188.445	4090
189.714	4055
190.981	4055
192.25	4055
193.517	4010
194.784	4062
196.053	4037
197.319	4023
198.587	4014
199.853	4034
201.119	4031
202.386	3976
203.652	4037
204.917	3987
206.183	3989
207.448	3970
208.713	3939
209.979	3942
211.243	3946
212.507	3937
213.771	3901
215.036	3984
216.299	3880
217.563	3891
218.827	3913
220.09	3873
221.353	3911
222.615	3877
223.879	3830
225.141	3813
226.403	3833
227.664	3813
228.925	3826
230.188	3846
231.449	3760
232.71	3835
233.97	3788
235.231	3802
236.491	3763
237.752	3789
239.012	3728
240.272	3759
241.531	3790
242.79	3745
244.049	3778
245.308	3726
246.566	3712
247.826	3754
249.084	3695
250.342	3622
251.6	3716
252.857	3669
254.115	3649
255.372	3647
256.629	3645
257.885	3625
259.142	3653
260.398	3636
261.654	3659
262.91	3600
264.166	3730
265.421	3589
266.677	3564
267.932	3634
269.187	3588
270.441	3611
271.696	3645
272.95	3642
274.204	3602
275.458	3642
276.712	3600
277.964	3606
279.217	3608
280.47	3612
281.723	3614
282.975	3610
284.228	3605
285.48	3619
286.732	3534
287.984	3624
289.234	3598
290.485	3562
291.737	3624
292.988	3612
294.239	3568
295.488	3607
296.738	3582
297.988	3550
299.238	3514
300.488	3600
301.736	3561
302.986	3580
304.235	3571
305.484	3586
306.731	3539
307.98	3585
309.228	3565
310.477	3584
311.723	3571
312.971	3523
314.218	3543
315.464	3522
316.712	3612
317.959	3569
319.204	3561
320.451	3566
321.697	3594
322.942	3528
324.188	3570
325.432	3522
326.678	3567
327.923	3617
329.167	3568
330.412	3555
331.655	3584
332.9	3509
334.144	3567
335.387	3643
336.631	3645
337.873	3637
339.117	3673
340.359	3575
341.602	3627
342.843	3623
344.086	3687
345.327	3682
346.57	3656
347.81	3604
349.052	3679
350.293	3643
351.534	3634
352.774	3669
354.016	3670
355.255	3693
356.496	3682
357.735	3664
358.974	3636
360.214	3674
361.453	3659
362.693	3700
363.931	3688
365.169	3735
366.408	3774
367.645	3783
368.883	3750
370.121	3816
371.358	3804
372.595	3785
373.833	3810
375.07	3775
376.306	3781
377.543	3727
378.779	3751
380.014	3692
381.251	3719
382.486	3636
383.721	3657
384.956	3641
386.192	3602
387.427	3596
388.661	3638
389.895	3659
391.129	3634
392.364	3662
393.597	3661
394.83	3673
396.063	3641
397.296	3643
398.53	3735
399.763	3802
400.995	3755
402.227	3790
403.459	3800
404.69	3839
405.922	3903
407.154	3940
408.385	3973
409.616	3991
410.847	4036
412.077	4132
413.308	4203
414.538	4349
415.767	4342
416.997	4434
418.227	4605
419.456	4709
420.685	4867
421.914	4981
423.142	5047
424.371	5162
425.599	5244
426.827	5276
428.055	5348
429.283	5406
430.51	5416
431.738	5422
432.965	5338
434.192	5259
435.418	5195
436.645	5161
437.871	5089
439.097	4913
440.323	4870
441.549	4789
442.773	4759
443.998	4711
445.224	4646
446.449	4464
447.673	4454
448.898	4382
450.122	4396
451.345	4290
452.569	4230
453.793	4226
455.016	4185
456.24	4137
457.461	4079
458.684	4049
459.907	3987
461.13	3985
462.351	3937
463.573	3921
464.795	3934
466.017	3900
467.237	3889
468.459	3885
469.68	3867
470.901	3858
472.12	3811
473.341	3829
474.561	3817
475.78	3826
477	3717
478.22	3745
479.439	3763
480.658	3727
481.877	3691
483.095	3732
484.314	3775
485.531	3674
486.75	3697
487.968	3702
489.185	3706
490.403	3703
491.619	3684
492.837	3677
494.053	3706
495.27	3735
496.485	3758
497.702	3735
498.919	3769
500.134	3780
501.35	3770
502.564	3759
503.779	3767
504.995	3797
506.209	3769
507.424	3834
508.637	3747
509.852	3718
511.065	3699
512.28	3797
513.493	3704
514.707	3705
515.919	3744
517.132	3656
518.345	3777
519.557	3784
520.769	3767
521.982	3738
523.193	3756
524.406	3742
525.616	3746
526.827	3749
528.039	3765
529.25	3780
530.46	3829
531.67	3778
532.881	3770
534.09	3719
535.3	3791
536.51	3772
537.719	3789
538.928	3766
540.137	3789
541.347	3763
542.555	3780
543.763	3782
544.971	3787
546.179	3720
547.388	3734
548.595	3767
549.802	3739
551.009	3751
552.216	3713
553.422	3723
554.63	3714
555.836	3695
557.042	3801
558.248	3647
559.453	3677
560.659	3624
561.864	3659
563.069	3665
564.274	3612
565.48	3687
566.684	3645
567.888	3653
569.092	3634
570.296	3681
571.5	3731
572.703	3691
573.907	3676
575.11	3662
576.313	3668
577.515	3673
578.718	3694
579.92	3656
581.122	3691
582.324	3756
583.526	3721
584.728	3733
585.929	3815
587.129	3881
588.33	3875
589.531	3888
590.731	3939
591.932	3927
593.132	3974
594.332	3942
595.532	3994
596.732	4034
597.93	4038
599.129	3972
600.328	3912
601.527	3810
602.726	3855
603.924	3894
605.121	3820
606.319	3792
607.517	3770
608.715	3779
609.913	3787
611.109	3829
612.306	3795
613.503	3808
614.699	3823
615.895	3861
617.092	3831
618.288	3813
619.483	3776
620.679	3819
621.874	3897
623.068	3833
624.264	3830
625.459	3797
626.652	3863
627.847	3865
629.042	3849
630.235	3805
631.429	3852
632.623	3818
633.815	3859
635.009	3875
636.201	3855
637.394	3841
638.586	3826
639.779	3873
640.972	3886
642.163	3882
643.355	3882
644.546	3856
645.738	3895
646.928	3932
648.12	3938
649.31	3873
650.501	3904
651.691	3831
652.882	3930
654.071	3879
655.261	3923
656.45	3933
657.639	3903
658.829	3906
660.017	3889
661.207	3976
662.394	3978
663.582	3951
664.771	3961
665.959	3954
667.147	3971
668.334	4044
669.521	3974
670.709	4034
671.896	4019
673.082	3994
674.269	3999
675.455	3988
676.641	4043
677.828	4076
679.013	4066
680.198	4024
681.383	4060
682.569	4009
683.754	4130
684.938	4099
686.123	4096
687.308	4065
688.492	4145
689.676	4147
690.859	4138
692.042	4105
693.227	4123
694.41	4155
695.593	4158
696.775	4160
697.957	4150
699.14	4136
700.323	4202
701.505	4220
702.686	4174
703.868	4165
705.049	4192
706.23	4201
707.411	4177
708.592	4199
709.772	4157
710.953	4258
712.133	4154
713.313	4169
714.493	4171
715.672	4140
716.852	4191
718.031	4178
719.21	4140
720.389	4162
721.567	4137
722.746	4213
723.924	4180
725.102	4177
726.28	4158
727.458	4232
728.636	4184
729.813	4228
730.99	4216
732.167	4144
733.344	4202
734.521	4209
735.697	4224
736.872	4212
738.048	4185
739.224	4237
740.4	4206
741.575	4290
742.751	4248
743.925	4251
745.1	4267
746.274	4293
747.449	4298
748.623	4336
749.796	4271
750.97	4371
752.144	4302
753.318	4374
754.49	4369
755.664	4348
756.837	4443
758.01	4412
759.181	4384
760.354	4483
761.526	4456
762.697	4378
763.869	4464
765.041	4453
766.211	4457
767.383	4470
768.554	4439
769.724	4522
770.895	4542
772.064	4533
773.235	4544
774.405	4599
775.574	4629
776.744	4544
777.913	4568
779.083	4550
780.251	4557
781.42	4607
782.589	4591
783.757	4593
784.926	4632
786.093	4600
787.261	4641
788.428	4612
789.596	4680
790.763	4583
791.93	4662
793.097	4649
794.263	4635
795.43	4669
796.595	4707
797.762	4670
798.927	4693
800.094	4677
801.259	4733
802.423	4679
803.589	4716
804.754	4679
805.918	4646
807.083	4681
808.247	4733
809.41	4697
810.575	4711
811.738	4839
812.902	4732
814.066	4742
815.229	4805
816.391	4743
817.555	4826
818.717	4832
819.879	4869
821.041	4977
822.204	5009
823.365	5007
824.526	5002
825.688	5112
826.848	5066
828.011	5183
829.171	5204
830.331	5179
831.492	5239
832.652	5197
833.811	5214
834.972	5169
836.132	5191
837.291	5143
838.45	5217
839.609	5094
840.768	5027
841.927	5142
843.085	5073
844.243	5132
845.401	5051
846.559	5165
847.717	5248
848.876	5216
850.033	5284.5
851.19	5353
852.347	5339
853.504	5418
854.66	5499
855.817	5552
856.973	5617
858.128	5646
859.284	5820
860.439	5987
861.595	6073
862.75	6353
863.905	6631
865.06	7005
866.215	7350
867.37	7898
868.524	8587
869.679	9294
870.831	10207
871.985	11358
873.139	12684
874.293	14110
875.446	15539
876.599	16981
877.751	18034
878.904	18606
880.056	18863
881.209	18490
882.361	17729
883.512	16564
884.664	15215
885.816	13923
886.967	12417
888.117	11151
889.269	10021
890.42	9051
891.57	8268
892.72	7663
893.87	7114
895.021	6737
896.17	6332
897.32	6101
898.469	5913
899.618	5670
900.767	5596
901.917	5449
903.064	5362
904.213	5276
905.361	5170
906.509	5133
907.658	5042
908.805	5037
909.953	4985.5
911.099	4934
912.247	4939
913.393	4847
914.54	4844
915.686	4869
916.833	4781
917.979	4705
919.125	4764
920.27	4745
921.417	4706
922.561	4774
923.707	4784
924.852	4751
925.997	4710
927.141	4695
928.285	4718
929.43	4795
930.574	4705
931.719	4795
932.862	4688
934.005	4744
935.149	4789
936.292	4680
937.434	4746
938.578	4720
939.72	4691
940.862	4741
942.005	4707
943.147	4721
944.288	4741
945.431	4772
946.572	4724
947.713	4735
948.853	4719
949.995	4711
951.135	4735
952.276	4655
953.416	4674
954.557	4701
955.697	4660
956.836	4690
957.975	4733
959.115	4728
960.255	4703
961.394	4668
962.532	4700
963.671	4763
964.809	4730
965.947	4662
967.085	4727
968.223	4717
969.362	4641
970.499	4711
971.636	4640
972.773	4608
973.91	4688
975.047	4720
976.183	4672
977.32	4683
978.456	4697
979.592	4674
980.728	4688
981.863	4711
982.999	4697
984.134	4769
985.269	4747
986.404	4741
987.539	4709
988.674	4760
989.808	4652
990.942	4732
992.075	4698
993.209	4687
994.343	4739
995.476	4714
996.61	4746
997.743	4720
998.876	4701
1000.01	4704
1001.14	4712
1002.27	4721
1003.41	4723
1004.54	4777
1005.67	4795
1006.8	4822
1007.93	4865
1009.06	4842
1010.19	4896
1011.33	4923
1012.46	5019
1013.59	5040
1014.72	5056
1015.85	5089
1016.98	5347
1018.11	5261
1019.24	5388
1020.36	5514
1021.49	5527
1022.62	5628
1023.75	5720
1024.88	5836
1026.01	5936
1027.14	6020
1028.27	6145
1029.39	6230
1030.52	6317
1031.65	6406
1032.78	6558
1033.9	6620
1035.03	6608
1036.16	6830
1037.28	6889
1038.41	6954
1039.53	7185
1040.66	7252
1041.79	7415
1042.91	7638
1044.04	7757
1045.16	7911
1046.29	7953
1047.41	8032
1048.54	7998
1049.66	8002
1050.79	7828
1051.91	7734
1053.04	7517
1054.16	7341
1055.28	7079
1056.41	6881
1057.53	6621
1058.65	6460
1059.78	6248
1060.9	6090
1062.02	6055
1063.14	5909
1064.27	5860
1065.39	5858
1066.51	5749
1067.63	5708
1068.75	5756
1069.87	5793
1070.99	5745
1072.12	5875
1073.24	5923
1074.36	5906
1075.48	5970
1076.6	6024
1077.72	6105
1078.84	6208
1079.96	6338
1081.08	6521
1082.19	6628
1083.31	6924
1084.43	7038
1085.55	7208
1086.67	7320
1087.79	7606
1088.91	7686
1090.02	7793
1091.14	7963
1092.26	7982
1093.38	7955
1094.49	7817
1095.61	7775
1096.73	7505
1097.85	7288
1098.96	7083
1100.08	6814
1101.19	6669
1102.31	6404
1103.43	6141
1104.54	5964
1105.66	5892
1106.77	5735
1107.89	5667
1109	5546
1110.12	5584
1111.23	5407
1112.35	5346
1113.46	5305
1114.57	5311
1115.69	5256
1116.8	5188
1117.91	5193
1119.03	5099
1120.14	5049
1121.25	4989
1122.37	4872
1123.48	4804
1124.59	4858
1125.7	4828
1126.82	4677
1127.93	4574
1129.04	4610
1130.15	4470
1131.26	4475
1132.37	4373
1133.48	4369
1134.59	4347
1135.7	4300
1136.81	4213
1137.92	4169
1139.04	4199
1140.14	4092
1141.25	4087
1142.36	4087
1143.47	4065
1144.58	4012
1145.69	4022
1146.8	3989
1147.91	3921
1149.02	3944
1150.12	3987
1151.23	3947
1152.34	3867
1153.45	3876
1154.56	3843.42
1155.66	3837.89
1156.77	3847.18
1157.88	3784.17
1158.98	3745.97
1160.09	3744.15
1161.2	3723.64
1162.3	3701.1
1163.41	3682.19
1164.51	3668.87
1165.62	3683.39
1166.73	3648.93
1167.83	3631.04
1168.94	3649.95
1170.04	3546.6
1171.15	3576.85
1172.25	3561.17
1173.35	3544.44
1174.46	3558.28
1175.56	3557.73
1176.67	3528.99
1177.77	3508.57
1178.87	3508.23
1179.98	3528.1
1181.08	3494.09
1182.18	3492
1183.29	3459.22
1184.39	3498.1
1185.49	3476.82
1186.59	3477.63
1187.7	3451.07
1188.8	3468.78
1189.9	3498.26
1191	3466.12
1192.1	3487.33
1193.2	3411.39
1194.3	3424.83
1195.4	3457.68
1196.51	3424.58
1197.61	3411.93
1198.71	3449.18
1199.81	3434.83
1200.91	3448.79
1202.01	3450.98
1203.11	3476.73
1204.2	3464.6
1205.31	3444.06
1206.4	3469.6
1207.5	3472.78
1208.6	3445.57
1209.7	3462.38
1210.8	3457.66
1211.9	3464.65
1212.99	3469.1
1214.09	3474.45
1215.19	3491.6
1216.29	3442.84
1217.38	3453.21
1218.48	3455.37
1219.58	3497.49
1220.67	3512.97
1221.77	3507.28
1222.87	3523.47
1223.96	3533.46
1225.06	3553.45
1226.16	3558.78
1227.25	3593.09
1228.35	3600.18
1229.44	3581.49
1230.54	3595.42
1231.63	3604.27
1232.73	3599.24
1233.82	3640.83
1234.92	3651.72
1236.01	3661.98
1237.1	3674.58
1238.2	3688
1239.29	3718.07
1240.39	3713.46
1241.48	3704.62
1242.57	3704.82
1243.66	3723.43
1244.76	3763.26
1245.85	3786.42
1246.94	3826.16
1248.03	3833.19
1249.13	3880.67
1250.22	3945.67
1251.31	3956.92
1252.4	3970.57
1253.49	4008.2
1254.59	4051.76
1255.68	4112.82
1256.77	4193.42
1257.86	4247.01
1258.95	4333.99
1260.04	4411.64
1261.13	4483.53
1262.22	4589.21
1263.31	4672.86
1264.4	4813.44
1265.49	4903.75
1265.94	4912
1267.03	5123
1268.13	5250
1269.22	5306
1270.31	5370
1271.41	5493
1272.5	5435
1273.6	5458
1274.69	5419
1275.78	5265
1276.88	5218
1277.97	5087
1279.06	4990
1280.15	4823
1281.25	4720
1282.34	4650
1283.43	4509
1284.52	4371
1285.61	4352
1286.71	4179
1287.8	4154
1288.89	4116
1289.98	4033
1291.07	3974
1292.16	3980
1293.25	3860
1294.34	3840
1295.43	3820
1296.52	3796
1297.61	3802
1298.7	3736
1299.79	3711
1300.88	3647
1301.97	3726
1303.06	3630
1304.15	3591
1305.23	3678
1306.32	3603
1307.41	3621
1308.5	3583
1309.59	3575
1310.67	3536
1311.76	3561
1312.85	3499
1313.94	3544
1315.02	3464
1316.11	3501
1317.2	3500.5
1318.28	3500
1319.37	3492
1320.46	3449
1321.54	3439
1322.63	3460
1323.71	3509
1324.8	3502
1325.88	3455
1326.97	3493
1328.05	3409
1329.14	3431
1330.22	3424.5
1331.31	3418
1332.39	3438
1333.48	3414
1334.56	3391
1335.64	3408
1336.73	3432
1337.81	3420
1338.89	3418
1339.98	3405
1341.06	3438
1342.14	3426
1343.22	3420
1344.31	3424
1345.39	3406
1346.47	3439
1347.55	3434
1348.63	3414
1349.72	3452
1350.8	3446
1351.88	3408
1352.96	3466
1354.04	3464
1355.12	3488
1356.2	3503
1357.28	3544
1358.36	3516
1359.44	3515
1360.52	3583
1361.6	3598
1362.68	3557
1363.76	3629
1364.84	3607
1365.92	3671
1366.99	3668
1368.07	3757
1369.15	3758
1370.23	3778
1371.31	3783
1372.39	3857
1373.46	3899
1374.54	3963
1375.62	3967
1376.7	4019
1377.77	4040
1378.85	4074
1379.92	4125
1381	4080
1382.08	4043
1383.15	4111
1384.23	4053
1385.31	4160
1386.38	4178
1387.46	4107
1388.53	4141
1389.61	4170
1390.68	4170
1391.76	4210
1392.83	4239
1393.91	4297
1394.98	4272
1396.05	4379
1397.13	4443
1398.2	4468
1399.28	4528
1400.35	4595
1401.42	4597
1402.5	4627
1403.57	4657
1404.64	4685
1405.71	4683
1406.79	4666
1407.86	4582
1408.93	4681
1410	4611
1411.07	4671
1412.14	4632
1413.22	4661
1414.29	4658
1415.36	4685
1416.43	4728
1417.5	4715
1418.57	4774
1419.64	4762
1420.71	4865
1421.78	4851
1422.85	4914
1423.92	4945
1424.99	5070
1426.06	5102
1427.13	5174
1428.2	5294
1429.27	5304
1430.33	5404
1431.4	5469
1432.47	5652
1433.54	5787
1434.61	5884
1435.68	6136
1436.74	6194
1437.81	6395
1438.88	6638
1439.95	6841
1441.01	7123
1442.08	7292
1443.15	7644
1444.21	7840
1445.28	8001
1446.35	8320
1447.41	8556
1448.48	8693
1449.54	8771
1450.61	8898
1451.67	8841
1452.74	8823
1453.8	8655
1454.87	8496
1455.93	8292
1457	8055
1458.06	7748
1459.12	7362
1460.19	7177
1461.25	6860
1462.32	6627
1463.38	6438
1464.44	6268
1465.51	6079
1466.57	5903
1467.63	5829
1468.69	5757
1469.76	5655
1470.82	5602
1471.88	5611
1472.94	5504
1474.01	5434
1475.07	5508
1476.13	5487
1477.19	5505
1478.25	5452
1479.31	5420
1480.37	5524
1481.43	5431
1482.49	5270
1483.55	5233
1484.61	5170
1485.67	5083
1486.73	4961
1487.79	4805
1488.85	4715
1489.91	4585
1490.97	4549
1492.03	4460
1493.09	4327
1494.15	4324
1495.2	4241
1496.26	4141
1497.32	4068
1498.38	4055
1499.44	4000
1500.49	3929
1501.55	3930
1502.61	3804
1503.67	3811
1504.72	3781
1505.78	3741
1506.84	3681
1507.89	3669
1508.95	3625
1510	3609
1511.06	3596
1512.12	3544
1513.17	3500
1514.23	3479
1515.28	3500
1516.34	3420
1517.39	3393
1518.45	3374
1519.5	3355
1520.56	3329
1521.61	3301
1522.66	3269
1523.72	3270
1524.77	3201
1525.82	3208
1526.88	3250
1527.93	3104
1528.99	3110
1530.04	3132
1531.09	3071
1532.14	3086
1533.2	3067
1534.25	3058
1535.3	3085
1536.35	3053
1537.4	2978
1538.45	3003
1539.51	2962
1540.56	2980
1541.61	2954
1542.66	2946
1543.71	2937
1544.76	2924
1545.81	2905
1546.86	2896
1547.91	2874
1548.96	2880
1550.01	2826
1551.06	2877
1552.11	2846
1553.16	2824
1554.21	2757
1555.26	2872
1556.31	2793
1557.35	2786
1558.4	2752
1559.45	2757
1560.5	2724
1561.55	2737
1562.6	2743
1563.64	2783
1564.69	2711
1565.74	2767
1566.79	2708
1567.83	2731
1568.88	2656
1569.93	2676
1570.97	2718
1572.02	2703
1573.06	2697
1574.11	2737
1575.16	2693
1576.2	2720
1577.25	2707
1578.29	2718
1579.34	2680
1580.38	2683
1581.43	2718
1582.47	2702
1583.52	2706
1584.56	2688
1585.61	2692
1586.65	2692
1587.69	2740
1588.74	2760
1589.78	2691
1590.82	2718
1591.87	2753
1592.91	2641
1593.95	2714
1594.99	2733
1596.04	2732
1597.08	2754
1598.12	2711
1599.16	2733
1600.21	2781
1601.25	2775
1602.29	2751
1603.33	2755
1604.37	2724
1605.41	2777
1606.45	2805
1607.49	2791
1608.54	2822
1609.58	2825
1610.62	2841
1611.66	2805
1612.7	2842
1613.74	2816
1614.78	2809
1615.81	2823
1616.85	2822
1617.89	2828
1618.93	2826
1619.97	2850
1621.01	2780
1622.05	2791
1623.09	2859
1624.12	2822
1625.16	2830
1626.2	2888
1627.24	2831
1628.28	2943
1629.31	2920
1630.35	2966
1631.39	3011
1632.42	3054
1633.46	3166
1634.5	3214
1635.53	3139
1636.57	3287
1637.61	3244
1638.64	3287
1639.68	3195
1640.71	3175
1641.75	3034
1642.78	2938
1643.82	2837
1644.85	2813
1645.89	2762
1646.92	2716
1647.96	2724
1648.99	2683
1650.02	2669
1651.06	2638
1652.09	2678
1653.13	2620
1654.16	2631
1655.19	2538
1656.23	2609
1657.26	2577
1658.29	2614
1659.32	2552
1660.36	2584
1661.39	2562
1662.42	2595
1663.45	2505
1664.48	2523
1665.52	2581
1666.55	2524
1667.58	2493
1668.61	2492
1669.64	2555
1670.67	2536
1671.7	2492
1672.73	2482
1673.76	2509
1674.79	2509
1675.82	2524
1676.85	2514
1677.88	2524
1678.91	2499
1679.94	2507
1680.97	2485
1682	2489
1683.03	2515
1684.06	2428
1685.09	2481
1686.12	2436
1687.14	2508
1688.17	2490
1689.2	2480
1690.23	2475
1691.25	2513
1692.28	2475
1693.31	2495
1694.34	2508
1695.36	2520
1696.39	2526
1697.42	2536
1698.44	2596
1699.47	2601
1700.5	2549
1701.52	2570
1702.55	2562
1703.57	2583
1704.6	2527
1705.62	2477
1706.65	2561
1707.68	2557
1708.7	2560
1709.73	2577
1710.75	2595
1711.77	2539
1712.8	2576
1713.82	2496
1714.85	2553
1715.87	2555
1716.89	2525
1717.92	2547
1718.94	2557
1719.96	2557
1720.99	2556
1722.01	2598
1723.03	2567
1724.05	2608
1725.08	2591
1726.1	2560
1727.12	2587
1728.14	2507
1729.17	2476
1730.19	2477
1731.21	2421
1732.23	2389
1733.25	2382
1734.27	2374
1735.29	2344
1736.31	2308
1737.33	2348
1738.35	2282
1739.37	2307
1740.39	2262
1741.41	2272
1742.43	2289
1743.45	2298
1744.47	2342
1745.49	2310
1746.51	2310
1747.53	2314
1748.55	2259
1749.57	2291
1750.58	2314
1751.6	2277
1752.62	2297
1753.64	2300
1754.66	2232
1755.67	2287
1756.69	2268
1757.71	2287
1758.73	2312
1759.74	2287
1760.76	2269
1761.78	2236
1762.79	2265
1763.81	2349
1764.83	2269
1765.84	2291
1766.86	2322
1767.87	2312
1768.89	2301
1769.9	2309
1770.92	2331
1771.93	2302
1772.95	2294
1773.96	2280
1774.98	2282
1775.99	2309
1777.01	2292
1778.02	2322
1779.04	2331
1780.05	2316
1781.06	2296
1782.08	2291
1783.09	2320
1784.1	2276
1785.12	2361
1786.13	2349
1787.14	2363
1788.15	2358
1789.17	2369
1790.18	2339
1791.19	2322
1792.2	2331
1793.21	2349
1794.23	2315
1795.24	2332
1796.25	2295
1797.26	2322
1798.27	2315
1799.28	2325
1800.29	2343
1801.3	2309
1802.31	2370
1803.32	2315
1804.33	2260
1805.34	2326
1806.35	2342
1807.36	2280
1808.37	2266
1809.38	2315
1810.39	2253
1811.4	2306
1812.41	2304
1813.42	2287
1814.42	2289
1815.43	2276
1816.44	2260
1817.45	2272
1818.46	2281
1819.46	2293
1820.47	2263
1821.48	2273
1822.49	2251
1823.49	2269
1824.5	2280
1825.51	2239
1826.51	2217
1827.52	2206
1828.53	2210
1829.53	2270
1830.54	2177
1831.55	2242
1832.55	2221
1833.56	2187
1834.56	2229
1835.57	2216
1836.57	2185
1837.58	2187
1838.58	2147
1839.59	2143
1840.59	2154
1841.59	2145
1842.6	2131
1843.6	2151
1844.61	2123.5
1845.61	2096
1846.61	2076
1847.62	2065
1848.62	2068
1849.62	2059
1850.63	2041
1851.63	2030
1852.63	2101
1853.63	2089
1854.64	2062
1855.64	2022
1856.64	2024
1857.64	2046
1858.64	2056
1859.64	2011
1860.65	2044
1861.65	2012
1862.65	2045
1863.65	2021
1864.65	2059
1865.65	1986
1866.65	2028
1867.65	2004
1868.65	2030
1869.65	2026
1870.65	2039
1871.65	2008
1872.65	2038
1873.65	2008
1874.65	2066
1875.65	2085
1876.65	2025
1877.64	2022
1878.64	2044
1879.64	2024
1880.64	1999
1881.64	2005
1882.64	1971
1883.63	2011
1884.63	1992
1885.63	1999
1886.63	1990
1887.62	2009
1888.62	2030
1889.62	2029
1890.61	1983
1891.61	2026
1892.61	2027
1893.6	2013
1894.6	2039
1895.59	2011
1896.59	2024.5
1897.59	2038
1898.58	2050
1899.58	2000
1900.57	1999
1901.57	2059
1902.56	2028
1903.56	2037
1904.55	2049
1905.55	2017
1906.54	1989
1907.53	2034
1908.53	2031
1909.52	2050
1910.51	2081
1911.51	2011
1912.5	2063
1913.49	2031
1914.49	2046
1915.48	2001
1916.47	2038
1917.47	2020
1918.46	2031
1919.45	2014
1920.44	2041
1921.43	2040
1922.43	2042
1923.42	2046
1924.41	2026
1925.4	2059
1926.39	2036
1927.38	2042
1928.37	2084
1929.36	2048
1930.35	2051
1931.35	2040
1932.34	2055
1933.33	2051
1934.32	2040
1935.31	2047
1936.29	2024
1937.29	2035
1938.27	2044
1939.26	2010
1940.25	2014
1941.24	2006
1942.23	1985
1943.22	1998
1944.21	2009
1945.2	1984
1946.18	1946
1947.17	2023
1948.16	1982
1949.15	2016
1950.13	1967
1951.12	1932
1952.11	1995
1953.1	2003
1954.08	1926
1955.07	1961
1956.06	2011
1957.04	1953
1958.03	2008
1959.02	1953
1960	1954
1960.99	1962
1961.97	1974
1962.96	1944
1963.94	1960
1964.93	1934
1965.91	1939
1966.9	1877
1967.88	1888
1968.87	1947
1969.85	1896
1970.84	1929
1971.82	1917
1972.8	1914
1973.79	1883
1974.77	1908
1975.76	1931
1976.74	1848
1977.72	1893
1978.71	1891
1979.69	1868
1980.67	1890
1981.65	1897
1982.64	1871
1983.62	1893
1984.6	1938
1985.58	1854
1986.57	1825
1987.55	1862
1988.53	1898
1989.51	1914
1990.49	1887
1991.47	1904
1992.45	1848
1993.43	1873
1994.42	1890
1995.4	1891
1996.38	1891
1997.36	1923
1998.34	1903
1999.32	1906
2000.3	1866
2001.28	1876
2002.26	1926
2003.23	1917
2004.21	1887
2005.19	1914
2006.17	1927
2007.15	1924
2008.13	1844
2009.11	1858
2010.09	1888
2011.06	1912
2012.04	1905
2013.02	1921
2014	1890
2014.98	1876
2015.95	1969
2016.93	1924
2017.91	1931
2018.88	1912
2019.86	1949
2020.84	1940
2021.81	1933
2022.79	1939
2023.77	1928
2024.74	1894
2025.72	1930
2026.69	1931
2027.67	1931
2028.65	1945
2029.62	1933
2030.6	1966
2031.57	1890
2032.55	1972
2033.52	1959
2034.5	1918
2035.47	1913
2036.44	1955
2037.42	1967
2038.39	1920
2039.37	1941
2040.34	1980
2041.31	1922
2042.29	1947
2043.26	1976
2044.23	1977
2045.21	1927
2046.18	1942
2047.15	1953
2048.12	1924
2049.1	1933
2050.07	1927
2051.04	1945
2052.01	1921
2052.98	1933
2053.96	1896
2054.93	1928
2055.9	1900
2056.87	1915
2057.84	1917
2058.81	1918
2059.78	1902
2060.75	1921
2061.72	1923
2062.69	1899
2063.66	1908
2064.63	1943
2065.6	1918
2066.57	1966
2067.54	1935
2068.51	1900
2069.48	1934
2070.45	1900
2071.42	1868
2072.39	1910
2073.36	1914
2074.32	1917
2075.29	1921
2076.26	1871
2077.23	1877
2078.2	1898
2079.16	1867
2080.13	1870
2081.1	1864
2082.07	1882
2083.03	1867
2084	1839
2084.97	1869
2085.93	1856
2086.9	1857
2087.87	1843
2088.83	1863
2089.8	1838
2090.77	1864
2091.73	1852
2092.7	1908
2093.66	1878
2094.63	1802
2095.59	1864
2096.56	1842
2097.52	1885
2098.49	1834
2099.45	1849
2100.42	1829
2101.38	1818
2102.35	1793
2103.31	1818
2104.27	1824
2105.24	1799
2106.2	1762
2107.16	1810
2108.13	1849
2109.09	1791
2110.05	1780.16
2111.02	1814.09
2111.98	1804.9
2112.94	1803.98
2113.9	1843.09
2114.87	1804.93
2115.83	1769.59
2116.79	1813.58
2117.75	1818.36
2118.71	1846.23
2119.68	1794.55
2120.64	1789.05
2121.6	1786.85
2122.56	1790.83
2123.52	1827.97
2124.48	1796.9
2125.44	1797.57
2126.4	1827.13
2127.36	1805.2
2128.32	1814.85
2129.28	1816.2
2130.24	1807.41
2131.2	1825.72
2132.16	1811.59
2133.12	1827.78
2134.08	1802.72
2135.04	1800.6
2136	1772.97
2136.96	1816.64
2137.92	1781.24
2138.88	1791.14
2139.83	1758.13
2140.79	1805.6
2141.75	1816.04
2142.71	1821.12
2143.67	1822.04
2144.62	1847.49
2145.58	1807.52
2146.54	1784.87
2147.5	1838.42
2148.45	1819.01
2149.41	1787.48
2150.37	1819.13
2151.32	1835.29
2152.28	1816.09
2153.24	1805.75
2154.19	1782.13
2155.15	1840.29
2156.11	1811.6
2157.06	1823.97
2158.02	1817.89
2158.97	1823.36
2159.93	1821.08
2160.88	1812.83
2161.84	1837.23
2162.79	1808.61
2163.75	1801.83
2164.7	1817.58
2165.66	1816.94
2166.61	1801.62
2167.57	1827.57
2168.52	1823.52
2169.48	1829.19
2170.43	1838.87
2171.38	1828.94
2172.34	1834.26
2173.29	1838.22
2174.24	1833.53
2175.2	1810.64
2176.15	1841.26
2177.1	1836.38
2178.05	1823.13
2179.01	1837.37
2179.96	1825.23
2180.91	1819.68
2181.86	1838.72
2182.82	1813.98
2183.77	1811.35
2184.72	1820.51
2185.67	1802.04
2186.62	1819.22
2187.57	1822.95
2188.52	1843.31
2189.47	1846.48
2190.43	1828.7
2191.38	1821.28
2192.33	1832.42
2193.28	1808.98
2194.23	1826.15
2195.18	1844.96
2196.13	1872.8
2197.08	1868.73
2198.03	1845.09
2198.98	1843.29
2199.93	1826.9
2200.87	1838.69
2201.82	1859.21
2202.77	1867.11
2203.72	1845.47
2204.67	1835.77
2205.62	1846.48
2205.98	1852
2206.93	1855
2207.88	1844
2208.84	1874
2209.79	1870
2210.74	1859
2211.69	1860
2212.65	1859
2213.6	1873
2214.55	1846
2215.5	1856
2216.45	1874
2217.41	1827
2218.36	1877
2219.31	1869
2220.26	1873
2221.21	1843
2222.16	1872
2223.11	1887
2224.06	1836
2225.01	1875
2225.96	1848
2226.91	1860
2227.86	1853
2228.81	1857
2229.76	1882
2230.71	1888
2231.66	1845
2232.61	1885
2233.56	1892
2234.51	1912
2235.46	1880
2236.41	1909
2237.36	1890
2238.31	1891
2239.25	1892
2240.2	1908
2241.15	1880
2242.1	1902
2243.05	1900
2243.99	1894
2244.94	1905
2245.89	1934
2246.83	1926
2247.78	1911
2248.73	1979
2249.68	1914
2250.62	1896
2251.57	1892.5
2252.52	1889
2253.46	1871
2254.41	1897
2255.35	1857
2256.3	1929
2257.25	1896
2258.19	1875
2259.14	1900
2260.08	1935
2261.03	1872
2261.97	1909
2262.92	1906
2263.86	1903
2264.81	1885
2265.75	1900
2266.7	1885
2267.64	1885
2268.58	1876
2269.53	1929
2270.47	1877
2271.41	1905
2272.36	1884
2273.3	1895
2274.24	1926
2275.19	1897
2276.13	1928
2277.07	1896
2278.02	1904
2278.96	1911
2279.9	1896
2280.84	1897
2281.78	1866
2282.73	1876
2283.67	1900
2284.61	1876
2285.55	1882
2286.49	1851
2287.43	1843
2288.38	1865
2289.32	1858
2290.26	1881
2291.2	1874
2292.14	1877
2293.08	1854
2294.02	1867
2294.96	1882
2295.9	1869
2296.84	1864
2297.78	1848
2298.72	1841
2299.66	1870
2300.59	1846
2301.53	1893
2302.47	1852
2303.41	1880
2304.35	1854
2305.29	1847
2306.23	1840
2307.17	1873
2308.1	1858
2309.04	1824
2309.98	1872
2310.92	1852
2311.85	1893
2312.79	1902
2313.73	1876
2314.67	1861
2315.6	1872
2316.54	1844
2317.48	1860
2318.41	1854
2319.35	1877
2320.29	1883
2321.22	1871
2322.16	1854
2323.09	1858
2324.03	1912
2324.97	1882
2325.9	1891
2326.84	1861
2327.77	1915
2328.71	1856
2329.64	1873
2330.58	1899
2331.51	1889
2332.45	1850
2333.38	1884
2334.31	1889
2335.25	1867
2336.18	1897
2337.12	1867
2338.05	1877
2338.98	1863
2339.92	1885
2340.85	1903
2341.78	1883
2342.72	1881
2343.65	1902
2344.58	1877
2345.51	1881
2346.45	1879
2347.38	1863
2348.31	1911
2349.24	1918
2350.17	1888
2351.11	1895
2352.04	1863
2352.97	1922
2353.9	1865
2354.83	1894
2355.76	1913
2356.69	1879
2357.62	1919
2358.55	1926
2359.48	1858
2360.42	1892
2361.35	1923
2362.27	1897
2363.21	1863
2364.13	1911
2365.07	1863
2365.99	1877
2366.92	1911
2367.85	1867
2368.78	1923
2369.71	1877
2370.64	1909
2371.57	1886
2372.5	1903
2373.43	1899
2374.35	1898
2375.28	1903
2376.21	1848
2377.14	1872
2378.07	1889
2378.99	1885
2379.92	1889
2380.85	1876
2381.77	1871
2382.7	1835
2383.63	1870
2384.56	1821
2385.48	1855
2386.41	1868
2387.33	1845
2388.26	1846
2389.19	1863
2390.11	1897
2391.04	1857
2391.96	1861
2392.89	1862
2393.82	1859
2394.74	1871
2395.67	1862
2396.59	1842
2397.51	1857
2398.44	1822
2399.36	1855
2400.29	1839
2401.21	1859
2402.14	1861
2403.06	1862
2403.98	1832
2404.91	1868
2405.83	1842
2406.76	1834
2407.68	1843
2408.6	1818
2409.52	1866
2410.45	1839
2411.37	1860
2412.29	1864
2413.22	1859
2414.14	1844
2415.06	1839
2415.98	1804
2416.9	1803
2417.83	1846
2418.75	1833
2419.67	1809
2420.59	1852
2421.51	1835
2422.43	1861
2423.35	1824
2424.27	1856
2425.2	1827
2426.12	1788
2427.04	1827
2427.96	1790
2428.88	1845
2429.8	1874
2430.72	1817
2431.64	1774
2432.56	1822
2433.48	1830
2434.4	1826
2435.31	1847
2436.23	1825
2437.15	1818
2438.07	1826
2438.99	1801
2439.91	1821
2440.83	1791
2441.75	1857
2442.66	1783
2443.58	1837
2444.5	1830
2445.42	1763
2446.33	1818
2447.25	1827
2448.17	1808
2449.09	1835
2450	1806
2450.92	1811
2451.84	1856
2452.75	1789
2453.67	1823
2454.59	1787
2455.5	1824
2456.42	1791
2457.33	1804
2458.25	1826
2459.17	1770
2460.08	1795
2461	1817
2461.91	1836
2462.83	1807
2463.74	1809
2464.66	1769
2465.57	1811
2466.49	1868
2467.4	1829
2468.31	1804
2469.23	1820
2470.14	1781
2471.06	1836
2471.97	1798
2472.88	1764
2473.8	1797
2474.71	1829
2475.62	1803
2476.54	1815
2477.45	1822
2478.36	1798
2479.28	1808
2480.19	1794
2481.1	1793
2482.01	1810
2482.93	1760
2483.84	1846
2484.75	1794
2485.66	1816
2486.57	1786
2487.49	1793
2488.4	1771
2489.31	1745
2490.22	1766
2491.13	1799
2492.04	1772
2492.95	1785
2493.86	1812
2494.77	1784
2495.68	1776
2496.59	1788
2497.5	1789
2498.41	1758
2499.32	1768
2500.23	1791
2501.14	1760
2502.05	1799
2502.96	1777
2503.87	1770
2504.78	1776
2505.69	1789
2506.6	1782
2507.5	1780
2508.41	1743
2509.32	1778
2510.23	1799
2511.14	1802
2512.04	1791
2512.95	1795
2513.86	1804
2514.77	1777
2515.68	1796
2516.58	1827
2517.49	1818
2518.4	1793
2519.3	1775
2520.21	1796
2521.12	1757
2522.02	1783
2522.93	1812
2523.83	1850
2524.74	1797
2525.65	1813
2526.55	1813
2527.46	1846
2528.36	1799
2529.27	1825
2530.17	1838
2531.08	1853
2531.98	1817
2532.89	1840
2533.79	1834
2534.7	1847
2535.6	1869
2536.51	1910
2537.41	1861
2538.32	1900
2539.22	1849
2540.12	1886
2541.03	1904
2541.93	1876
2542.83	1841
2543.74	1878
2544.64	1879
2545.54	1864
2546.45	1840
2547.35	1867
2548.25	1848
2549.15	1855
2550.06	1833
2550.96	1852
2551.86	1816
2552.76	1855
2553.66	1859
2554.57	1826
2555.47	1823
2556.37	1783
2557.27	1838
2558.17	1848
2559.07	1792
2559.97	1786
2560.87	1787
2561.77	1791
2562.67	1759
2563.57	1791
2564.47	1774
2565.37	1781
2566.27	1800
2567.17	1787
2568.07	1738
2568.97	1761
2569.87	1757
2570.77	1761
2571.67	1773
2572.57	1768
2573.47	1716
2574.37	1753
2575.27	1748
2576.16	1779
2577.06	1781
2577.96	1764
2578.86	1767
2579.76	1779
2580.65	1773
2581.55	1787
2582.45	1756
2583.35	1755
2584.24	1742
2585.14	1755
2586.04	1731
2586.94	1724
2587.83	1743
2588.73	1792
2589.62	1793
2590.52	1762
2591.42	1751
2592.31	1738
2593.21	1769
2594.1	1745
2595	1779
2595.9	1732
2596.79	1720
2597.69	1750
2598.58	1769
2599.48	1746
2600.37	1715
2601.27	1737
2602.16	1780
2603.06	1722
2603.95	1764
2604.84	1760
2605.74	1692
2606.63	1730
2607.53	1715
2608.42	1688
2609.31	1725
2610.21	1747
2611.1	1693
2611.99	1675
2612.89	1762
2613.78	1699
2614.67	1707
2615.57	1735
2616.46	1721
2617.35	1691
2618.24	1687
2619.14	1698
2620.03	1716
2620.92	1701
2621.81	1715
2622.7	1701
2623.59	1701
2624.48	1675
2625.38	1676
2626.27	1702
2627.16	1711
2628.05	1677
2628.94	1646
2629.83	1670
2630.72	1649
2631.61	1630
2632.5	1655
2633.39	1612
2634.28	1625
2635.17	1617
2636.06	1585
2636.95	1565
2637.84	1600
2638.73	1617
2639.62	1615
2640.51	1598
2641.4	1627
2642.28	1570
2643.17	1610
2644.06	1560
2644.95	1621
2645.84	1585
2646.73	1572
2647.61	1593
2648.5	1564
2649.39	1585
2650.28	1626
2651.17	1558
2652.05	1558
2652.94	1593
2653.83	1606
2654.71	1576
2655.6	1619
2656.49	1630
2657.37	1579
2658.26	1619
2659.15	1578
2660.03	1618
2660.92	1607
2661.8	1631
2662.69	1615
2663.58	1619
2664.46	1610
2665.35	1629
2666.23	1633
2667.12	1629
2668	1667
2668.89	1692
2669.77	1674
2670.66	1705
2671.54	1725
2672.43	1719
2673.31	1706
2674.19	1693
2675.08	1693
2675.96	1753
2676.84	1759
2677.73	1716
2678.61	1715
2679.5	1759
2680.38	1729
2681.26	1791
2682.14	1753
2683.03	1766
2683.91	1781
2684.79	1785
2685.68	1843
2686.56	1856
2687.44	1871
2688.32	1885
2689.2	1900
2690.09	1933
2690.97	1908
2691.85	1938
2692.73	2003
2693.61	2051
2694.49	2082
2695.37	2092
2696.25	2155
2697.14	2159
2698.02	2163
2698.9	2261
2699.78	2304
2700.66	2320
2701.54	2349
2702.42	2424
2703.3	2483
2704.18	2439
2705.06	2519
2705.94	2534
2706.81	2576
2707.69	2646
2708.57	2614
2709.45	2620
2710.33	2675
2711.21	2682
2712.09	2684.5
2712.97	2687
2713.84	2646
2714.72	2732
2715.6	2648
2716.48	2657
2717.36	2644
2718.23	2647
2719.11	2608
2719.99	2597
2720.87	2571
2721.74	2624
2722.62	2512
2723.5	2529
2724.37	2482
2725.25	2482
2726.13	2438
2727	2410
2727.88	2413
2728.76	2410
2729.63	2340
2730.51	2360
2731.38	2372
2732.26	2335
2733.14	2330
2734.01	2319
2734.89	2333
2735.76	2385
2736.64	2382
2737.51	2343
2738.39	2383
2739.26	2392
2740.13	2388
2741.01	2440
2741.88	2406
2742.76	2447
2743.63	2481
2744.5	2456
2745.38	2465
2746.25	2460
2747.13	2446
2748	2466
2748.87	2487
2749.75	2468
2750.62	2438
2751.49	2448
2752.36	2414
2753.24	2362
2754.11	2362
2754.98	2348
2755.85	2314
2756.73	2333
2757.6	2309
2758.47	2285
2759.34	2278
2760.21	2223
2761.08	2283
2761.96	2191
2762.83	2181
2763.7	2176
2764.57	2201
2765.44	2183
2766.31	2148
2767.18	2236
2768.05	2164
2768.92	2183
2769.79	2146
2770.66	2122
2771.53	2113
2772.4	2136
2773.27	2142
2774.14	2131
2775.01	2166
2775.88	2156
2776.75	2132
2777.62	2121
2778.49	2146
2779.36	2209
2780.22	2153
2781.09	2170
2781.96	2161
2782.83	2245
2783.7	2176
2784.57	2218
2785.43	2278
2786.3	2233
2787.17	2267
2788.04	2259
2788.9	2274
2789.77	2270
2790.64	2313
2791.5	2338
2792.37	2349
2793.24	2340
2794.1	2359
2794.97	2415
2795.84	2382
2796.7	2463
2797.57	2471
2798.44	2510
2799.3	2552
2800.17	2560
2801.03	2591
2801.9	2609
2802.76	2635
2803.63	2718
2804.5	2710
2805.36	2763
2806.23	2827
2807.09	2817
2807.95	2916
2808.82	2954
2809.68	3030
2810.55	3076
2811.41	3110
2812.28	3158
2813.14	3284
2814	3316
2814.87	3350
2815.73	3474
2816.59	3611
2817.46	3623
2818.32	3731
2819.18	3821
2820.05	3937
2820.91	4007
2821.77	4230
2822.63	4376
2823.5	4402
2824.36	4508
2825.22	4692
2826.08	4763
2826.94	4945
2827.81	5015
2828.67	5044
2829.53	5187
2830.39	5146
2831.25	5230
2832.11	5242
2832.98	5257
2833.84	5275
2834.7	5284
2835.56	5293
2836.42	5255
2837.28	5210
2838.14	5256
2839	5209
2839.86	5179
2840.72	5249
2841.58	5259
2842.44	5197
2843.3	5272
2844.16	5329
2845.02	5409
2845.88	5392
2846.73	5537
2847.59	5530
2848.45	5587
2849.31	5670
2850.17	5827
2851.03	5823
2851.89	5983
2852.74	6068
2853.6	6230
2854.46	6387
2855.32	6578
2856.18	6746
2857.03	6878
2857.89	7155
2858.75	7410
2859.6	7709
2860.46	8032
2861.32	8267
2862.18	8617
2863.03	9078
2863.89	9423
2864.74	9866
2865.6	10384
2866.46	10820
2867.31	11269
2868.17	11825
2869.03	12209
2869.88	12630
2870.74	12882
2871.59	13406
2872.45	13588
2873.3	13741
2874.16	13828
2875.01	13976
2875.87	14053
2876.72	14039
2877.58	13908
2878.43	13905
2879.29	13803
2880.14	13589
2880.99	13518
2881.85	13263
2882.7	13024
2883.55	12975
2884.41	12749
2885.26	12532
2886.12	12322
2886.97	12147
2887.82	11979
2888.68	11906
2889.53	11578
2890.38	11358
2891.23	11255
2892.09	11044
2892.94	10901
2893.79	10716
2894.64	10474
2895.49	10374
2896.35	10273
2897.2	10065
2898.05	9969
2898.9	9835
2899.75	9655
2900.6	9625
2901.45	9417
2902.31	9567
2903.16	9443
2904.01	9571
2904.86	9419
2905.71	9561
2906.56	9599
2907.41	9671
2908.26	9837
2909.11	9965
2909.96	10292
2910.81	10581
2911.66	10938
2912.51	11254
2913.36	11767
2914.21	12277
2915.06	12821
2915.9	13515
2916.75	14197
2917.6	14989
2918.45	15802
2919.3	16622
2920.15	17593
2921	18302
2921.84	19277
2922.69	20089
2923.54	20614
2924.39	21150
2925.24	21487
2926.08	21528
2926.93	21583
2927.78	21259
2928.63	20871
2929.47	20224
2930.32	19608
2931.17	18752
2932.01	17980
2932.86	17146
2933.71	16486
2934.55	15579
2935.4	14930
2936.25	14101
2937.09	13507
2937.94	12901
2938.78	12298
2939.63	11736
2940.47	11236
2941.32	10714
2942.16	10321
2943.01	9880
2943.86	9411.14
2944.7	9177.04
2945.54	8752.49
2946.39	8469.07
2947.23	8226.87
2948.08	8049.01
2948.92	7862.65
2949.77	7729.26
2950.61	7626.55
2951.45	7490.51
2952.3	7462.18
2953.14	7345.47
2953.99	7424.23
2954.83	7417.45
2955.67	7457.89
2956.52	7575.95
2957.36	7677.82
2958.2	7777.23
2959.04	7938.62
2959.89	8138.2
2960.73	8312.47
2961.57	8479.56
2962.41	8793.23
2963.26	8891.46
2964.1	9176.17
2964.94	9395.5
2965.78	9555.13
2966.62	9816.84
2967.47	9922.01
2968.31	10042.8
2969.15	10081.8
2969.99	10110.4
2970.83	10059
2971.67	9969.97
2972.51	9891.61
2973.35	9713.29
2974.19	9505.22
2975.04	9305.59
2975.88	8985.74
2976.72	8712.49
2977.56	8395.1
2978.4	8075.19
2979.24	7783.46
2980.08	7428.56
2980.92	7147.21
2981.76	6781.02
2982.6	6451
2983.43	6216.91
2984.27	5927.95
2985.11	5685.75
2985.95	5405
2986.79	5259.83
2987.63	5070.48
2988.47	4843.89
2989.31	4688.91
2990.14	4556.12
2990.98	4426.86
2991.82	4296.11
2992.66	4171.9
2993.5	4073.97
2994.33	3977.92
2995.17	3886.99
2996.01	3777.99
2996.85	3729.06
2997.68	3634.9
2998.52	3547.62
2999.36	3512.1
3000.2	3379.41
3001.03	3344.81
3001.87	3270.91
3002.71	3216.43
3003.54	3156.85
3004.38	3076.55
3005.21	3002.24
3006.05	2969.76
3006.89	2876.27
3007.72	2866.37
3008.56	2847.77
3009.39	2766.28
3010.23	2744.15
3011.06	2687.79
3011.9	2680.26
3012.74	2678.4
3013.57	2614.65
3014.41	2588.15
3015.24	2595.91
3016.07	2518.55
3016.91	2520.24
3017.74	2518.39
3018.58	2524.92
3019.41	2417.57
3020.25	2414.66
3021.08	2385.52
3021.91	2362.25
3022.75	2371.11
3023.58	2357.41
3024.41	2335.53
3025.25	2297
3026.08	2278.02
3026.91	2256.95
3027.75	2267.33
3028.58	2219.61
3028.73	2209
3029.57	2228
3030.4	2195
3031.24	2210
3032.08	2164
3032.92	2129
3033.75	2143
3034.59	2119
3035.42	2116
3036.26	2079
3037.1	2093
3037.93	2107
3038.77	2059
3039.61	2032
3040.44	2064
3041.28	2031
3042.11	2035
3042.95	1990
3043.78	1913
3044.62	2003
3045.45	2019
3046.29	1979
3047.12	1963
3047.96	1916
3048.79	1945
3049.63	1914
3050.46	1919
3051.29	1898
3052.13	1891
3052.96	1906
3053.8	1863
3054.63	1857
3055.46	1848
3056.3	1813
3057.13	1806
3057.96	1792
3058.8	1788
3059.63	1782
3060.46	1732
3061.3	1783
3062.13	1728
3062.96	1753
3063.79	1720
3064.63	1687
3065.46	1738
3066.29	1715
3067.12	1721
3067.95	1681.5
3068.79	1642
3069.62	1648
3070.45	1678
3071.28	1639
3072.11	1659
3072.94	1615
3073.77	1643
3074.6	1631
3075.44	1686
3076.27	1620
3077.1	1626
3077.93	1621
3078.76	1616
3079.59	1623
3080.42	1588
3081.25	1587
3082.08	1591
3082.91	1581
3083.74	1608
3084.57	1572
3085.4	1588
3086.23	1582
3087.05	1597
3087.88	1551
3088.71	1545
3089.54	1565
3090.37	1601
3091.2	1573
3092.03	1578
3092.86	1548
3093.68	1588
3094.51	1555
3095.34	1576
3096.17	1560
3097	1542
3097.82	1539
3098.65	1564
3099.48	1547
3100.31	1564
3101.13	1555
3101.96	1563
3102.79	1571
3103.61	1585
3104.44	1576
3105.27	1580
3106.09	1582
3106.92	1572
3107.75	1572
3108.57	1553
3109.4	1570
3110.22	1544
3111.05	1544
3111.88	1563
3112.7	1495
3113.53	1528
3114.35	1529
3115.18	1530
3116	1503
3116.83	1492
3117.65	1502
3118.48	1472
3119.3	1454
3120.13	1486
3120.95	1436
3121.77	1450
3122.6	1484
3123.42	1452
3124.25	1450
3125.07	1465
3125.89	1479
3126.72	1465
3127.54	1455
3128.36	1431
3129.19	1439
3130.01	1446
3130.83	1412
3131.66	1453
3132.48	1444
3133.3	1428
3134.13	1418
3134.95	1469
3135.77	1448
3136.59	1421
3137.41	1433
3138.24	1436
3139.06	1465
3139.88	1406
3140.7	1439
3141.52	1441
3142.34	1442
3143.17	1430
3143.99	1452
3144.81	1405
3145.63	1430
3146.45	1460
3147.27	1429
3148.09	1445
3148.91	1443
3149.73	1454
3150.55	1434
3151.37	1446
3152.19	1414
3153.01	1439
3153.83	1427
3154.65	1398
3155.47	1442
3156.29	1438
3157.11	1411
3157.93	1415
3158.75	1468
3159.57	1431
3160.39	1440
3161.2	1450
3162.02	1449
3162.84	1410
3163.66	1455
3164.48	1439
3165.3	1450
3166.12	1432
3166.93	1431
3167.75	1413
3168.57	1419
3169.39	1469
3170.2	1492
3171.02	1461
3171.84	1474
3172.65	1397
3173.47	1475
3174.29	1455
3175.11	1477
3175.92	1473
3176.74	1474
3177.56	1462
3178.37	1458
3179.19	1471
3180	1460
3180.82	1489
3181.64	1503
3182.45	1427
3183.27	1490
3184.08	1498
3184.9	1500
3185.71	1553
3186.53	1504
3187.34	1481
3188.16	1516
3188.97	1515
3189.79	1528
3190.6	1473
3191.42	1506
3192.23	1504
3193.05	1527
3193.86	1496
3194.67	1536
3195.49	1531
3196.3	1551
3197.12	1568
3197.93	1501
3198.74	1547
3199.56	1505
3200.37	1556
3201.18	1538
3202	1534
3202.81	1567
3203.62	1572
3204.43	1571
3205.25	1600
3206.06	1600
3206.87	1547
3207.68	1611
3208.5	1551
3209.31	1587
3210.12	1548
3210.93	1581
3211.74	1593
3212.56	1625
3213.37	1605
3214.18	1618
3214.99	1619
3215.8	1605
3216.61	1631
3217.42	1648
3218.23	1636
3219.04	1643
3219.85	1641
3220.66	1691
3221.47	1638
3222.28	1620
3223.09	1624
3223.91	1663
3224.71	1660
3225.52	1708
3226.33	1655
3227.14	1699
3227.95	1691
3228.76	1682
3229.57	1667
3230.38	1666
3231.19	1687
3232	1698
3232.81	1704
3233.62	1684
3234.42	1713
3235.23	1684
3236.04	1709
3236.85	1682
3237.66	1723
3238.47	1715
3239.27	1736
3240.08	1705
3240.89	1722
3241.7	1726
3242.5	1721
3243.31	1718
3244.12	1706
3244.92	1736
3245.73	1707
3246.54	1715
3247.34	1726
3248.15	1728
3248.96	1763
3249.76	1695
3250.57	1755
3251.38	1778
3252.18	1750
3252.99	1749
3253.79	1785
3254.6	1753
3255.41	1777
3256.21	1766
3257.02	1742
3257.82	1758
3258.63	1759
3259.43	1789
3260.24	1764
3261.04	1770
3261.85	1769
3262.65	1762
3263.46	1787
3264.26	1794
3265.06	1730
3265.87	1752
3266.67	1755
3267.48	1761
3268.28	1771
3269.08	1720
3269.89	1734
3270.69	1767
3271.49	1741
3272.3	1751
3273.1	1764
3273.9	1758
3274.71	1754
3275.51	1755
3276.31	1760
3277.11	1742
3277.92	1731
3278.72	1751
3279.52	1774
3280.32	1775
3281.13	1758
3281.93	1742
3282.73	1746
3283.53	1709
3284.33	1733
3285.13	1772
3285.93	1718
3286.74	1766
3287.54	1747
3288.34	1737
3289.14	1738
3289.94	1772
3290.74	1743
3291.54	1771
3292.34	1736
3293.14	1744
3293.94	1697
3294.74	1749
3295.54	1723
3296.34	1757
3297.14	1708
3297.94	1716
3298.74	1758
3299.54	1732
3300.34	1767
3301.14	1729
3301.94	1769
3302.74	1741
3303.53	1732
3304.33	1721
3305.13	1755
3305.93	1772
3306.73	1770
3307.53	1760
3308.33	1765
3309.12	1767
3309.92	1688
3310.72	1756
3311.52	1739
3312.32	1734
3313.11	1743
3313.91	1758
3314.71	1741
3315.5	1761
3316.3	1780
3317.1	1782
3317.9	1748
3318.69	1714
3319.49	1711
3320.29	1737
3321.08	1738
3321.88	1728
3322.67	1723
3323.47	1763
3324.27	1771
3325.06	1763
3325.86	1750
3326.65	1734
3327.45	1753
3328.24	1710
3329.04	1741
3329.84	1684
3330.63	1741
3331.43	1779
3332.22	1771
3333.01	1702
3333.81	1710
3334.6	1722
3335.4	1709
3336.19	1683
3336.99	1754
3337.78	1746
3338.58	1739
3339.37	1717
3340.16	1699
3340.96	1736
3341.75	1746
3342.54	1707
3343.34	1777
3344.13	1694
3344.92	1737
3345.72	1716
3346.51	1722
3347.3	1691
3348.1	1728
3348.89	1704
3349.68	1694
3350.47	1723
3351.26	1716
3352.06	1742
3352.85	1696
3353.64	1712
3354.43	1686
3355.22	1689
3356.02	1691
3356.81	1702
3357.6	1696
3358.39	1712
3359.18	1699
3359.97	1684
3360.76	1684
3361.55	1687
3362.34	1681
3363.13	1716
3363.93	1660
3364.72	1661
3365.51	1666
3366.3	1692
3367.09	1672
3367.88	1663
3368.67	1684
3369.46	1676
3370.25	1641
3371.03	1664
3371.82	1669
3372.61	1668
3373.4	1659
3374.19	1676
3374.98	1689
3375.77	1651
3376.56	1654
3377.35	1669
3378.14	1632
3378.92	1667
3379.71	1629
3380.5	1602
3381.29	1613
3382.08	1673
3382.86	1627
3383.65	1586
3384.44	1627
3385.23	1638
3386.01	1604
3386.8	1624
3387.59	1579
3388.38	1600
3389.16	1608
3389.95	1620
3390.74	1623
3391.52	1591
3392.31	1596
3393.1	1584
3393.88	1614
3394.67	1612
3395.45	1571
3396.24	1550
3397.03	1595
3397.81	1590
3398.6	1572
3399.38	1566
3400.17	1563
3400.95	1556
3401.74	1572
3402.52	1564
3403.31	1539
3404.09	1545
3404.88	1515
3405.66	1574
3406.45	1544
3407.23	1530
3408.02	1496
3408.8	1543
3409.59	1524
3410.37	1508
3411.15	1542
3411.94	1519
3412.72	1509
3413.51	1508
3414.29	1476
3415.07	1510
3415.86	1485
3416.64	1493
3417.42	1490
3418.2	1502
3418.99	1492
3419.77	1509
3420.55	1494
3421.34	1508
3422.12	1459
3422.9	1482
3423.68	1481
3424.47	1448
3425.25	1460
3426.03	1456
3426.81	1434
3427.59	1438
3428.37	1405
3429.16	1435
3429.94	1401
3430.72	1418
3431.5	1458
3432.28	1424
3433.06	1435
3433.84	1404
3434.62	1398
3435.4	1402
3436.18	1416
3436.96	1413
3437.74	1407
3438.52	1384
3439.3	1388
3440.08	1407
3440.86	1384
3441.64	1433
3442.42	1403
3443.2	1364
3443.98	1380
3444.76	1335
3445.54	1382
3446.32	1380
3447.1	1357
3447.88	1404
3448.66	1369
3449.43	1328
3450.21	1309
3450.99	1384
3451.77	1376
3452.55	1341
3453.33	1319
3454.11	1333
3454.88	1336
3455.66	1308
3456.44	1365
3457.22	1351
3457.99	1303
3458.77	1317
3459.55	1302
3460.32	1322
3461.1	1288
3461.88	1308
3462.66	1301
3463.43	1303
3464.21	1305
3464.99	1272
3465.76	1283
3466.54	1249
3467.31	1264
3468.09	1293
3468.87	1231
3469.64	1249
3470.42	1245
3471.19	1253
3471.97	1258
3472.74	1282
3473.52	1280
3474.3	1278
3475.07	1236
3475.85	1225
3476.62	1262
3477.4	1219
3478.17	1206
3478.94	1212
3479.72	1229
3480.49	1215
3481.27	1224
3482.04	1199
3482.82	1194
3483.59	1230
3484.36	1211
3485.14	1201
3485.91	1165
3486.68	1161
3487.46	1173
3488.23	1168
3489	1172
3489.78	1137
3490.55	1169
3491.32	1175
3492.1	1152
3492.87	1164
3493.64	1184
3494.41	1174
3495.19	1167
3495.96	1157
3496.73	1161
3497.5	1135
3498.27	1104
3499.05	1143
3499.82	1136
3500.59	1135
3501.36	1142
3502.13	1122
3502.9	1125
3503.67	1099
3504.45	1109
3505.22	1089
3505.99	1108
3506.76	1100
3507.53	1070
3508.3	1106
3509.07	1093
3509.84	1075
3510.61	1102
3511.38	1099
3512.15	1101
3512.92	1077
3513.69	1068.5
3514.46	1060
3515.23	1070
3516	1051
3516.77	1080
3517.54	1071
3518.31	1047
3519.08	1043
3519.85	1066
3520.61	1045
3521.38	1037
3522.15	1048
3522.92	1035
3523.69	1013
3524.46	1012
3525.22	1004
3525.99	1034
3526.76	1014
3527.53	1011
3528.3	996
3529.06	1004
3529.83	1006
3530.6	1025
3531.37	976
3532.13	1019
3532.9	986
3533.67	983
3534.44	995
3535.2	1032
3535.97	987
3536.74	1002
3537.5	1005
3538.27	986
3539.04	963
3539.8	1022
3540.57	987
3541.33	968
3542.1	954
3542.86	980
3543.63	962
3544.4	969
3545.16	975
3545.93	949
3546.69	969
3547.46	955
3548.22	965
3548.99	926
3549.75	948
3550.52	948
3551.28	930
3552.05	935
3552.81	929
3553.58	914
3554.34	948
3555.1	934
3555.87	936
3556.63	913
3557.4	914
3558.16	941
3558.92	947
3559.69	938
3560.45	931
3561.21	933
3561.98	925
3562.74	907
3563.5	919
3564.27	904
3565.03	922
3565.79	926
3566.55	942
3567.32	901
3568.08	905
3568.84	894
3569.6	917
3570.36	882
3571.13	905
3571.89	896
3572.65	854
3573.41	879
3574.17	871
3574.93	867
3575.7	863
3576.46	864
3577.22	868
3577.98	892
3578.74	878
3579.5	869
3580.26	884
3581.02	857
3581.78	886
3582.54	876
3583.3	888
3584.06	854
3584.82	890
3585.58	855
3586.34	844
3587.1	862
3587.86	849
3588.62	845
3589.38	842
3590.14	857
3590.9	862
3591.66	857
3592.42	838
3593.18	854
3593.94	834
3594.69	853
3595.45	838
3596.21	849
3596.97	814
3597.73	832
3598.49	831
3599.24	820
3600	844
3600.76	841
3601.52	807
3602.28	828
3603.03	820
3603.79	801
3604.55	826
3605.31	775
3606.06	802
3606.82	817
3607.58	804
3608.33	796
3609.09	822
3609.85	842
3610.6	805
3611.36	796
3612.12	832
3612.87	787
3613.63	825
3614.38	822
3615.14	829
3615.9	814
3616.65	796
3617.41	781
3618.16	802
3618.92	790
3619.67	818
3620.43	774
3621.18	786
3621.94	797
3622.69	777
3623.45	792
3624.2	773
3624.96	783
3625.71	763
3626.47	765
3627.22	786
3627.97	775
3628.73	798
3629.48	794
3630.24	746
3630.99	773
3631.74	769
3632.5	779
3633.25	763
3634	757
3634.76	745
3635.51	749
3636.26	780
3637.02	752
3637.77	745
3638.52	767
3639.27	725
3640.03	752
3640.78	721
3641.53	759
3642.28	737
3643.04	741
3643.79	708
3644.54	725
3645.29	712
3646.04	715
3646.79	717
3647.55	718
3648.3	725
3649.05	733
3649.8	693
3650.55	709
3651.3	717
3652.05	709
3652.8	723
3653.55	735
3654.3	750
3655.06	732
3655.81	705
3656.56	706
3657.31	725
3658.06	724
3658.81	703
3659.56	715
3660.31	738
3661.06	693
3661.8	749
3662.55	709
3663.3	722
3664.05	700
3664.8	704
3665.55	699
3666.3	708
3667.05	697
3667.8	672
3668.55	689
3669.29	695
3670.04	688
3670.79	704
3671.54	716
3672.29	707
3673.04	725
3673.78	699
3674.53	708
3675.28	693
3676.03	710
3676.77	709
3677.52	688
3678.27	703
3679.02	718.297
3679.76	711.105
3680.51	679.231
3681.26	717.869
3682	697.385
3682.75	709.777
3683.5	702.588
3684.24	700.186
3684.99	691.227
3685.74	694.671
3686.48	698.827
3687.23	703.181
3687.97	678.918
3688.72	700.173
3689.47	712.615
3690.21	683.631
3690.96	681.69
3691.7	685.654
3692.45	703.327
3693.19	704.221
3693.94	683.961
3694.68	685.007
3695.43	696.916
3696.17	693.562
3696.92	684.548
3697.66	684.625
3698.41	695.114
3699.15	689.248
3699.9	682.856
3700.64	697.078
3701.38	686.307
3702.13	681.149
3702.87	679.813
3703.62	702.043
3704.36	688.992
3705.1	698.992
3705.85	683.881
3706.59	686.384
3707.33	688.551
3708.08	684.567
3708.82	682.401
3709.56	669.565
3710.31	680.655
3711.05	679.283
3711.79	687.06
3712.53	684.696
3713.28	674.267
3714.02	682.115
3714.76	672.311
3715.5	671.407
3716.25	682.174
3716.99	677.932
3717.73	679.013
3718.47	691.041
3719.21	663.689
3719.96	670.036
3720.7	680.711
3721.44	675.619
3722.18	681.41
3722.92	683.493
3723.66	680.662
3724.4	668.488
3725.14	679.109
3725.88	672.27
3726.63	682.934
3727.37	665.62
3728.11	681.963
3728.85	674.828
3729.59	671.749
3730.33	670.23
3731.07	674.823
3731.81	676.165
3732.55	683.22
3733.29	681.825
3734.03	664.291
3734.77	658.607
3735.51	655.922
3736.25	669.282
3736.99	670.954
3737.72	664.195
3738.46	679.32
3739.2	672.265
3739.94	681.289
3740.68	661.204
3741.42	677.951
3742.16	673.32
3742.9	655.828
3743.63	672.904
3744.37	678.185
3745.11	662.038
3745.85	675.922
3746.59	688.548
3747.32	673.712
3748.06	695.16
3748.8	683.526
3749.54	667.47
3750.27	678.401
3751.01	666.368
3751.75	697
3752.49	685.822
3753.22	665.24
3753.27	664
3754.01	676
3754.75	678
3755.49	712
3756.23	688
3756.97	680
3757.71	669
3758.45	677
3759.2	676
3759.94	693
3760.68	659
3761.42	693
3762.16	698
3762.9	656
3763.64	686
3764.38	688
3765.12	688
3765.86	688
3766.59	668
3767.33	670
3768.07	677
3768.81	664
3769.55	672
3770.29	670
3771.03	693
3771.77	682
3772.51	674
3773.25	666
3773.99	687
3774.72	714
3775.46	676
3776.2	682
3776.94	663
3777.68	661
3778.41	680
3779.15	678
3779.89	680
3780.63	674
3781.37	670
3782.1	691
3782.84	680
3783.58	687
3784.31	675
3785.05	679
3785.79	693
3786.53	692
3787.26	686
3788	664
3788.74	678.5
3789.47	693
3790.21	679
3790.94	688
3791.68	676
3792.42	652
3793.15	662
3793.89	660
3794.62	702
3795.36	674
3796.1	676
3796.83	689
3797.57	681
3798.3	673
3799.04	662
3799.77	689
3800.51	674
3801.24	687
3801.98	669
3802.71	679
3803.45	669
3804.18	672
3804.92	678
3805.65	667
3806.38	695
3807.12	685
3807.85	648
3808.59	674
3809.32	655
3810.05	652
3810.79	681
3811.52	694
3812.25	689
3812.99	667
3813.72	675
3814.45	676
3815.19	649
3815.92	643
3816.65	686
3817.39	664
3818.12	660
3818.85	683
3819.58	666
3820.32	685
3821.05	664
3821.78	658
3822.51	641
3823.24	658
3823.98	680
3824.71	661
3825.44	674
3826.17	640
3826.9	670
3827.63	647
3828.36	652
3829.1	652
3829.83	667
3830.56	646
3831.29	634
3832.02	648
3832.75	641
3833.48	654
3834.21	652
3834.94	651
3835.67	645
3836.4	652
3837.13	689
3837.86	659
3838.59	651
3839.32	633
3840.05	633
3840.78	661
3841.51	647
3842.24	633
3842.97	651
3843.7	670
3844.43	655
3845.16	670
3845.89	638
3846.62	657
3847.34	629
3848.07	637
3848.8	630
3849.53	618
3850.26	657
3850.99	646
3851.72	655
3852.44	637
3853.17	631
3853.9	632
3854.63	658
3855.36	630
3856.08	665
3856.81	626
3857.54	635
3858.26	657
3858.99	641
3859.72	632
3860.45	612
3861.17	612
3861.9	630
3862.63	653
3863.35	635
3864.08	645
3864.81	642
3865.53	631
3866.26	622
3866.99	619
3867.71	626
3868.44	632
3869.16	619
3869.89	612
3870.61	620
3871.34	639
3872.07	625
3872.79	611
3873.52	607
3874.24	600
3874.97	586
3875.69	608
3876.42	620
3877.14	638
3877.87	607
3878.59	627
3879.31	597
3880.04	645
3880.76	622
3881.49	616
3882.21	620
3882.94	617
3883.66	615
3884.38	620
3885.11	590
3885.83	602
3886.55	609
3887.28	616
3888	612
3888.72	608
3889.45	605
3890.17	613
3890.89	610
3891.62	596
3892.34	598
3893.06	601
3893.79	619
3894.51	600
3895.23	587
3895.95	614
3896.67	583
3897.4	586
3898.12	605
3898.84	597
3899.56	620
3900.28	595
3901.01	608
3901.73	594
3902.45	600
3903.17	622
3903.89	596
3904.61	588
3905.33	624
3906.05	607
3906.78	587
3907.5	614
3908.22	605
3908.94	601
3909.66	620
3910.38	596
3911.1	599
3911.82	568
3912.54	602
3913.26	591
3913.98	581
3914.7	606
3915.42	598
3916.14	592
3916.86	598
3917.58	586
3918.3	583
3919.02	584
3919.73	611
3920.45	593
3921.17	583
3921.89	585
3922.61	590
3923.33	593
3924.05	591
3924.77	584
3925.48	590
3926.2	610
3926.92	606
3927.64	593
3928.36	578
3929.08	580
3929.79	582
3930.51	574
3931.23	596
3931.95	583
3932.66	574
3933.38	597
3934.1	585
3934.82	595
3935.53	604
3936.25	604
3936.97	581
3937.68	603
3938.4	588
3939.12	585
3939.83	573
3940.55	595
3941.27	606
3941.98	574
3942.7	568
3943.41	581
3944.13	575
3944.85	594
3945.56	581
3946.28	580
3946.99	575
3947.71	581
3948.42	594
3949.14	587
3949.85	571
3950.57	589
3951.28	560
3952	585
3952.71	590
3953.43	551
3954.14	575
3954.86	573
3955.57	608
3956.29	576
3957	585
3957.71	578
3958.43	551
3959.14	573
3959.86	583
3960.57	593
3961.28	549
3962	570
3962.71	567
3963.42	574
3964.14	566
3964.85	580
3965.56	570
3966.28	578
3966.99	579
3967.7	592
3968.41	579
3969.13	571
3969.84	584
3970.55	570
3971.26	575
3971.98	552
3972.69	553
3973.4	540
3974.11	588
3974.83	551
3975.54	598
3976.25	571
3976.96	577
3977.67	580
3978.38	560
3979.09	579
3979.81	568
3980.52	571
3981.23	589
3981.94	542
3982.65	563
3983.36	574
3984.07	559
3984.78	574
3985.49	592
3986.2	563
3986.91	561
3987.62	573
3988.33	592
3989.04	566
3989.75	574
3990.46	566
3991.17	570
3991.88	552
3992.59	564
3993.3	551
3994.01	561
3994.72	554
3995.43	549
3996.14	564
3996.85	560
3997.56	557
3998.26	588
3998.97	566
3999.68	568
