51.4629	11597
52.7545	11883
54.0474	12407
55.3386	12485
56.6296	12525
57.9203	12601
59.2108	12571
60.5012	12280
61.7928	12202
63.0827	11858
64.3724	11690
65.6619	11591
66.9511	11298
68.2402	11307
69.5291	11200
70.8177	10992
72.1076	10743
73.3958	10605
74.6838	10404
75.9716	10286
77.2592	10129
78.5466	9951
79.8337	9727
81.1207	9674
82.4074	9510
83.694	9210
84.9803	9157
86.2664	8983
87.5523	8898
88.838	8669
90.1235	8546
91.4087	8444
92.6938	8324
93.9786	8187
95.2633	8026
96.5477	7927
97.8319	7753
99.1159	7620
100.4	7538
101.683	7349
102.967	7287
104.25	7090
105.533	7059
106.814	6893
108.097	6829
109.379	6729
110.661	6583
111.943	6474
113.225	6447
114.506	6284
115.787	6258
117.067	6127
118.348	6066
119.628	5950
120.909	5810
122.189	5738
123.469	5683
124.747	5543
126.027	5465
127.306	5375
128.586	5323
129.865	5151
131.142	5111
132.42	5072
133.699	5055
134.977	4922
136.253	4902
137.531	4827
138.809	4736
140.085	4653
141.362	4524
142.639	4600
143.915	4477
145.19	4462
146.466	4439
147.743	4342
149.017	4373
150.293	4337
151.568	4318
152.842	4187
154.117	4198
155.39	4118
156.665	4062
157.939	3985
159.212	3944
160.486	3876
161.758	3890
163.032	3855
164.305	3819
165.577	3767
166.85	3731
168.121	3660
169.393	3673
170.664	3641
171.936	3550
173.208	3564
174.479	3564
175.75	3521
177.02	3498
178.291	3492
179.56	3538
180.831	3490
182.1	3452
183.369	3466
184.639	3423
185.907	3409
187.177	3384
188.445	3381
189.714	3406
190.981	3382
192.25	3337
193.517	3426
194.784	3373
196.053	3319
197.319	3347
198.587	3303
199.853	3334
201.119	3299
202.386	3292
203.652	3261
204.917	3256
206.183	3251
207.448	3263
208.713	3212
209.979	3183
211.243	3193
212.507	3176
213.771	3184
215.036	3188
216.299	3151
217.563	3118
218.827	3168
220.09	3120
221.353	3126
222.615	3104
223.879	3110
225.141	3068
226.403	3093
227.664	3043
228.925	3053
230.188	3073
231.449	3059
232.71	3024
233.97	3033
235.231	3050
236.491	3004
237.752	2970
239.012	2946
240.272	2968.5
241.531	2991
242.79	3011
244.049	2934
245.308	2933
246.566	2893
247.826	2946
249.084	2861
250.342	2868
251.6	2887
252.857	2838
254.115	2864
255.372	2884.5
256.629	2905
257.885	2808
259.142	2815
260.398	2840
261.654	2809
262.91	2836
264.166	2801
265.421	2734
266.677	2752
267.932	2739
269.187	2756
270.441	2776
271.696	2736
272.95	2769
274.204	2725
275.458	2714
276.712	2710
277.964	2729
279.217	2734
280.47	2724
281.723	2702
282.975	2758
284.228	2739
285.48	2726
286.732	2713
287.984	2745
289.234	2682
290.485	2692
291.737	2722
292.988	2666
294.239	2674
295.488	2689
296.738	2676
297.988	2651
299.238	2688
300.488	2674
301.736	2680
302.986	2696
304.235	2633
305.484	2686
306.731	2623
307.98	2639
309.228	2617
310.477	2668
311.723	2624
312.971	2640
314.218	2625
315.464	2630
316.712	2603
317.959	2612
319.204	2590
320.451	2588
321.697	2597
322.942	2528
324.188	2593
325.432	2607
326.678	2616
327.923	2599
329.167	2577
330.412	2643
331.655	2602
332.9	2586
334.144	2558
335.387	2601
336.631	2620
337.873	2585
339.117	2610
340.359	2557
341.602	2624
342.843	2660
344.086	2618
345.327	2567
346.57	2603
347.81	2595
349.052	2646
350.293	2588
351.534	2631
352.774	2601
354.016	2576
355.255	2597
356.496	2580
357.735	2571
358.974	2575
360.214	2585
361.453	2565
362.693	2562
363.931	2578
365.169	2556
366.408	2564
367.645	2555
368.883	2558
370.121	2536
371.358	2538
372.595	2535
373.833	2531
375.07	2510
376.306	2476
377.543	2549
378.779	2534
380.014	2485
381.251	2522
382.486	2529
383.721	2510
384.956	2450
386.192	2501
387.427	2506
388.661	2479
389.895	2542
391.129	2473
392.364	2527
393.597	2475
394.83	2507
396.063	2478
397.296	2503
398.53	2543
399.763	2557
400.995	2530
402.227	2574
403.459	2590
404.69	2615
405.922	2618
407.154	2613
408.385	2619
409.616	2621
410.847	2645
412.077	2682
413.308	2676
414.538	2723
415.767	2750
416.997	2764
418.227	2733
419.456	2857
420.685	2781
421.914	2852
423.142	2882
424.371	2914
425.599	2976
426.827	2993
428.055	3048
429.283	2991
430.51	2970
431.738	2974
432.965	2992
434.192	2941
435.418	2924
436.645	2960
437.871	2913
439.097	2865
440.323	2884
441.549	2829
442.773	2815
443.998	2813
445.224	2781
446.449	2814
447.673	2726
448.898	2781
450.122	2700
451.345	2715
452.569	2672
453.793	2675
455.016	2642
456.24	2638
457.461	2645
458.684	2670
459.907	2680
461.13	2656
462.351	2676
463.573	2688
464.795	2597
466.017	2616
467.237	2639
468.459	2583
469.68	2582
470.901	2625
472.12	2640
473.341	2684
474.561	2601
475.78	2596
477	2615
478.22	2637
479.439	2661
480.658	2575
481.877	2604
483.095	2561
484.314	2590
485.531	2599
486.75	2577
487.968	2570
489.185	2599
490.403	2608
491.619	2629
492.837	2587
494.053	2582
495.27	2634
496.485	2632
497.702	2638
498.919	2645
500.134	2594
501.35	2682
502.564	2608
503.779	2630
504.995	2635
506.209	2603
507.424	2618
508.637	2637
509.852	2663
511.065	2629
512.28	2671
513.493	2645
514.707	2671
515.919	2672
517.132	2678
518.345	2629
519.557	2681
520.769	2699
521.982	2699
523.193	2702
524.406	2714
525.616	2679
526.827	2701
528.039	2703
529.25	2662
530.46	2749
531.67	2662
532.881	2714
534.09	2711
535.3	2735
536.51	2695
537.719	2722
538.928	2684
540.137	2734
541.347	2692
542.555	2679
543.763	2737
544.971	2703
546.179	2674
547.388	2665
548.595	2750
549.802	2637
551.009	2746
552.216	2709
553.422	2677
554.63	2665
555.836	2594
557.042	2678
558.248	2640
559.453	2653
560.659	2680
561.864	2591
563.069	2631
564.274	2625
565.48	2577
566.684	2620
567.888	2645
569.092	2639
570.296	2622
571.5	2638
572.703	2635
573.907	2656
575.11	2652
576.313	2657
577.515	2638
578.718	2621
579.92	2657
581.122	2636
582.324	2698
583.526	2677
584.728	2679
585.929	2691
587.129	2624
588.33	2752
589.531	2721
590.731	2711
591.932	2713
593.132	2709
594.332	2708
595.532	2748
596.732	2765
597.93	2778
599.129	2673
600.328	2701
601.527	2740
602.726	2720
603.924	2781
605.121	2793
606.319	2792
607.517	2704
608.715	2686
609.913	2737
611.109	2687
612.306	2725
613.503	2773
614.699	2745
615.895	2711
617.092	2730
618.288	2734
619.483	2716
620.679	2693
621.874	2753
623.068	2782
624.264	2744
625.459	2755
626.652	2762
627.847	2762
629.042	2818
630.235	2700
631.429	2756
632.623	2746
633.815	2778
635.009	2757
636.201	2796
637.394	2799
638.586	2787
639.779	2752
640.972	2765
642.163	2766
643.355	2792
644.546	2819
645.738	2806
646.928	2844
648.12	2794
649.31	2811
650.501	2820
651.691	2844
652.882	2803
654.071	2804
655.261	2762
656.45	2858
657.639	2807
658.829	2812
660.017	2804
661.207	2812
662.394	2856
663.582	2839
664.771	2857
665.959	2886
667.147	2860
668.334	2852
669.521	2881
670.709	2871
671.896	2858
673.082	2925
674.269	2900
675.455	2889
676.641	2911
677.828	2852
679.013	2892
680.198	2933
681.383	2961
682.569	2937
683.754	2934
684.938	3015
686.123	2951
687.308	2971
688.492	2962
689.676	2974
690.859	2953
692.042	3024
693.227	2970
694.41	2997
695.593	2983
696.775	2946
697.957	3011
699.14	2980
700.323	3013
701.505	2988
702.686	3002
703.868	2998
705.049	3023
706.23	3039
707.411	3002
708.592	2981
709.772	2998
710.953	3026
712.133	3016
713.313	3015
714.493	3039
715.672	3027
716.852	3016
718.031	3013
719.21	2990
720.389	3025
721.567	3036
722.746	2950
723.924	2981
725.102	3009
726.28	3046
727.458	2970
728.636	3019
729.813	3055
730.99	3065
732.167	3017
733.344	3017
734.521	3036
735.697	3046
736.872	3030
738.048	3040
739.224	3082
740.4	3067
741.575	3066
742.751	3067
743.925	3070
745.1	3073
746.274	3046
747.449	3120
748.623	3122
749.796	3102
750.97	3115
752.144	3145
753.318	3102
754.49	3136
755.664	3128
756.837	3125
758.01	3111
759.181	3160
760.354	3222
761.526	3111
762.697	3222
763.869	3212
765.041	3218
766.211	3245
767.383	3264
768.554	3222
769.724	3213
770.895	3213
772.064	3202
773.235	3233
774.405	3231
775.574	3212
776.744	3305
777.913	3253
779.083	3289
780.251	3245
781.42	3246
782.589	3312
783.757	3281
784.926	3243
786.093	3260
787.261	3261
788.428	3307
789.596	3221
790.763	3231
791.93	3290
793.097	3271
794.263	3208
795.43	3251
796.595	3300
797.762	3248
798.927	3240
800.094	3239
801.259	3235
802.423	3237
803.589	3242
804.754	3265
805.918	3243
807.083	3253
808.247	3273
809.41	3262
810.575	3233
811.738	3257
812.902	3258
814.066	3272
815.229	3267
816.391	3298
817.555	3260
818.717	3294
819.879	3312
821.041	3292
822.204	3332
823.365	3355
824.526	3335
825.688	3348
826.848	3368
828.011	3402
829.171	3377
830.331	3385
831.492	3369
832.652	3371
833.811	3356
834.972	3375
836.132	3374
837.291	3386
838.45	3349
839.609	3328
840.768	3359
841.927	3384
843.085	3448
844.243	3383
845.401	3427
846.559	3441
847.717	3405
848.876	3434
850.033	3477.5
851.19	3521
852.347	3515
853.504	3502
854.66	3529
855.817	3573
856.973	3641
858.128	3595
859.284	3604
860.439	3701
861.595	3734
862.75	3808
863.905	3875
865.06	4026
866.215	4190
867.37	4292
868.524	4564
869.679	4781
870.831	5107
871.985	5402
873.139	5788
874.293	6083
875.446	6351
876.599	6494
877.751	6454
878.904	6310
880.056	6190
881.209	5869
882.361	5492
883.512	5250
884.664	4990
885.816	4546
886.967	4398
888.117	4217
889.269	4001
890.42	3794
891.57	3787
892.72	3650
893.87	3548
895.021	3580
896.17	3451
897.32	3434
898.469	3395
899.618	3351
900.767	3406
901.917	3342
903.064	3290
904.213	3344
905.361	3297
906.509	3232
907.658	3272
908.805	3258
909.953	3243.5
911.099	3229
912.247	3230
913.393	3191
914.54	3209
915.686	3240
916.833	3227
917.979	3301
919.125	3237
920.27	3273
921.417	3189
922.561	3237
923.707	3243
924.852	3226
925.997	3282
927.141	3229
928.285	3260
929.43	3222
930.574	3251
931.719	3270
932.862	3277
934.005	3282
935.149	3235
936.292	3277
937.434	3281
938.578	3306
939.72	3283
940.862	3293
942.005	3289
943.147	3260
944.288	3327
945.431	3303
946.572	3291
947.713	3303
948.853	3422
949.995	3307
951.135	3346
952.276	3344
953.416	3395
954.557	3364
955.697	3325
956.836	3342
957.975	3373
959.115	3343
960.255	3356
961.394	3404
962.532	3346
963.671	3396
964.809	3369
965.947	3411
967.085	3338
968.223	3367
969.362	3396
970.499	3362
971.636	3371
972.773	3423
973.91	3442
975.047	3374
976.183	3512
977.32	3459
978.456	3439
979.592	3463
980.728	3463
981.863	3466
982.999	3483
984.134	3538
985.269	3482
986.404	3565
987.539	3556
988.674	3569
989.808	3611
990.942	3619
992.075	3636
993.209	3715
994.343	3790
995.476	3808
996.61	3880
997.743	3920
998.876	4030
1000.01	3975
1001.14	4129
1002.27	4283
1003.41	4373
1004.54	4473
1005.67	4690
1006.8	4759
1007.93	4910
1009.06	5187
1010.19	5306
1011.33	5562
1012.46	5778
1013.59	6005
1014.72	6330
1015.85	6680
1016.98	7144
1018.11	7487
1019.24	7826
1020.36	8335
1021.49	8609
1022.62	9157
1023.75	9498
1024.88	9748
1026.01	10014
1027.14	10288
1028.27	10485
1029.39	10448
1030.52	10562
1031.65	10549
1032.78	10314
1033.9	10162
1035.03	9883
1036.16	9441
1037.28	9086
1038.41	8653
1039.53	8139
1040.66	7530
1041.79	7158
1042.91	6743
1044.04	6415
1045.16	6105
1046.29	5741
1047.41	5482
1048.54	5244
1049.66	5054
1050.79	4838
1051.91	4687
1053.04	4562
1054.16	4355
1055.28	4225
1056.41	4168
1057.53	4043
1058.65	4064
1059.78	3923
1060.9	3921
1062.02	3911
1063.14	3841
1064.27	3855
1065.39	3829
1066.51	3762
1067.63	3772
1068.75	3721
1069.87	3752
1070.99	3821
1072.12	3781
1073.24	3847
1074.36	3857
1075.48	3852
1076.6	3872
1077.72	3950
1078.84	3976
1079.96	3986
1081.08	4122
1082.19	4138
1083.31	4139
1084.43	4229
1085.55	4268
1086.67	4252
1087.79	4297
1088.91	4255
1090.02	4241
1091.14	4301
1092.26	4199
1093.38	4162
1094.49	4134
1095.61	4087
1096.73	4017
1097.85	4071
1098.96	4029
1100.08	3989
1101.19	3981
1102.31	3951
1103.43	3952
1104.54	3877
1105.66	3925
1106.77	3877
1107.89	3912
1109	3853
1110.12	3835
1111.23	3799
1112.35	3838
1113.46	3753
1114.57	3775
1115.69	3752
1116.8	3678
1117.91	3680
1119.03	3669
1120.14	3595
1121.25	3569
1122.37	3534
1123.48	3506
1124.59	3450
1125.7	3406
1126.82	3419
1127.93	3320
1129.04	3300
1130.15	3311
1131.26	3269
1132.37	3191
1133.48	3234
1134.59	3148
1135.7	3150
1136.81	3204
1137.92	3081
1139.04	3090
1140.14	3140
1141.25	3128
1142.36	3061
1143.47	3046
1144.58	3067
1145.69	3095
1146.8	3096
1147.91	3040
1149.02	3089
1150.12	3099
1151.23	3034
1152.34	3018
1153.45	3035
1154.56	3011.75
1155.66	2979.83
1156.77	2974.01
1157.88	2948.4
1158.98	2898.24
1160.09	2948.91
1161.2	2875.51
1162.3	2878.35
1163.41	2842.13
1164.51	2869.78
1165.62	2793.34
1166.73	2732.14
1167.83	2775.95
1168.94	2739.01
1170.04	2735.57
1171.15	2702.95
1172.25	2683.81
1173.35	2633.56
1174.46	2650.39
1175.56	2635.63
1176.67	2631.28
1177.77	2592.77
1178.87	2573.05
1179.98	2569.01
1181.08	2536.72
1182.18	2526.83
1183.29	2547.14
1184.39	2527.73
1185.49	2528.64
1186.59	2472.82
1187.7	2508.61
1188.8	2476.63
1189.9	2513.07
1191	2488.1
1192.1	2467.41
1193.2	2456.76
1194.3	2450.9
1195.4	2466.28
1196.51	2459.36
1197.61	2434.63
1198.71	2457.63
1199.81	2432.37
1200.91	2433.54
1202.01	2448.37
1203.11	2419.66
1204.2	2428.33
1205.31	2437.01
1206.4	2451.94
1207.5	2434.39
1208.6	2421.15
1209.7	2442.67
1210.8	2418.44
1211.9	2412.5
1212.99	2422.04
1214.09	2422.37
1215.19	2410.31
1216.29	2428.42
1217.38	2423.7
1218.48	2455.09
1219.58	2428.32
1220.67	2431.24
1221.77	2400.44
1222.87	2437.02
1223.96	2424.03
1225.06	2431.41
1226.16	2435.06
1227.25	2443.27
1228.35	2447.77
1229.44	2438.65
1230.54	2459.97
1231.63	2456.67
1232.73	2458.03
1233.82	2457.67
1234.92	2448.54
1236.01	2415.16
1237.1	2430.67
1238.2	2420.48
1239.29	2419.45
1240.39	2455.58
1241.48	2456.8
1242.57	2436.74
1243.66	2446.11
1244.76	2473.43
1245.85	2454.48
1246.94	2474.43
1248.03	2493.47
1249.13	2464.82
1250.22	2480.1
1251.31	2490
1252.4	2490.8
1253.49	2524.08
1254.59	2524.72
1255.68	2544.55
1256.77	2570.21
1257.86	2598.72
1258.95	2606.93
1260.04	2623.28
1261.13	2666.37
1262.22	2647.27
1263.31	2680.14
1264.4	2728.24
1265.49	2759.38
1265.94	2779
1267.03	2736
1268.13	2788
1269.22	2823
1270.31	2806
1271.41	2791
1272.5	2785
1273.6	2791
1274.69	2772
1275.78	2734
1276.88	2698
1277.97	2682
1279.06	2679
1280.15	2618
1281.25	2584
1282.34	2605
1283.43	2529
1284.52	2557
1285.61	2529
1286.71	2560
1287.8	2491
1288.89	2482
1289.98	2449
1291.07	2537
1292.16	2439
1293.25	2462
1294.34	2434
1295.43	2424
1296.52	2416
1297.61	2385
1298.7	2382
1299.79	2396
1300.88	2349
1301.97	2399
1303.06	2403
1304.15	2344
1305.23	2316
1306.32	2326
1307.41	2398
1308.5	2355
1309.59	2335
1310.67	2318
1311.76	2330
1312.85	2340
1313.94	2338
1315.02	2313
1316.11	2292
1317.2	2302
1318.28	2312
1319.37	2301
1320.46	2318
1321.54	2333
1322.63	2369
1323.71	2334
1324.8	2287
1325.88	2293
1326.97	2316
1328.05	2297
1329.14	2344
1330.22	2333
1331.31	2322
1332.39	2311
1333.48	2343
1334.56	2374
1335.64	2333
1336.73	2344
1337.81	2355
1338.89	2338
1339.98	2372
1341.06	2342
1342.14	2377
1343.22	2376
1344.31	2400
1345.39	2404
1346.47	2419
1347.55	2381
1348.63	2365
1349.72	2409
1350.8	2458
1351.88	2423
1352.96	2439
1354.04	2416
1355.12	2461
1356.2	2419
1357.28	2451
1358.36	2489
1359.44	2437
1360.52	2539
1361.6	2553
1362.68	2559
1363.76	2520
1364.84	2539
1365.92	2602
1366.99	2651
1368.07	2597
1369.15	2627
1370.23	2648
1371.31	2653
1372.39	2661
1373.46	2688
1374.54	2713
1375.62	2684
1376.7	2787
1377.77	2800
1378.85	2717
1379.92	2854
1381	2824
1382.08	2848
1383.15	2803
1384.23	2832
1385.31	2850
1386.38	2861
1387.46	2847
1388.53	2834
1389.61	2891
1390.68	2908
1391.76	2935
1392.83	2964
1393.91	2931
1394.98	2987
1396.05	3009
1397.13	3015
1398.2	3060
1399.28	3060
1400.35	3101
1401.42	3080
1402.5	3095
1403.57	3167
1404.64	3074
1405.71	3102
1406.79	3129
1407.86	3090
1408.93	3121
1410	3193
1411.07	3171
1412.14	3160
1413.22	3191
1414.29	3142
1415.36	3233
1416.43	3192
1417.5	3212
1418.57	3275
1419.64	3280
1420.71	3274
1421.78	3309
1422.85	3318
1423.92	3375
1424.99	3387
1426.06	3416
1427.13	3471
1428.2	3503
1429.27	3557
1430.33	3633
1431.4	3749
1432.47	3774
1433.54	3909
1434.61	4001
1435.68	4137
1436.74	4356
1437.81	4429
1438.88	4597
1439.95	4834
1441.01	5066
1442.08	5244
1443.15	5453
1444.21	5614
1445.28	5770
1446.35	5816
1447.41	5907
1448.48	5877
1449.54	5963
1450.61	5868
1451.67	5850
1452.74	5779
1453.8	5678
1454.87	5690
1455.93	5586
1457	5439
1458.06	5403
1459.12	5327
1460.19	5245
1461.25	5201
1462.32	5144
1463.38	5026
1464.44	5042
1465.51	4929
1466.57	4924
1467.63	4854
1468.69	4819
1469.76	4807
1470.82	4795
1471.88	4767
1472.94	4673
1474.01	4681
1475.07	4645
1476.13	4540
1477.19	4540
1478.25	4477
1479.31	4366
1480.37	4279
1481.43	4281
1482.49	4152
1483.55	4122
1484.61	4063
1485.67	3986
1486.73	3877
1487.79	3866
1488.85	3783
1489.91	3646
1490.97	3656
1492.03	3557
1493.09	3594
1494.15	3513
1495.2	3423
1496.26	3371
1497.32	3350
1498.38	3282
1499.44	3242
1500.49	3243
1501.55	3103
1502.61	3181
1503.67	3112
1504.72	3081
1505.78	3062
1506.84	3012
1507.89	3016
1508.95	2969
1510	2972
1511.06	2924
1512.12	2887
1513.17	2882
1514.23	2839
1515.28	2881
1516.34	2850
1517.39	2794
1518.45	2789
1519.5	2718
1520.56	2750
1521.61	2757
1522.66	2705
1523.72	2701
1524.77	2685
1525.82	2673
1526.88	2658
1527.93	2654
1528.99	2654
1530.04	2611
1531.09	2579
1532.14	2580
1533.2	2526
1534.25	2588
1535.3	2546
1536.35	2520
1537.4	2515
1538.45	2503
1539.51	2497
1540.56	2497
1541.61	2462
1542.66	2496
1543.71	2411
1544.76	2441
1545.81	2416
1546.86	2376
1547.91	2422
1548.96	2394
1550.01	2430
1551.06	2407
1552.11	2374
1553.16	2368
1554.21	2339
1555.26	2321
1556.31	2335
1557.35	2295
1558.4	2341
1559.45	2279
1560.5	2284
1561.55	2283
1562.6	2268
1563.64	2268
1564.69	2255
1565.74	2247
1566.79	2257
1567.83	2252
1568.88	2279
1569.93	2230
1570.97	2260
1572.02	2242
1573.06	2235
1574.11	2234
1575.16	2242
1576.2	2172
1577.25	2206
1578.29	2217
1579.34	2243
1580.38	2231
1581.43	2182
1582.47	2210
1583.52	2195
1584.56	2224
1585.61	2209
1586.65	2195
1587.69	2208
1588.74	2176
1589.78	2131
1590.82	2155
1591.87	2203
1592.91	2186
1593.95	2164
1594.99	2146
1596.04	2192
1597.08	2163
1598.12	2159
1599.16	2132
1600.21	2120
1601.25	2106
1602.29	2138
1603.33	2152
1604.37	2140
1605.41	2158
1606.45	2162
1607.49	2135
1608.54	2157
1609.58	2100
1610.62	2183
1611.66	2147
1612.7	2113
1613.74	2108
1614.78	2119
1615.81	2125
1616.85	2097
1617.89	2091
1618.93	2100
1619.97	2104
1621.01	2098
1622.05	2124
1623.09	2092
1624.12	2063
1625.16	2094
1626.2	2116
1627.24	2067
1628.28	2084
1629.31	2141
1630.35	2114
1631.39	2061
1632.42	2129
1633.46	2066
1634.5	2177
1635.53	2154
1636.57	2145
1637.61	2129
1638.64	2090
1639.68	2065
1640.71	2069
1641.75	2030
1642.78	1982
1643.82	2032
1644.85	1974
1645.89	1942
1646.92	1943
1647.96	1905
1648.99	1969
1650.02	1872
1651.06	1876
1652.09	1910
1653.13	1914
1654.16	1917
1655.19	1936
1656.23	1864
1657.26	1916
1658.29	1851
1659.32	1848
1660.36	1894
1661.39	1886
1662.42	1853
1663.45	1841
1664.48	1823
1665.52	1814
1666.55	1845
1667.58	1800
1668.61	1832
1669.64	1798
1670.67	1829
1671.7	1788
1672.73	1797
1673.76	1783
1674.79	1770
1675.82	1735
1676.85	1772
1677.88	1811
1678.91	1753
1679.94	1762
1680.97	1768
1682	1769
1683.03	1777
1684.06	1768
1685.09	1774
1686.12	1784
1687.14	1768
1688.17	1743
1689.2	1747
1690.23	1744
1691.25	1730
1692.28	1748
1693.31	1782
1694.34	1736
1695.36	1783
1696.39	1752
1697.42	1736
1698.44	1729
1699.47	1729
1700.5	1739
1701.52	1722
1702.55	1723
1703.57	1726
1704.6	1693
1705.62	1727
1706.65	1716
1707.68	1719
1708.7	1731
1709.73	1732
1710.75	1692
1711.77	1730
1712.8	1729
1713.82	1707
1714.85	1757
1715.87	1691
1716.89	1716
1717.92	1710
1718.94	1714
1719.96	1701
1720.99	1689
1722.01	1703
1723.03	1702
1724.05	1703
1725.08	1717
1726.1	1734
1727.12	1682
1728.14	1651
1729.17	1664
1730.19	1664
1731.21	1661
1732.23	1677
1733.25	1618
1734.27	1597
1735.29	1636
1736.31	1666
1737.33	1623
1738.35	1647
1739.37	1640
1740.39	1625
1741.41	1621
1742.43	1687
1743.45	1665
1744.47	1627
1745.49	1643
1746.51	1629
1747.53	1627
1748.55	1668
1749.57	1661
1750.58	1620
1751.6	1659
1752.62	1648
1753.64	1614
1754.66	1623
1755.67	1641
1756.69	1620
1757.71	1662
1758.73	1670
1759.74	1646
1760.76	1666
1761.78	1662
1762.79	1666
1763.81	1674
1764.83	1658
1765.84	1658
1766.86	1629
1767.87	1660
1768.89	1639
1769.9	1655
1770.92	1676
1771.93	1704
1772.95	1680
1773.96	1654
1774.98	1678
1775.99	1651
1777.01	1678
1778.02	1687
1779.04	1680
1780.05	1676
1781.06	1652
1782.08	1708
1783.09	1675
1784.1	1719
1785.12	1698
1786.13	1684
1787.14	1676
1788.15	1709
1789.17	1691
1790.18	1684
1791.19	1676
1792.2	1692
1793.21	1686
1794.23	1661
1795.24	1670
1796.25	1732
1797.26	1717
1798.27	1696
1799.28	1668
1800.29	1669
1801.3	1683
1802.31	1684
1803.32	1701
1804.33	1681
1805.34	1695
1806.35	1684
1807.36	1667
1808.37	1666
1809.38	1698
1810.39	1676
1811.4	1699
1812.41	1679
1813.42	1701
1814.42	1642
1815.43	1668
1816.44	1653
1817.45	1669
1818.46	1611
1819.46	1638
1820.47	1645
1821.48	1651
1822.49	1658
1823.49	1678
1824.5	1608
1825.51	1630
1826.51	1618
1827.52	1597
1828.53	1611
1829.53	1615
1830.54	1578
1831.55	1587
1832.55	1610
1833.56	1571
1834.56	1589
1835.57	1589
1836.57	1562
1837.58	1546
1838.58	1557
1839.59	1542
1840.59	1533
1841.59	1519
1842.6	1541
1843.6	1531
1844.61	1513
1845.61	1495
1846.61	1514
1847.62	1510
1848.62	1498
1849.62	1498
1850.63	1516
1851.63	1507
1852.63	1504
1853.63	1529
1854.64	1506
1855.64	1522
1856.64	1475
1857.64	1484
1858.64	1490
1859.64	1461
1860.65	1503
1861.65	1479
1862.65	1469
1863.65	1456
1864.65	1455
1865.65	1464
1866.65	1451
1867.65	1484
1868.65	1492
1869.65	1488
1870.65	1486
1871.65	1499
1872.65	1443
1873.65	1442
1874.65	1500
1875.65	1463
1876.65	1457
1877.64	1418
1878.64	1450
1879.64	1440
1880.64	1450
1881.64	1443
1882.64	1456
1883.63	1459
1884.63	1450
1885.63	1467
1886.63	1448
1887.62	1438
1888.62	1469
1889.62	1450
1890.61	1491
1891.61	1457
1892.61	1482
1893.6	1470
1894.6	1436
1895.59	1494
1896.59	1471
1897.59	1448
1898.58	1507
1899.58	1489
1900.57	1496
1901.57	1500
1902.56	1476
1903.56	1464
1904.55	1477
1905.55	1519
1906.54	1462
1907.53	1491
1908.53	1436
1909.52	1495
1910.51	1445
1911.51	1436
1912.5	1486
1913.49	1506
1914.49	1442
1915.48	1449
1916.47	1495
1917.47	1475
1918.46	1472
1919.45	1491
1920.44	1479
1921.43	1485
1922.43	1449
1923.42	1462
1924.41	1487
1925.4	1469
1926.39	1510
1927.38	1517
1928.37	1502
1929.36	1495
1930.35	1475
1931.35	1459
1932.34	1508
1933.33	1503
1934.32	1467
1935.31	1480
1936.29	1460
1937.29	1472
1938.27	1487
1939.26	1464
1940.25	1450
1941.24	1481
1942.23	1467
1943.22	1442
1944.21	1445
1945.2	1483
1946.18	1474
1947.17	1447
1948.16	1449
1949.15	1455
1950.13	1445
1951.12	1445
1952.11	1421
1953.1	1434
1954.08	1449
1955.07	1443
1956.06	1418
1957.04	1394
1958.03	1429
1959.02	1384
1960	1407
1960.99	1404
1961.97	1421
1962.96	1442
1963.94	1429
1964.93	1404
1965.91	1396
1966.9	1381
1967.88	1385
1968.87	1396
1969.85	1372
1970.84	1357
1971.82	1369
1972.8	1390
1973.79	1374
1974.77	1364
1975.76	1355
1976.74	1398
1977.72	1355
1978.71	1399
1979.69	1345
1980.67	1347
1981.65	1364
1982.64	1387
1983.62	1384
1984.6	1394
1985.58	1384
1986.57	1368
1987.55	1372
1988.53	1401
1989.51	1388
1990.49	1384
1991.47	1379
1992.45	1367
1993.43	1369
1994.42	1414
1995.4	1383
1996.38	1388
1997.36	1359
1998.34	1386
1999.32	1400
2000.3	1405
2001.28	1383
2002.26	1380
2003.23	1384
2004.21	1393
2005.19	1394
2006.17	1418
2007.15	1438
2008.13	1388
2009.11	1390
2010.09	1386
2011.06	1432
2012.04	1375
2013.02	1387
2014	1409
2014.98	1421
2015.95	1434
2016.93	1439
2017.91	1422
2018.88	1432
2019.86	1428
2020.84	1444
2021.81	1390
2022.79	1442
2023.77	1436
2024.74	1414
2025.72	1438
2026.69	1420
2027.67	1457
2028.65	1418
2029.62	1459
2030.6	1439
2031.57	1403
2032.55	1481
2033.52	1447
2034.5	1453
2035.47	1471
2036.44	1478
2037.42	1428
2038.39	1493
2039.37	1436
2040.34	1466
2041.31	1471
2042.29	1482
2043.26	1438
2044.23	1444
2045.21	1482
2046.18	1458
2047.15	1439
2048.12	1415
2049.1	1453
2050.07	1440
2051.04	1424
2052.01	1448
2052.98	1436
2053.96	1441
2054.93	1409
2055.9	1393
2056.87	1387
2057.84	1427
2058.81	1405
2059.78	1430
2060.75	1421
2061.72	1413
2062.69	1406
2063.66	1428
2064.63	1417
2065.6	1423
2066.57	1396
2067.54	1409
2068.51	1442
2069.48	1407
2070.45	1385
2071.42	1436
2072.39	1409
2073.36	1345
2074.32	1442
2075.29	1377
2076.26	1413
2077.23	1414
2078.2	1379
2079.16	1353
2080.13	1395
2081.1	1362
2082.07	1364
2083.03	1334
2084	1360
2084.97	1375
2085.93	1346
2086.9	1380
2087.87	1313
2088.83	1354
2089.8	1322
2090.77	1350
2091.73	1351
2092.7	1366
2093.66	1368
2094.63	1343
2095.59	1384
2096.56	1348
2097.52	1315
2098.49	1365
2099.45	1364
2100.42	1329
2101.38	1334
2102.35	1295
2103.31	1338
2104.27	1336
2105.24	1316
2106.2	1333
2107.16	1306
2108.13	1293
2109.09	1304
2110.05	1318.62
2111.02	1309.16
2111.98	1312.61
2112.94	1309.87
2113.9	1298
2114.87	1286
2115.83	1332
2116.79	1301.1
2117.75	1324.9
2118.71	1304.73
2119.68	1295.14
2120.64	1309.59
2121.6	1323.53
2122.56	1309.22
2123.52	1335.3
2124.48	1337.96
2125.44	1314.54
2126.4	1317.27
2127.36	1342.15
2128.32	1304.12
2129.28	1349
2130.24	1325.65
2131.2	1302.6
2132.16	1344.76
2133.12	1324.46
2134.08	1308.63
2135.04	1329.8
2136	1329.02
2136.96	1307.44
2137.92	1323.69
2138.88	1293.58
2139.83	1338.3
2140.79	1337.79
2141.75	1349.53
2142.71	1316
2143.67	1325.27
2144.62	1332.07
2145.58	1332.65
2146.54	1329.93
2147.5	1331.89
2148.45	1325.46
2149.41	1304.44
2150.37	1341.09
2151.32	1321.47
2152.28	1341
2153.24	1319.71
2154.19	1313.02
2155.15	1317.58
2156.11	1327.64
2157.06	1306.81
2158.02	1337.86
2158.97	1302.05
2159.93	1322.17
2160.88	1327.5
2161.84	1313.8
2162.79	1316.73
2163.75	1336.03
2164.7	1328.74
2165.66	1332.02
2166.61	1308.24
2167.57	1312.07
2168.52	1320.64
2169.48	1318.01
2170.43	1329.45
2171.38	1342.69
2172.34	1306.37
2173.29	1328
2174.24	1319.28
2175.2	1331.31
2176.15	1318.1
2177.1	1359.47
2178.05	1334.53
2179.01	1311.19
2179.96	1336.98
2180.91	1335.59
2181.86	1331.61
2182.82	1331.44
2183.77	1337.51
2184.72	1328.63
2185.67	1311.05
2186.62	1333.35
2187.57	1340.44
2188.52	1339.5
2189.47	1341.95
2190.43	1336.88
2191.38	1342.9
2192.33	1325.85
2193.28	1334.81
2194.23	1357.68
2195.18	1347.91
2196.13	1355.31
2197.08	1335.98
2198.03	1340.17
2198.98	1354.14
2199.93	1350.57
2200.87	1354.32
2201.82	1353.83
2202.77	1356.25
2203.72	1364.16
2204.67	1349.1
2205.62	1361.32
2205.98	1375
2206.93	1335
2207.88	1365
2208.84	1377
2209.79	1366
2210.74	1379
2211.69	1352
2212.65	1372
2213.6	1348
2214.55	1399
2215.5	1357
2216.45	1400
2217.41	1400
2218.36	1395
2219.31	1409
2220.26	1388
2221.21	1331
2222.16	1348
2223.11	1401
2224.06	1369
2225.01	1397
2225.96	1367
2226.91	1389
2227.86	1360
2228.81	1383
2229.76	1396
2230.71	1394
2231.66	1391
2232.61	1375
2233.56	1388
2234.51	1425
2235.46	1379
2236.41	1434
2237.36	1360
2238.31	1420
2239.25	1382
2240.2	1398
2241.15	1383
2242.1	1387
2243.05	1387
2243.99	1387
2244.94	1402
2245.89	1418
2246.83	1378
2247.78	1380
2248.73	1410
2249.68	1388
2250.62	1392
2251.57	1399.5
2252.52	1407
2253.46	1356
2254.41	1377
2255.35	1384
2256.3	1381
2257.25	1404
2258.19	1368
2259.14	1393
2260.08	1400
2261.03	1366
2261.97	1386
2262.92	1374.5
2263.86	1363
2264.81	1363
2265.75	1402
2266.7	1362
2267.64	1387
2268.58	1370
2269.53	1369
2270.47	1376
2271.41	1383
2272.36	1379
2273.3	1381
2274.24	1386
2275.19	1414
2276.13	1369
2277.07	1386
2278.02	1414
2278.96	1390
2279.9	1356
2280.84	1388
2281.78	1352
2282.73	1364
2283.67	1392
2284.61	1363
2285.55	1392
2286.49	1388
2287.43	1352
2288.38	1407
2289.32	1376
2290.26	1424
2291.2	1379
2292.14	1403
2293.08	1405
2294.02	1404
2294.96	1397
2295.9	1373
2296.84	1378
2297.78	1376
2298.72	1427
2299.66	1371
2300.59	1356
2301.53	1409
2302.47	1388
2303.41	1382
2304.35	1406
2305.29	1361
2306.23	1398
2307.17	1377
2308.1	1381
2309.04	1350
2309.98	1363
2310.92	1361
2311.85	1408
2312.79	1384
2313.73	1376
2314.67	1366
2315.6	1400
2316.54	1380
2317.48	1389
2318.41	1399
2319.35	1389
2320.29	1350
2321.22	1379
2322.16	1406
2323.09	1379
2324.03	1396
2324.97	1424
2325.9	1437
2326.84	1403
2327.77	1359
2328.71	1382
2329.64	1387
2330.58	1389
2331.51	1363
2332.45	1396
2333.38	1392
2334.31	1394
2335.25	1405
2336.18	1421
2337.12	1415
2338.05	1408
2338.98	1388
2339.92	1385
2340.85	1368
2341.78	1413
2342.72	1422
2343.65	1389
2344.58	1400
2345.51	1428
2346.45	1386
2347.38	1423
2348.31	1403
2349.24	1393
2350.17	1386
2351.11	1407
2352.04	1367
2352.97	1416
2353.9	1398
2354.83	1402
2355.76	1360
2356.69	1373
2357.62	1390
2358.55	1390
2359.48	1395
2360.42	1391
2361.35	1392
2362.27	1389
2363.21	1447
2364.13	1396
2365.07	1415
2365.99	1409
2366.92	1430
2367.85	1400
2368.78	1385
2369.71	1422
2370.64	1401
2371.57	1406
2372.5	1410
2373.43	1420
2374.35	1407
2375.28	1401
2376.21	1404
2377.14	1408
2378.07	1398
2378.99	1404
2379.92	1404
2380.85	1404
2381.77	1408
2382.7	1381
2383.63	1381
2384.56	1362
2385.48	1419
2386.41	1374
2387.33	1390
2388.26	1396
2389.19	1376
2390.11	1405
2391.04	1402
2391.96	1370
2392.89	1394
2393.82	1386
2394.74	1390
2395.67	1377
2396.59	1376
2397.51	1382
2398.44	1379
2399.36	1395
2400.29	1376
2401.21	1378
2402.14	1398
2403.06	1360
2403.98	1379
2404.91	1379
2405.83	1399
2406.76	1390
2407.68	1420
2408.6	1370
2409.52	1352
2410.45	1403
2411.37	1411
2412.29	1390
2413.22	1340
2414.14	1363
2415.06	1389
2415.98	1374
2416.9	1393
2417.83	1336
2418.75	1362
2419.67	1407
2420.59	1382
2421.51	1400
2422.43	1360
2423.35	1377
2424.27	1399
2425.2	1348
2426.12	1382
2427.04	1391
2427.96	1392
2428.88	1328
2429.8	1360
2430.72	1379
2431.64	1398
2432.56	1368
2433.48	1368
2434.4	1390
2435.31	1376
2436.23	1350
2437.15	1321
2438.07	1347
2438.99	1373
2439.91	1362
2440.83	1353
2441.75	1402
2442.66	1394
2443.58	1372
2444.5	1371
2445.42	1339
2446.33	1368
2447.25	1338
2448.17	1370
2449.09	1385
2450	1387
2450.92	1362
2451.84	1368
2452.75	1369
2453.67	1361
2454.59	1340
2455.5	1406
2456.42	1372
2457.33	1399
2458.25	1386
2459.17	1379
2460.08	1359
2461	1380
2461.91	1416
2462.83	1382
2463.74	1367
2464.66	1347
2465.57	1398
2466.49	1413
2467.4	1386
2468.31	1413
2469.23	1418
2470.14	1399
2471.06	1419
2471.97	1378
2472.88	1372
2473.8	1387
2474.71	1386
2475.62	1381
2476.54	1370
2477.45	1431
2478.36	1337
2479.28	1398
2480.19	1406
2481.1	1372
2482.01	1381
2482.93	1388
2483.84	1381
2484.75	1401
2485.66	1340
2486.57	1372
2487.49	1408
2488.4	1358
2489.31	1345
2490.22	1377
2491.13	1379
2492.04	1375
2492.95	1373
2493.86	1375
2494.77	1359
2495.68	1387
2496.59	1375
2497.5	1374
2498.41	1378
2499.32	1353
2500.23	1369
2501.14	1354
2502.05	1371
2502.96	1362
2503.87	1378
2504.78	1358
2505.69	1331
2506.6	1377
2507.5	1334
2508.41	1384
2509.32	1353
2510.23	1409
2511.14	1380
2512.04	1367
2512.95	1373
2513.86	1358
2514.77	1391
2515.68	1380
2516.58	1377
2517.49	1386
2518.4	1412
2519.3	1368
2520.21	1380
2521.12	1363
2522.02	1399
2522.93	1347
2523.83	1375
2524.74	1382
2525.65	1424
2526.55	1402
2527.46	1379
2528.36	1438
2529.27	1384
2530.17	1384
2531.08	1396
2531.98	1363
2532.89	1417
2533.79	1410
2534.7	1437
2535.6	1403
2536.51	1407
2537.41	1384
2538.32	1425
2539.22	1441
2540.12	1409
2541.03	1453
2541.93	1427
2542.83	1448
2543.74	1430
2544.64	1406
2545.54	1446
2546.45	1432
2547.35	1424
2548.25	1421
2549.15	1390
2550.06	1427
2550.96	1417
2551.86	1402
2552.76	1427
2553.66	1453
2554.57	1404
2555.47	1454
2556.37	1411
2557.27	1409
2558.17	1372
2559.07	1417
2559.97	1408
2560.87	1386
2561.77	1370
2562.67	1391
2563.57	1360
2564.47	1409
2565.37	1402
2566.27	1418
2567.17	1396
2568.07	1382
2568.97	1381
2569.87	1417
2570.77	1381
2571.67	1395
2572.57	1377
2573.47	1386
2574.37	1389
2575.27	1374
2576.16	1367
2577.06	1388
2577.96	1398
2578.86	1371
2579.76	1409
2580.65	1381
2581.55	1372
2582.45	1398
2583.35	1373
2584.24	1407
2585.14	1369
2586.04	1410
2586.94	1386
2587.83	1387
2588.73	1363
2589.62	1414
2590.52	1359
2591.42	1367
2592.31	1398
2593.21	1386
2594.1	1427
2595	1389
2595.9	1405
2596.79	1385
2597.69	1369
2598.58	1397
2599.48	1372
2600.37	1389
2601.27	1394
2602.16	1377
2603.06	1386
2603.95	1346
2604.84	1382
2605.74	1348
2606.63	1334
2607.53	1349
2608.42	1401
2609.31	1346
2610.21	1335
2611.1	1354
2611.99	1355
2612.89	1343
2613.78	1316
2614.67	1314
2615.57	1341
2616.46	1323
2617.35	1333
2618.24	1348
2619.14	1326
2620.03	1339
2620.92	1320
2621.81	1301
2622.7	1323
2623.59	1271
2624.48	1314
2625.38	1316
2626.27	1275
2627.16	1311
2628.05	1305
2628.94	1290
2629.83	1278
2630.72	1263
2631.61	1275
2632.5	1269
2633.39	1265
2634.28	1241
2635.17	1202
2636.06	1212
2636.95	1219
2637.84	1213
2638.73	1207
2639.62	1218
2640.51	1221
2641.4	1200
2642.28	1229
2643.17	1219
2644.06	1224
2644.95	1203
2645.84	1175
2646.73	1196
2647.61	1231
2648.5	1199
2649.39	1218
2650.28	1239
2651.17	1182
2652.05	1225
2652.94	1204
2653.83	1194
2654.71	1206
2655.6	1184
2656.49	1179
2657.37	1215
2658.26	1217
2659.15	1205
2660.03	1211
2660.92	1241
2661.8	1206
2662.69	1217
2663.58	1208
2664.46	1202
2665.35	1212
2666.23	1222
2667.12	1217
2668	1252
2668.89	1214
2669.77	1251
2670.66	1235
2671.54	1245
2672.43	1236
2673.31	1267
2674.19	1247
2675.08	1286
2675.96	1220
2676.84	1228
2677.73	1235
2678.61	1219
2679.5	1234
2680.38	1240
2681.26	1241
2682.14	1245
2683.03	1240
2683.91	1256
2684.79	1256
2685.68	1226
2686.56	1277
2687.44	1227
2688.32	1228
2689.2	1269
2690.09	1239
2690.97	1258
2691.85	1300
2692.73	1281
2693.61	1270
2694.49	1301
2695.37	1291
2696.25	1297
2697.14	1343
2698.02	1344
2698.9	1331
2699.78	1318
2700.66	1355
2701.54	1342
2702.42	1384
2703.3	1402
2704.18	1386
2705.06	1391
2705.94	1414
2706.81	1388
2707.69	1426
2708.57	1440
2709.45	1438
2710.33	1391
2711.21	1459
2712.09	1458
2712.97	1457
2713.84	1412
2714.72	1468
2715.6	1453
2716.48	1459
2717.36	1435
2718.23	1435
2719.11	1477
2719.99	1442
2720.87	1441
2721.74	1448
2722.62	1490
2723.5	1431
2724.37	1425
2725.25	1433
2726.13	1432
2727	1438
2727.88	1406
2728.76	1415
2729.63	1429
2730.51	1434
2731.38	1442
2732.26	1403
2733.14	1401
2734.01	1431
2734.89	1441
2735.76	1462
2736.64	1451
2737.51	1458
2738.39	1473
2739.26	1462
2740.13	1461
2741.01	1506
2741.88	1488
2742.76	1459
2743.63	1478
2744.5	1527
2745.38	1517
2746.25	1482
2747.13	1520
2748	1525
2748.87	1536
2749.75	1506
2750.62	1570
2751.49	1514
2752.36	1542
2753.24	1524
2754.11	1539
2754.98	1538
2755.85	1513
2756.73	1569
2757.6	1547.5
2758.47	1526
2759.34	1567
2760.21	1542
2761.08	1607
2761.96	1567
2762.83	1569
2763.7	1557
2764.57	1575
2765.44	1557
2766.31	1596
2767.18	1641
2768.05	1599
2768.92	1641
2769.79	1638
2770.66	1652
2771.53	1649
2772.4	1689
2773.27	1676
2774.14	1674
2775.01	1726
2775.88	1731
2776.75	1743
2777.62	1749
2778.49	1790
2779.36	1800
2780.22	1775
2781.09	1841
2781.96	1864
2782.83	1874
2783.7	1868
2784.57	1948
2785.43	1926
2786.3	1953
2787.17	1984
2788.04	1981
2788.9	2065
2789.77	2059
2790.64	2086
2791.5	2134
2792.37	2212
2793.24	2236
2794.1	2231
2794.97	2268
2795.84	2325
2796.7	2377
2797.57	2400
2798.44	2497
2799.3	2546
2800.17	2613
2801.03	2653
2801.9	2782
2802.76	2789
2803.63	2954
2804.5	2981
2805.36	3053
2806.23	3209
2807.09	3335
2807.95	3487
2808.82	3609
2809.68	3791
2810.55	3979
2811.41	4260
2812.28	4463
2813.14	4603
2814	4989
2814.87	5231
2815.73	5571
2816.59	5956
2817.46	6311
2818.32	6710
2819.18	7179
2820.05	7701
2820.91	8265
2821.77	8848
2822.63	9429
2823.5	10101
2824.36	10650
2825.22	11365
2826.08	11990
2826.94	12596
2827.81	13179
2828.67	13616
2829.53	13860
2830.39	14016
2831.25	14077
2832.11	13813
2832.98	13621
2833.84	13231
2834.7	12580
2835.56	12150
2836.42	11513
2837.28	10936
2838.14	10283
2839	9690
2839.86	9073
2840.72	8530
2841.58	7957
2842.44	7554
2843.3	7067
2844.16	6685
2845.02	6415
2845.88	6019
2846.73	5845
2847.59	5592
2848.45	5432
2849.31	5155
2850.17	5046
2851.03	4879
2851.89	4836
2852.74	4708
2853.6	4566
2854.46	4530
2855.32	4470
2856.18	4415
2857.03	4379
2857.89	4434
2858.75	4419
2859.6	4437
2860.46	4422
2861.32	4468
2862.18	4516
2863.03	4602
2863.89	4573
2864.74	4646
2865.6	4779
2866.46	4866
2867.31	4963
2868.17	4984
2869.03	5108
2869.88	5185
2870.74	5279
2871.59	5340
2872.45	5350
2873.3	5375
2874.16	5468
2875.01	5471
2875.87	5493
2876.72	5535
2877.58	5470
2878.43	5462
2879.29	5398
2880.14	5529
2880.99	5409
2881.85	5417
2882.7	5415
2883.55	5363
2884.41	5399
2885.26	5372
2886.12	5416
2886.97	5369
2887.82	5321
2888.68	5367
2889.53	5436
2890.38	5411
2891.23	5428
2892.09	5429
2892.94	5358
2893.79	5399
2894.64	5403
2895.49	5459
2896.35	5445
2897.2	5522
2898.05	5523
2898.9	5551
2899.75	5656
2900.6	5759
2901.45	5807
2902.31	5852
2903.16	5982
2904.01	6149
2904.86	6201
2905.71	6264
2906.56	6373
2907.41	6548
2908.26	6669
2909.11	6833
2909.96	6957
2910.81	7038
2911.66	7182
2912.51	7330
2913.36	7469
2914.21	7723
2915.06	7856
2915.9	8139
2916.75	8384
2917.6	8623
2918.45	8923
2919.3	9188
2920.15	9447
2921	9733
2921.84	10188
2922.69	10513
2923.54	10674
2924.39	10920
2925.24	11021
2926.08	11318
2926.93	11454
2927.78	11430
2928.63	11506
2929.47	11518
2930.32	11612
2931.17	11639
2932.01	11658
2932.86	11696
2933.71	11670
2934.55	11770
2935.4	11797
2936.25	11716
2937.09	11705
2937.94	11608
2938.78	11628
2939.63	11432
2940.47	11451
2941.32	11319
2942.16	11070
2943.01	10887
2943.86	10680.6
2944.7	10398.8
2945.54	10201.6
2946.39	9851.19
2947.23	9565.54
2948.08	9236.91
2948.92	8883.19
2949.77	8552.46
2950.61	8366.62
2951.45	8047.84
2952.3	7759.49
2953.14	7551.79
2953.99	7286.08
2954.83	7058.74
2955.67	6818.02
2956.52	6692.92
2957.36	6542.21
2958.2	6466.86
2959.04	6317.38
2959.89	6240.26
2960.73	6104.88
2961.57	6042.12
2962.41	5965.37
2963.26	5966.55
2964.1	5905.65
2964.94	5941.34
2965.78	5899.48
2966.62	5837.64
2967.47	5856.75
2968.31	5835.97
2969.15	5793.44
2969.99	5804.43
2970.83	5687.14
2971.67	5663.22
2972.51	5666.29
2973.35	5586.4
2974.19	5550.88
2975.04	5440.1
2975.88	5368.13
2976.72	5298.01
2977.56	5179.42
2978.4	5060.61
2979.24	4958.67
2980.08	4874.4
2980.92	4786.36
2981.76	4697.17
2982.6	4555.58
2983.43	4505.33
2984.27	4394.15
2985.11	4313.98
2985.95	4198.98
2986.79	4115.92
2987.63	4035.71
2988.47	3977.4
2989.31	3895.98
2990.14	3821.96
2990.98	3721.3
2991.82	3635.57
2992.66	3615.65
2993.5	3521.7
2994.33	3445.12
2995.17	3402.95
2996.01	3325.63
2996.85	3248.06
2997.68	3154.36
2998.52	3137.32
2999.36	3072.61
3000.2	3035.71
3001.03	2940.53
3001.87	2868.42
3002.71	2881.68
3003.54	2824.25
3004.38	2737.77
3005.21	2714.83
3006.05	2658.6
3006.89	2655.01
3007.72	2577.43
3008.56	2578.5
3009.39	2547.97
3010.23	2554.44
3011.06	2490.17
3011.9	2461.24
3012.74	2421.34
3013.57	2385.47
3014.41	2376
3015.24	2314.94
3016.07	2328.58
3016.91	2291.3
3017.74	2270.62
3018.58	2282.33
3019.41	2238.68
3020.25	2193.8
3021.08	2182.03
3021.91	2153.35
3022.75	2122.52
3023.58	2129.34
3024.41	2154.4
3025.25	2133.69
3026.08	2081.09
3026.91	2058.99
3027.75	2027.01
3028.58	2041.09
3028.73	2046
3029.57	1998
3030.4	2012
3031.24	1975
3032.08	1981
3032.92	1966
3033.75	1978
3034.59	1962
3035.42	1989
3036.26	1887
3037.1	1890
3037.93	1886
3038.77	1901
3039.61	1888
3040.44	1882
3041.28	1849
3042.11	1819
3042.95	1842
3043.78	1793
3044.62	1811
3045.45	1858
3046.29	1794
3047.12	1801
3047.96	1813
3048.79	1776
3049.63	1786
3050.46	1724
3051.29	1759
3052.13	1724
3052.96	1725
3053.8	1737
3054.63	1701
3055.46	1699
3056.3	1703
3057.13	1725
3057.96	1692
3058.8	1683
3059.63	1671
3060.46	1697
3061.3	1624
3062.13	1648
3062.96	1647
3063.79	1653
3064.63	1635
3065.46	1619
3066.29	1650
3067.12	1613
3067.95	1609
3068.79	1605
3069.62	1603
3070.45	1617
3071.28	1571
3072.11	1604
3072.94	1547
3073.77	1565
3074.6	1549
3075.44	1551
3076.27	1585
3077.1	1550
3077.93	1538.5
3078.76	1527
3079.59	1523
3080.42	1537
3081.25	1543
3082.08	1531
3082.91	1472
3083.74	1506
3084.57	1520
3085.4	1515
3086.23	1485
3087.05	1517
3087.88	1497
3088.71	1492
3089.54	1482
3090.37	1523
3091.2	1471
3092.03	1507
3092.86	1487
3093.68	1439
3094.51	1485
3095.34	1481
3096.17	1484
3097	1428
3097.82	1470
3098.65	1490
3099.48	1423
3100.31	1476
3101.13	1446
3101.96	1470
3102.79	1456
3103.61	1435
3104.44	1474
3105.27	1455
3106.09	1441
3106.92	1429
3107.75	1426
3108.57	1417
3109.4	1417
3110.22	1413
3111.05	1407
3111.88	1372
3112.7	1428
3113.53	1372
3114.35	1393
3115.18	1377
3116	1362
3116.83	1413
3117.65	1421
3118.48	1362
3119.3	1348
3120.13	1375
3120.95	1371
3121.77	1372
3122.6	1341
3123.42	1404
3124.25	1365
3125.07	1330
3125.89	1378
3126.72	1357
3127.54	1352
3128.36	1343
3129.19	1335
3130.01	1330
3130.83	1358
3131.66	1340
3132.48	1371
3133.3	1321
3134.13	1350
3134.95	1319
3135.77	1337
3136.59	1307
3137.41	1316
3138.24	1322
3139.06	1317
3139.88	1339
3140.7	1307
3141.52	1313
3142.34	1327
3143.17	1299
3143.99	1322
3144.81	1327
3145.63	1323
3146.45	1293
3147.27	1316
3148.09	1307
3148.91	1328
3149.73	1321
3150.55	1291
3151.37	1311
3152.19	1323
3153.01	1308
3153.83	1282
3154.65	1307
3155.47	1274
3156.29	1312
3157.11	1271
3157.93	1277
3158.75	1306
3159.57	1293
3160.39	1293
3161.2	1313
3162.02	1295
3162.84	1318
3163.66	1309
3164.48	1289
3165.3	1282
3166.12	1331
3166.93	1300
3167.75	1281
3168.57	1288
3169.39	1269
3170.2	1281
3171.02	1262
3171.84	1271
3172.65	1316
3173.47	1313
3174.29	1305
3175.11	1326
3175.92	1287
3176.74	1308
3177.56	1295
3178.37	1304
3179.19	1326
3180	1322
3180.82	1334
3181.64	1282
3182.45	1284
3183.27	1303
3184.08	1304
3184.9	1291
3185.71	1341
3186.53	1327
3187.34	1334
3188.16	1337
3188.97	1309
3189.79	1330
3190.6	1346
3191.42	1307
3192.23	1346
3193.05	1362
3193.86	1341
3194.67	1353
3195.49	1356
3196.3	1382
3197.12	1356
3197.93	1346
3198.74	1372
3199.56	1378
3200.37	1390
3201.18	1368
3202	1369
3202.81	1357
3203.62	1358
3204.43	1359
3205.25	1382
3206.06	1346
3206.87	1426
3207.68	1389
3208.5	1426
3209.31	1388
3210.12	1391
3210.93	1413
3211.74	1390
3212.56	1414
3213.37	1422
3214.18	1413
3214.99	1415
3215.8	1423
3216.61	1417
3217.42	1414
3218.23	1417
3219.04	1447
3219.85	1431
3220.66	1432
3221.47	1443
3222.28	1438
3223.09	1430
3223.91	1444
3224.71	1469
3225.52	1445
3226.33	1454
3227.14	1441
3227.95	1487
3228.76	1469
3229.57	1482
3230.38	1490
3231.19	1485
3232	1477
3232.81	1437
3233.62	1471
3234.42	1488
3235.23	1505
3236.04	1516
3236.85	1476
3237.66	1516
3238.47	1513
3239.27	1505
3240.08	1517
3240.89	1487
3241.7	1490
3242.5	1519
3243.31	1501
3244.12	1503
3244.92	1519
3245.73	1533
3246.54	1526
3247.34	1552
3248.15	1522
3248.96	1533
3249.76	1552
3250.57	1552
3251.38	1559
3252.18	1541
3252.99	1503
3253.79	1565
3254.6	1569
3255.41	1522
3256.21	1543
3257.02	1580
3257.82	1527
3258.63	1548
3259.43	1586
3260.24	1556
3261.04	1593
3261.85	1568
3262.65	1593
3263.46	1583
3264.26	1538
3265.06	1580
3265.87	1567
3266.67	1541
3267.48	1581
3268.28	1591
3269.08	1551
3269.89	1551
3270.69	1570
3271.49	1544
3272.3	1590
3273.1	1586
3273.9	1571
3274.71	1555
3275.51	1574
3276.31	1600
3277.11	1573
3277.92	1569
3278.72	1536
3279.52	1571
3280.32	1583
3281.13	1559
3281.93	1574
3282.73	1559
3283.53	1614
3284.33	1610
3285.13	1565
3285.93	1561
3286.74	1578
3287.54	1589
3288.34	1578
3289.14	1592
3289.94	1612
3290.74	1569
3291.54	1563
3292.34	1584
3293.14	1584
3293.94	1602
3294.74	1553
3295.54	1597
3296.34	1569
3297.14	1568
3297.94	1542
3298.74	1590
3299.54	1566
3300.34	1562
3301.14	1555
3301.94	1572
3302.74	1586
3303.53	1556
3304.33	1576
3305.13	1591
3305.93	1561
3306.73	1573
3307.53	1581
3308.33	1584
3309.12	1574
3309.92	1589
3310.72	1553
3311.52	1562
3312.32	1567
3313.11	1601
3313.91	1578
3314.71	1599
3315.5	1597
3316.3	1588
3317.1	1576
3317.9	1592
3318.69	1574
3319.49	1591
3320.29	1554
3321.08	1567
3321.88	1562
3322.67	1554
3323.47	1579
3324.27	1555
3325.06	1634
3325.86	1594
3326.65	1588
3327.45	1572
3328.24	1588
3329.04	1626
3329.84	1559
3330.63	1608
3331.43	1573
3332.22	1579
3333.01	1602
3333.81	1572
3334.6	1533
3335.4	1595
3336.19	1583
3336.99	1621
3337.78	1584
3338.58	1583
3339.37	1579
3340.16	1555
3340.96	1572
3341.75	1565
3342.54	1586
3343.34	1566
3344.13	1568
3344.92	1550
3345.72	1551
3346.51	1539
3347.3	1565
3348.1	1555
3348.89	1598
3349.68	1536
3350.47	1561
3351.26	1545
3352.06	1573
3352.85	1520
3353.64	1566
3354.43	1552
3355.22	1572
3356.02	1588
3356.81	1556
3357.6	1507
3358.39	1561
3359.18	1523
3359.97	1504
3360.76	1535
3361.55	1526
3362.34	1527
3363.13	1522
3363.93	1523
3364.72	1488
3365.51	1509
3366.3	1518
3367.09	1537
3367.88	1521
3368.67	1531
3369.46	1519
3370.25	1493
3371.03	1496
3371.82	1479
3372.61	1504
3373.4	1482
3374.19	1510
3374.98	1496
3375.77	1492
3376.56	1456
3377.35	1484
3378.14	1487
3378.92	1517
3379.71	1477
3380.5	1498
3381.29	1488
3382.08	1516
3382.86	1468
3383.65	1466
3384.44	1462
3385.23	1471
3386.01	1467
3386.8	1433
3387.59	1441
3388.38	1455
3389.16	1462
3389.95	1449
3390.74	1449
3391.52	1446
3392.31	1440
3393.1	1483
3393.88	1403
3394.67	1414
3395.45	1425
3396.24	1420
3397.03	1398
3397.81	1426
3398.6	1421
3399.38	1411
3400.17	1434
3400.95	1417
3401.74	1425
3402.52	1407
3403.31	1377
3404.09	1381
3404.88	1402
3405.66	1365
3406.45	1363
3407.23	1370
3408.02	1383
3408.8	1376
3409.59	1382
3410.37	1388
3411.15	1369
3411.94	1360
3412.72	1357
3413.51	1351
3414.29	1366
3415.07	1347
3415.86	1309
3416.64	1350
3417.42	1341
3418.2	1341
3418.99	1344
3419.77	1365
3420.55	1312
3421.34	1351
3422.12	1305
3422.9	1323
3423.68	1313
3424.47	1330
3425.25	1325
3426.03	1305
3426.81	1321
3427.59	1235
3428.37	1334
3429.16	1325
3429.94	1277
3430.72	1300
3431.5	1297
3432.28	1297
3433.06	1323
3433.84	1304
3434.62	1315
3435.4	1313
3436.18	1267
3436.96	1281
3437.74	1283
3438.52	1260
3439.3	1273
3440.08	1243
3440.86	1266
3441.64	1274
3442.42	1236
3443.2	1251
3443.98	1259
3444.76	1240
3445.54	1290
3446.32	1246
3447.1	1235
3447.88	1227
3448.66	1229
3449.43	1222
3450.21	1265
3450.99	1208
3451.77	1232
3452.55	1210
3453.33	1208
3454.11	1208
3454.88	1192
3455.66	1242
3456.44	1200
3457.22	1236
3457.99	1232
3458.77	1217
3459.55	1203
3460.32	1192
3461.1	1154
3461.88	1201
3462.66	1193
3463.43	1182
3464.21	1177
3464.99	1171
3465.76	1152
3466.54	1196
3467.31	1178
3468.09	1165
3468.87	1154
3469.64	1139
3470.42	1162
3471.19	1148
3471.97	1162
3472.74	1139
3473.52	1134
3474.3	1129
3475.07	1101
3475.85	1128
3476.62	1106
3477.4	1102
3478.17	1109
3478.94	1117
3479.72	1124
3480.49	1100
3481.27	1096
3482.04	1078
3482.82	1082
3483.59	1091
3484.36	1097
3485.14	1074
3485.91	1096
3486.68	1107
3487.46	1067
3488.23	1087
3489	1092
3489.78	1073
3490.55	1050
3491.32	1064
3492.1	1066
3492.87	1038
3493.64	1064
3494.41	1027
3495.19	1062
3495.96	1022
3496.73	1040
3497.5	1062
3498.27	1032
3499.05	1055
3499.82	1037
3500.59	1015
3501.36	1019
3502.13	987
3502.9	1020
3503.67	1010
3504.45	983
3505.22	1031
3505.99	1007
3506.76	976
3507.53	998
3508.3	987
3509.07	1002
3509.84	1041
3510.61	1017
3511.38	981
3512.15	983
3512.92	939
3513.69	964
3514.46	989
3515.23	982
3516	974
3516.77	960
3517.54	978
3518.31	953
3519.08	982
3519.85	984
3520.61	952
3521.38	958
3522.15	952
3522.92	931
3523.69	956
3524.46	939
3525.22	933
3525.99	927
3526.76	952
3527.53	922
3528.3	933
3529.06	911
3529.83	903
3530.6	909
3531.37	876
3532.13	921
3532.9	910
3533.67	875
3534.44	903
3535.2	878
3535.97	907
3536.74	874
3537.5	909
3538.27	877
3539.04	897
3539.8	881
3540.57	881
3541.33	926
3542.1	912
3542.86	864
3543.63	880
3544.4	870
3545.16	877
3545.93	864
3546.69	860
3547.46	870
3548.22	867
3548.99	825
3549.75	866
3550.52	837
3551.28	857
3552.05	831
3552.81	860
3553.58	881
3554.34	845
3555.1	840
3555.87	829
3556.63	822
3557.4	829
3558.16	827
3558.92	850
3559.69	849
3560.45	841
3561.21	826
3561.98	822
3562.74	830
3563.5	809
3564.27	832
3565.03	820
3565.79	816
3566.55	815
3567.32	819
3568.08	785
3568.84	818
3569.6	782
3570.36	800
3571.13	797
3571.89	802
3572.65	765
3573.41	795
3574.17	811
3574.93	792
3575.7	788
3576.46	805
3577.22	767
3577.98	802
3578.74	779
3579.5	789
3580.26	783
3581.02	786
3581.78	752
3582.54	761
3583.3	777
3584.06	753
3584.82	791
3585.58	780
3586.34	777
3587.1	770
3587.86	763
3588.62	747
3589.38	752
3590.14	751
3590.9	746
3591.66	723
3592.42	751
3593.18	737
3593.94	770
3594.69	745
3595.45	728
3596.21	726
3596.97	731
3597.73	743
3598.49	756
3599.24	723
3600	720
3600.76	722
3601.52	721
3602.28	720
3603.03	725
3603.79	728
3604.55	714
3605.31	716
3606.06	723
3606.82	718
3607.58	699
3608.33	707
3609.09	711
3609.85	733
3610.6	741
3611.36	701
3612.12	721
3612.87	699
3613.63	702
3614.38	695
3615.14	703
3615.9	704
3616.65	694
3617.41	697
3618.16	692
3618.92	687
3619.67	692
3620.43	691
3621.18	694
3621.94	679
3622.69	680
3623.45	666
3624.2	688
3624.96	676
3625.71	695
3626.47	692
3627.22	660
3627.97	683
3628.73	666
3629.48	677
3630.24	652
3630.99	662
3631.74	681
3632.5	676
3633.25	649
3634	677
3634.76	674
3635.51	656
3636.26	657
3637.02	651
3637.77	670
3638.52	642
3639.27	649
3640.03	658
3640.78	647
3641.53	633
3642.28	649
3643.04	644
3643.79	635
3644.54	649
3645.29	630
3646.04	617
3646.79	634
3647.55	593
3648.3	667
3649.05	623
3649.8	629
3650.55	603
3651.3	637
3652.05	628
3652.8	630
3653.55	624
3654.3	627
3655.06	628
3655.81	630
3656.56	622
3657.31	610
3658.06	622
3658.81	621
3659.56	627
3660.31	639
3661.06	626
3661.8	624
3662.55	619
3663.3	617
3664.05	595
3664.8	583
3665.55	623
3666.3	625
3667.05	604
3667.8	597
3668.55	606
3669.29	620
3670.04	610
3670.79	607
3671.54	606
3672.29	605
3673.04	619
3673.78	618
3674.53	586
3675.28	610
3676.03	599
3676.77	610
3677.52	616
3678.27	614
3679.02	622.062
3679.76	595.487
3680.51	611.989
3681.26	620.952
3682	593.524
3682.75	582.645
3683.5	589.914
3684.24	602.25
3684.99	587.971
3685.74	598.851
3686.48	587.595
3687.23	591.753
3687.97	595.296
3688.72	584.397
3689.47	594.623
3690.21	601.565
3690.96	576.734
3691.7	589.038
3692.45	570.637
3693.19	598.378
3693.94	599.094
3694.68	590.94
3695.43	586.488
3696.17	582.944
3696.92	569.152
3697.66	585.381
3698.41	587.495
3699.15	579.158
3699.9	614.711
3700.64	596.906
3701.38	591.696
3702.13	588.248
3702.87	593.608
3703.62	596.162
3704.36	570.076
3705.1	578.418
3705.85	587.591
3706.59	586.258
3707.33	576.07
3708.08	588.313
3708.82	569.885
3709.56	594.361
3710.31	580.476
3711.05	568.914
3711.79	562.269
3712.53	577.289
3713.28	564.959
3714.02	576.699
3714.76	576.408
3715.5	576.924
3716.25	562.611
3716.99	571.574
3717.73	564.104
3718.47	567.407
3719.21	555.041
3719.96	565.943
3720.7	583.383
3721.44	576.852
3722.18	560.069
3722.92	560.502
3723.66	568.393
3724.4	554.917
3725.14	572.217
3725.88	568.957
3726.63	580.602
3727.37	571.068
3728.11	558.653
3728.85	559.648
3729.59	560.814
3730.33	557.785
3731.07	570.026
3731.81	551.139
3732.55	572.001
3733.29	548.805
3734.03	547.993
3734.77	559.843
3735.51	562.283
3736.25	552.36
3736.99	567.964
3737.72	547.547
3738.46	557.345
3739.2	558.474
3739.94	562.76
3740.68	554.848
3741.42	563.733
3742.16	562.536
3742.9	579.003
3743.63	563.184
3744.37	570.633
3745.11	552.611
3745.85	568.007
3746.59	552.228
3747.32	561.778
3748.06	576.243
3748.8	545.739
3749.54	557.068
3750.27	564.875
3751.01	559.258
3751.75	562.241
3752.49	559.583
3753.22	562.673
3753.27	563
3754.01	559
3754.75	577
3755.49	559
3756.23	556
3756.97	566
3757.71	563
3758.45	560
3759.2	569
3759.94	558
3760.68	571
3761.42	564
3762.16	569
3762.9	573
3763.64	550
3764.38	567
3765.12	551
3765.86	566
3766.59	568
3767.33	558
3768.07	569
3768.81	553
3769.55	593
3770.29	570
3771.03	561
3771.77	567
3772.51	566
3773.25	584
3773.99	563
3774.72	570
3775.46	548
3776.2	576
3776.94	565
3777.68	556
3778.41	574
3779.15	566
3779.89	559
3780.63	573
3781.37	556
3782.1	544
3782.84	577
3783.58	571
3784.31	585
3785.05	565
3785.79	561
3786.53	593
3787.26	572
3788	561
3788.74	556.5
3789.47	552
3790.21	583
3790.94	570
3791.68	567
3792.42	582
3793.15	588
3793.89	570
3794.62	575
3795.36	581
3796.1	562
3796.83	582
3797.57	577.5
3798.3	573
3799.04	559
3799.77	568
3800.51	597
3801.24	574
3801.98	549
3802.71	577
3803.45	585
3804.18	558
3804.92	582
3805.65	556
3806.38	552
3807.12	556
3807.85	572
3808.59	578
3809.32	583
3810.05	562
3810.79	565
3811.52	553
3812.25	554
3812.99	581
3813.72	587
3814.45	565
3815.19	570
3815.92	559
3816.65	571
3817.39	571
3818.12	561
3818.85	549
3819.58	557
3820.32	560
3821.05	597
3821.78	559
3822.51	572
3823.24	564
3823.98	551
3824.71	551
3825.44	553
3826.17	567
3826.9	563
3827.63	527
3828.36	557
3829.1	547
3829.83	535
3830.56	551
3831.29	549
3832.02	546
3832.75	563
3833.48	560
3834.21	559
3834.94	567
3835.67	543
3836.4	571
3837.13	547
3837.86	567
3838.59	558
3839.32	532
3840.05	551
3840.78	547
3841.51	555
3842.24	527
3842.97	562
3843.7	566
3844.43	564
3845.16	537
3845.89	545
3846.62	564
3847.34	545
3848.07	554
3848.8	548
3849.53	535
3850.26	549
3850.99	551
3851.72	541
3852.44	540
3853.17	535
3853.9	546
3854.63	532
3855.36	533
3856.08	535
3856.81	519
3857.54	545
3858.26	528
3858.99	547
3859.72	532
3860.45	526
3861.17	516
3861.9	516
3862.63	529
3863.35	529
3864.08	529
3864.81	531
3865.53	538
3866.26	520
3866.99	537
3867.71	507
3868.44	511
3869.16	521
3869.89	518
3870.61	504
3871.34	515
3872.07	518
3872.79	537
3873.52	519
3874.24	514
3874.97	535
3875.69	548
3876.42	533
3877.14	495
3877.87	518
3878.59	533
3879.31	530
3880.04	527
3880.76	518
3881.49	507
3882.21	515
3882.94	509
3883.66	516
3884.38	510
3885.11	499
3885.83	495
3886.55	508
3887.28	508
3888	512
3888.72	527
3889.45	500
3890.17	515
3890.89	518
3891.62	521
3892.34	509
3893.06	504
3893.79	514
3894.51	520
3895.23	511
3895.95	532
3896.67	514
3897.4	505
3898.12	522
3898.84	513
3899.56	514
3900.28	507
3901.01	487
3901.73	474
3902.45	493
3903.17	498
3903.89	501
3904.61	507
3905.33	505
3906.05	506
3906.78	511
3907.5	492
3908.22	495
3908.94	531
3909.66	519
3910.38	503
3911.1	494
3911.82	515
3912.54	531
3913.26	499
3913.98	498
3914.7	509
3915.42	504
3916.14	516
3916.86	499
3917.58	502
3918.3	503
3919.02	502
3919.73	501
3920.45	516
3921.17	497
3921.89	507
3922.61	497
3923.33	490
3924.05	507
3924.77	525
3925.48	510
3926.2	522
3926.92	505
3927.64	529
3928.36	505
3929.08	515
3929.79	507
3930.51	506
3931.23	504
3931.95	483
3932.66	492
3933.38	508
3934.1	505
3934.82	502
3935.53	505
3936.25	491
3936.97	520
3937.68	502
3938.4	487
3939.12	500
3939.83	504
3940.55	494
3941.27	501
3941.98	503
3942.7	511
3943.41	504
3944.13	491
3944.85	477
3945.56	482
3946.28	499
3946.99	504
3947.71	493
3948.42	486
3949.14	513
3949.85	505
3950.57	508
3951.28	512
3952	506
3952.71	500
3953.43	507
3954.14	494
3954.86	492
3955.57	482
3956.29	495
3957	510
3957.71	492
3958.43	506
3959.14	493
3959.86	482
3960.57	514
3961.28	496
3962	487
3962.71	512
3963.42	463
3964.14	496
3964.85	513
3965.56	492
3966.28	483
3966.99	490
3967.7	510
3968.41	498
3969.13	495
3969.84	487
3970.55	485
3971.26	485
3971.98	497
3972.69	493
3973.4	500
3974.11	486
3974.83	481
3975.54	496
3976.25	476
3976.96	502
3977.67	489
3978.38	479
3979.09	495
3979.81	502
3980.52	493
3981.23	482
3981.94	498
3982.65	503
3983.36	475
3984.07	490
3984.78	499
3985.49	471
3986.2	482
3986.91	492
3987.62	495
3988.33	480
3989.04	500
3989.75	470
3990.46	492
3991.17	490
3991.88	477
3992.59	489
3993.3	497
3994.01	489
3994.72	495
3995.43	473
3996.14	497
3996.85	483
3997.56	494
3998.26	457
3998.97	497
3999.68	498
