50.6108	31996
51.4372	31623
52.2635	31388
53.0887	30893
53.9148	30437
54.7407	29994
55.5656	29478
56.3914	29286
57.2161	28450
58.0416	28267
58.8671	27880
59.6914	27392
60.5166	27068
61.3408	26526
62.1658	26084
62.9897	25387
63.8145	25385
64.6382	25028
65.4628	24367
66.2863	24322
67.1107	23597
67.9339	23251
68.7581	22817
69.5812	22247
70.4051	21829
71.228	21511
72.0517	21089
72.8743	20756
73.6978	20362
74.5203	19981
75.3436	19550
76.1658	19302
76.9879	18986
77.8109	18618
78.6328	18459
79.4555	17992
80.2772	17756
81.0988	17398
81.9212	17166
82.7426	17020
83.5638	16677
84.3859	16332
85.207	16105
86.0279	15846
86.8497	15606
87.6704	15248
88.491	14882
89.3115	14884
90.1329	14574
90.9532	14336
91.7734	14178
92.5935	13888
93.4144	13666
94.2343	13433
95.0541	13217
95.8737	12966
96.6933	12851
97.5137	12574
98.333	12450
99.1523	12265
99.9714	11991
100.79	11834
101.609	11653
102.429	11526
103.248	11359
104.066	11274
104.885	10927
105.703	10905
106.522	10646
107.34	10539
108.158	10380
108.976	10148
109.794	10063
110.612	9962
111.43	9737
112.247	9620
113.065	9437
113.882	9309
114.699	9165
115.517	9021
116.334	8896
117.15	8730
117.967	8612
118.784	8440
119.6	8338
120.416	8216
121.232	8168
122.049	7959
122.865	7790
123.681	7699
124.497	7572
125.313	7364
126.128	7327
126.944	7265
127.76	7069
128.575	7108
129.389	6933
130.204	6773
131.02	6675
131.835	6532
132.649	6511
133.464	6385
134.278	6291
135.093	6199
135.907	6115
136.721	5927
137.535	5885
138.349	5817
139.163	5695
139.977	5684
140.79	5573
141.603	5447
142.417	5338
143.231	5353
144.043	5277
144.856	5162
145.67	5103
146.482	5024
147.295	4967
148.108	4898
148.919	4896
149.732	4788
150.545	4675
151.356	4649
152.169	4604
152.98	4546
153.792	4449
154.604	4424
155.415	4378
156.227	4320
157.038	4339
157.849	4232
158.66	4187
159.471	4145
160.282	4126
161.093	4044
161.903	4026
162.714	3943
163.524	3930
164.335	3849
165.145	3858
165.955	3769
166.765	3727
167.575	3699
168.384	3656
169.195	3656
170.004	3631
170.813	3550
171.623	3469
172.431	3415
173.241	3429
174.05	3457
174.858	3365
175.667	3373
176.476	3339
177.284	3321
178.093	3289
178.901	3251
179.709	3244
180.517	3203
181.325	3162
182.133	3076
182.941	3129
183.748	3110
184.556	3061
185.363	3026
186.171	3034
186.978	3019
187.784	2984
188.591	2990
189.399	2962
190.205	2888
191.012	2942
191.818	2894
192.624	2845
193.43	2818
194.237	2816
195.043	2728
195.849	2770
196.655	2763
197.46	2712
198.266	2695
199.071	2709
199.876	2648
200.682	2662
201.487	2653
202.292	2627
203.097	2614
203.902	2622
204.707	2619
205.511	2573
206.316	2565
207.12	2528
207.924	2527
208.728	2568
209.532	2504
210.336	2481
211.14	2495
211.944	2457
212.747	2452
213.551	2473
214.354	2437
215.158	2423
215.96	2440
216.763	2399
217.566	2425
218.369	2395
219.172	2373
219.974	2335
220.777	2318
221.579	2318
222.381	2249
223.183	2262
223.985	2280
224.787	2210
225.589	2269
226.391	2236
227.192	2233
227.994	2216
228.795	2182
229.597	2160
230.397	2169
231.198	2152
231.999	2136
232.8	2104
233.6	2104
234.401	2110
235.202	2087
236.003	2082
236.802	2076
237.603	2035
238.403	2033
239.202	2075
240.002	2006
240.801	2035
241.601	2019
242.401	1999
243.2	1989
244	2011
244.799	2001
245.597	2010
246.397	1966
247.195	1934
247.994	1972
248.792	2005
249.591	1937
250.389	1967
251.188	1911
251.985	1920
252.784	1897
253.581	1905
254.379	1899
255.177	1873
255.975	1911
256.772	1888
257.57	1880
258.366	1864
259.164	1878
259.961	1873
260.758	1867
261.555	1843
262.351	1860
263.148	1868
263.944	1844
264.74	1843
265.537	1841
266.333	1845
267.129	1812
267.925	1758
268.721	1813
269.516	1793
270.312	1779
271.107	1755
271.902	1748
272.698	1732
273.493	1748
274.288	1706
275.083	1717
275.878	1731
276.673	1682
277.467	1688
278.262	1708
279.057	1713
279.851	1688
280.645	1616
281.439	1661
282.232	1608
283.026	1648
283.821	1646
284.614	1640
285.407	1630
286.201	1650
286.994	1599
287.787	1572
288.58	1550
289.373	1554
290.165	1546
290.958	1569
291.752	1561
292.544	1543
293.336	1512
294.129	1510
294.921	1497
295.713	1523
296.505	1520
297.297	1514
298.089	1480
298.88	1479
299.672	1491
300.463	1464
301.255	1440
302.045	1441
302.836	1429
303.627	1444
304.418	1416
305.209	1447
306	1416
306.79	1427
307.581	1417
308.371	1371
309.161	1407
309.951	1376
310.741	1403
311.531	1391
312.321	1417
313.111	1406
313.9	1359
314.689	1345
315.479	1352
316.268	1409
317.058	1364
317.846	1347
318.635	1390
319.424	1365
320.213	1351
321.001	1321
321.79	1346
322.578	1313
323.366	1324
324.154	1284
324.943	1325
325.73	1342
326.518	1330
327.306	1338
328.093	1277
328.881	1312
329.668	1316
330.456	1308
331.243	1311
332.03	1294
332.817	1277
333.603	1318
334.39	1320
335.177	1318
335.963	1315
336.75	1282
337.536	1315
338.323	1306
339.108	1322
339.895	1298
340.68	1313
341.466	1307
342.252	1307
343.038	1342
343.823	1286
344.608	1326
345.393	1356
346.178	1326
346.964	1324
347.748	1314
348.532	1351
349.318	1345
350.102	1355
350.887	1333
351.671	1355
352.455	1334
353.24	1339
354.023	1359
354.807	1335
355.591	1329
356.375	1356
357.158	1335
357.941	1339
358.725	1300
359.508	1349
360.291	1372
361.074	1356
361.858	1335
362.641	1369
363.423	1378
364.205	1378
364.988	1368
365.771	1413
366.553	1438
367.335	1427
368.117	1475
368.899	1486
369.681	1517
370.463	1476
371.245	1534
372.026	1507
372.807	1506
373.589	1518
374.37	1484
375.151	1504
375.932	1469
376.713	1468
377.493	1442
378.274	1446
379.055	1450
379.835	1428
380.615	1404
381.396	1384
382.176	1324
382.956	1346
383.736	1340
384.516	1340
385.296	1325
386.075	1310
386.855	1293
387.634	1297
388.414	1268
389.193	1250
389.972	1280
390.751	1292
391.529	1289
392.308	1252
393.087	1284
393.866	1291
394.644	1269
395.423	1284
396.2	1251
396.978	1309
397.757	1285
398.535	1255
399.313	1272
400.09	1285
400.867	1274
401.645	1289
402.423	1316
403.199	1321
403.977	1284
404.754	1334
405.531	1367
406.307	1379
407.084	1360
407.861	1384
408.637	1412
409.414	1409
410.191	1417
410.966	1457
411.743	1473
412.518	1506
413.294	1483
414.07	1577
414.845	1561
415.621	1604
416.396	1670
417.172	1669
417.947	1727
418.722	1742
419.497	1832
420.272	1892
421.047	1897
421.822	1959
422.597	2065
423.371	2081
424.145	2221
424.919	2271
425.693	2286
426.468	2398
427.241	2408
428.016	2433
428.789	2510
429.562	2514
430.336	2506
431.109	2534
431.883	2575
432.656	2547
433.429	2508
434.203	2458
434.975	2441
435.748	2401
436.521	2329
437.293	2269
438.065	2242
438.839	2217
439.611	2112
440.382	2103
441.154	2047
441.927	2029
442.698	1963
443.47	1932
444.241	1864
445.014	1816
445.785	1796
446.556	1773
447.327	1698
448.098	1682
448.869	1663
449.64	1606
450.411	1570
451.182	1517
451.952	1534
452.722	1486
453.493	1461
454.263	1420
455.033	1433
455.803	1387
456.573	1335
457.343	1366
458.113	1292
458.883	1278
459.652	1290
460.422	1270
461.191	1242
461.96	1252
462.729	1266
463.498	1183
464.267	1199
465.036	1225
465.805	1177
466.572	1152
467.341	1169
468.109	1158
468.878	1156
469.646	1157
470.414	1147
471.182	1140
471.95	1104
472.718	1104
473.485	1081
474.252	1112
475.02	1086
475.787	1084
476.555	1093
477.322	1063
478.088	1055
478.855	1059
479.622	1045
480.389	1038
481.155	1054
481.922	1010
482.688	1048
483.455	1001
484.22	1008
484.987	1039
485.753	1000
486.518	1012
487.284	995
488.05	1007
488.815	1003
489.581	1015
490.346	984
491.111	990
491.876	1009
492.641	998
493.406	1011
494.171	989
494.935	1010
495.7	997
496.464	1001
497.229	1024
497.993	1032
498.757	1018
499.521	1043
500.285	1062
501.049	1038
501.813	1025
502.576	1041
503.34	1030
504.103	1028
504.867	1013
505.63	998
506.394	1013
507.156	974
507.919	978
508.682	966
509.444	959
510.208	980
510.97	929
511.732	958
512.495	942
513.257	937
514.018	943
514.781	941
515.542	970
516.304	930
517.066	935
517.828	907
518.589	933
519.35	908
520.112	920
520.873	908
521.634	903
522.394	927
523.156	918
523.916	918
524.677	908
525.437	876
526.197	876
526.958	869
527.719	921
528.479	898
529.238	890
529.998	879
530.758	884
531.517	883
532.277	879
533.036	892
533.796	857
534.555	875
535.314	876
536.074	876
536.833	845
537.592	852
538.35	860
539.109	856
539.868	817
540.626	855
541.384	822
542.142	840
542.9	862
543.658	858
544.416	884
545.174	881
545.932	871
546.69	873
547.447	848
548.205	880
548.962	879
549.719	871
550.476	869
551.233	847
551.99	853
552.747	845
553.504	862
554.26	836
555.016	842
555.773	826
556.529	852
557.286	829
558.041	841
558.797	834
559.553	839
560.309	836
561.064	814
561.82	818
562.576	830
563.331	845
564.086	831
564.842	848
565.596	838
566.351	828
567.106	828
567.861	829
568.616	840
569.37	801
570.125	834
570.878	812
571.633	818
572.388	801
573.141	844
573.895	831
574.649	823
575.403	807
576.156	851
576.91	810
577.663	811
578.417	804
579.169	822
579.923	805
580.676	814
581.428	812
582.181	789
582.934	798
583.687	815
584.439	841
585.191	879
585.944	864
586.696	885
587.447	911
588.2	969
588.951	994
589.703	1005
590.455	993
591.207	1001
591.958	1011
592.71	974
593.461	984
594.212	971
594.962	1002
595.714	1041
596.465	1036
597.215	1049
597.966	1056
598.717	1077
599.467	1024
600.217	1022
600.967	998
601.717	925
602.467	889
603.218	886
603.968	875
604.717	839.5
605.467	804
606.216	806
606.966	827
607.715	829
608.464	835
609.213	833
609.962	815
610.711	821
611.46	822
612.208	829
612.957	809
613.706	801
614.454	825
615.202	782
615.95	840
616.699	789
617.447	804
618.195	786
618.942	806
619.69	792
620.438	776
621.185	797
621.933	780
622.679	777
623.427	768
624.174	785
624.921	793
625.668	774
626.415	771
627.161	783
627.908	800
628.654	785
629.401	768
630.147	778
630.893	778
631.639	783
632.385	768
633.132	806
633.877	803
634.623	789
635.368	769
636.113	759
636.859	801
637.604	799
638.349	798
639.094	812
639.84	802
640.584	809
641.329	780
642.073	778
642.818	772
643.563	797
644.307	808
645.051	789
645.795	787
646.539	794
647.283	744
648.027	779
648.771	755
649.515	770
650.258	755
651.002	744
651.745	766
652.488	732
653.231	753
653.975	739
654.717	760
655.46	773
656.203	734
656.945	739
657.688	787
658.43	762
659.172	766
659.915	751
660.657	721
661.399	780
662.141	765
662.883	753
663.624	769
664.366	760
665.108	792
665.849	726
666.59	742
667.332	744
668.073	733
668.814	750
669.554	752
670.296	759
671.036	743
671.777	742
672.517	742
673.258	751
673.998	742
674.739	721
675.479	728
676.219	759
676.959	731
677.698	717
678.438	725
679.177	740
679.917	722
680.656	733
681.396	738
682.135	739
682.874	743
683.613	738
684.352	739
685.091	731
685.829	753
686.568	734
687.307	758
688.045	725
688.783	749
689.522	732
690.26	723
690.998	737
691.736	719
692.474	731
693.212	726
693.95	714
694.686	714
695.424	728
696.161	720
696.899	729
697.636	755
698.373	731
699.109	739
699.846	735
700.583	770
701.32	741
702.056	751
702.793	742
703.529	700
704.266	743
705.001	720
705.738	720
706.474	741
707.209	712
707.945	726
708.681	746
709.416	715
710.152	729
710.887	733
711.622	719
712.358	728
713.092	724
713.827	722
714.563	730
715.297	740
716.032	738
716.766	697
717.501	725
718.235	714
718.969	715
719.703	719
720.438	722
721.171	733
721.906	744
722.639	758
723.373	726
724.106	747
724.839	734
725.573	720
726.306	726
727.04	736
727.772	716
728.505	688
729.239	711
729.971	723
730.703	725
731.436	703
732.169	719
732.901	709
733.634	709
734.366	717
735.097	729
735.83	717
736.562	699
737.293	715
738.025	709
738.756	717
739.488	703
740.219	733
740.951	730
741.682	722
742.413	698
743.144	710
743.875	730
744.606	711
745.336	719
746.067	701
746.797	726
747.528	720
748.258	709
748.988	717
749.718	743
750.448	725
751.179	751
751.908	710
752.638	741
753.368	735
754.097	735
754.827	734
755.556	744
756.284	727
757.014	719
757.743	731
758.472	743
759.201	727
759.929	724
760.658	716
761.387	737
762.115	738
762.844	716
763.571	736
764.299	737
765.028	749.029
765.756	711.468
766.484	732.96
767.212	728.526
767.939	715.104
768.666	718.633
769.394	742.724
770.122	761.6
770.848	724.664
771.576	740.024
772.303	732.477
773.03	737.055
773.756	754.969
774.483	752.517
775.21	761.542
775.936	743.763
776.663	763.529
777.39	762.833
778.115	763.162
778.842	745.815
779.568	759.784
780.294	742.686
781.02	761.471
781.745	766.142
782.471	737.192
783.197	776.906
783.922	763.05
784.648	743.053
785.373	761.292
786.099	756.72
786.823	779.378
787.549	769.581
788.273	770.343
788.999	785.928
789.723	757.106
790.447	774.007
791.172	784.627
791.896	795.181
792.621	788.899
793.345	784.046
794.07	808.694
794.793	808.976
795.517	801.221
796.241	776.036
796.965	802.858
797.688	790.8
798.412	803.717
799.135	814.247
799.858	821.932
800.582	825.455
801.305	815.698
802.028	830.088
802.751	824.506
803.474	818.646
804.197	844.705
804.919	843.076
805.642	829.372
806.365	862.345
807.087	841.446
807.809	841.662
808.531	838.089
809.253	844.473
809.975	841.371
810.698	841.847
811.419	838.99
812.141	853.384
812.863	871.584
813.584	870.474
814.305	876.353
815.027	898.178
815.748	907.128
816.469	904.926
817.19	914.558
817.911	916.188
818.632	931.189
819.353	953.097
820.074	972.75
820.794	978.49
821.514	992.951
822.234	1014.19
822.955	1015.15
823.675	1032.62
824.395	1068.64
825.115	1071.63
825.835	1080.02
826.555	1103.3
827.274	1123.5
827.994	1136.99
828.714	1163.49
829.433	1208.51
830.152	1193
830.871	1206.48
831.59	1226.7
832.31	1201.46
833.029	1170.01
833.747	1158.55
834.466	1131.58
835.185	1143.43
835.903	1115.11
836.622	1116.88
837.34	1109.05
838.058	1088.13
838.747	1070
839.47	1085
840.191	1020
840.914	1029
841.635	1051
842.357	1040
843.079	1023
843.801	1033
844.522	1000
845.244	1010
845.965	1008
846.686	1036
847.407	997
848.128	1015
848.85	1050
849.57	1086
850.291	1081
851.012	1083
851.732	1107
852.452	1130
853.173	1112
853.893	1169
854.613	1160
855.334	1187
856.054	1192
856.773	1241
857.494	1314
858.213	1344
858.933	1370
859.652	1403
860.372	1457
861.091	1483
861.81	1554
862.529	1621
863.249	1756
863.968	1823
864.686	1900
865.405	2013
866.123	2126
866.842	2274
867.561	2466
868.279	2714
868.997	2919
869.716	3242
870.434	3523
871.152	3908
871.869	4355
872.587	4888.5
873.306	5422
874.023	6053
874.741	6693
875.458	7413
876.175	8153
876.893	8805
877.61	9365
878.327	9917
879.044	10277
879.761	10352
880.477	10273
881.194	9911
881.911	9549
882.627	9091
883.344	8511
884.06	7872
884.776	7215
885.492	6550
886.208	5939
886.924	5394
887.64	4790
888.355	4304
889.071	3821
889.787	3490
890.503	3166
891.218	2909
891.932	2583
892.648	2418
893.363	2249
894.078	2076
894.793	1935
895.507	1825
896.222	1727
896.937	1615
897.652	1589
898.366	1506
899.08	1446
899.795	1416
900.509	1349
901.223	1298
901.937	1300
902.651	1253
903.365	1195
904.078	1175
904.792	1142
905.505	1163
906.218	1129
906.932	1101
907.645	1090
908.358	1074
909.071	1043
909.784	1020
910.497	1000
911.21	1003
911.922	989
912.635	1002
913.347	981
914.06	935
914.771	958
915.484	932
916.196	932
916.908	895
917.62	920
918.332	919
919.044	886
919.755	894
920.467	900
921.178	884
921.889	902
922.601	891
923.311	872
924.023	860
924.733	877
925.445	887
926.155	872
926.866	876
927.577	870
928.287	867
928.997	875
929.708	868
930.418	856
931.128	857
931.838	855
932.548	854
933.257	858
933.968	849
934.677	838
935.386	847
936.096	847
936.806	809
937.515	813
938.224	797
938.933	813
939.642	806
940.351	801
941.06	797
941.768	815
942.477	810
943.186	813
943.894	811
944.602	788
945.31	800
946.018	817
946.726	786
947.434	800
948.143	795
948.851	814
949.558	797
950.266	772
950.973	782
951.681	791
952.388	768
953.095	785
953.802	794
954.509	778
955.216	785
955.923	799
956.63	808
957.336	779
958.043	783
958.75	793
959.456	793
960.162	771
960.869	810
961.575	799
962.281	767
962.987	778
963.692	781
964.398	791
965.103	801
965.809	791
966.515	777
967.22	775
967.926	789
968.63	806
969.335	792
970.04	777
970.745	812
971.451	812
972.155	822
972.859	827
973.564	820
974.269	802
974.972	836
975.677	830
976.381	848
977.086	847
977.789	865
978.493	886
979.197	856
979.9	885
980.604	871
981.308	884
982.011	870
982.715	899
983.418	921
984.121	930
984.824	908
985.527	936
986.23	927
986.933	937
987.635	944
988.338	952
989.04	957
989.743	993
990.445	1014
991.147	1022
991.849	1015
992.552	1049
993.253	1036
993.956	1069
994.657	1083
995.359	1087
996.06	1088
996.762	1114
997.463	1137
998.165	1189
998.866	1204
999.567	1230
1000.27	1269
1000.97	1291
1001.67	1328
1002.37	1372
1003.07	1357
1003.77	1447
1004.47	1460
1005.17	1524
1005.87	1512
1006.57	1615
1007.27	1685
1007.97	1738
1008.67	1807
1009.37	1899
1010.07	1923
1010.77	2007
1011.47	2091
1012.17	2191
1012.87	2235
1013.57	2333
1014.27	2472
1014.97	2569
1015.67	2628
1016.37	2804
1017.07	2961
1017.76	3046
1018.46	3184
1019.16	3360
1019.86	3548
1020.56	3707
1021.26	3949
1021.95	4076
1022.65	4325
1023.35	4505
1024.05	4730
1024.75	4959
1025.44	5088
1026.14	5252
1026.84	5414
1027.54	5594
1028.23	5759
1028.93	5888
1029.63	6019
1030.33	6116
1031.02	6185
1031.72	6275
1032.42	6219
1033.11	6365
1033.81	6290
1034.51	6202
1035.2	6192
1035.9	6082
1036.6	6031
1037.29	5875
1037.99	5751
1038.68	5593
1039.38	5498
1040.08	5299
1040.77	5110
1041.47	4973
1042.16	4792
1042.86	4689
1043.55	4501
1044.25	4478
1044.94	4323
1045.64	4185
1046.33	4158
1047.03	4070
1047.72	3995
1048.42	3852
1049.11	3776
1049.81	3669
1050.5	3695
1051.2	3559
1051.89	3475
1052.58	3375
1053.28	3213
1053.97	3169
1054.67	3023
1055.36	2890
1056.05	2793
1056.75	2733
1057.44	2646
1058.14	2560
1058.83	2481
1059.52	2422
1060.22	2322
1060.91	2306
1061.6	2259
1062.29	2177
1062.99	2216
1063.68	2113
1064.37	2055
1065.06	2116
1065.76	2057
1066.45	2073
1067.14	2057
1067.83	2068
1068.53	2053
1069.22	2094
1069.91	2030
1070.6	2051
1071.29	2034
1071.99	2100
1072.68	2143
1073.37	2119
1074.06	2173
1074.75	2172
1075.44	2170
1076.13	2247
1076.82	2283
1077.51	2319
1078.21	2411
1078.9	2452
1079.59	2511
1080.28	2569
1080.97	2632
1081.66	2656
1082.35	2731
1083.04	2853
1083.73	2934
1084.42	2968
1085.11	3060
1085.8	3098
1086.49	3217
1087.18	3255
1087.87	3332
1088.56	3359
1089.25	3465
1089.94	3397
1090.63	3521
1091.32	3486
1092	3473
1092.69	3410
1093.38	3384
1094.07	3415
1094.76	3286
1095.45	3221
1096.14	3211
1096.82	3087
1097.51	3011
1098.2	2890
1098.89	2824
1099.58	2732
1100.27	2676
1100.95	2598
1101.64	2516
1102.33	2502
1103.02	2415
1103.7	2377
1104.39	2311
1105.08	2282
1105.77	2212
1106.45	2239
1107.14	2204
1107.83	2142
1108.51	2132
1109.2	2101
1109.89	2100
1110.57	2097
1111.26	2037
1111.95	2032
1112.63	2074
1113.32	2003
1114.01	1989
1114.69	2005
1115.38	1939
1116.06	1963
1116.75	1924
1117.44	1882
1118.12	1894
1118.81	1862
1119.49	1843
1120.18	1804
1120.86	1841
1121.55	1733
1122.23	1707
1122.92	1752
1123.6	1688
1124.29	1656
1124.97	1632
1125.66	1602
1126.34	1532
1127.03	1552
1127.71	1513
1128.4	1500
1129.08	1483
1129.76	1479
1130.45	1424
1131.13	1406
1131.82	1374
1132.5	1389
1133.18	1352
1133.87	1347
1134.55	1349
1135.23	1317
1135.92	1269
1136.6	1297
1137.28	1301
1137.97	1250
1138.65	1300
1139.33	1236
1140.02	1242
1140.7	1228
1141.38	1194
1142.06	1209
1142.75	1202
1143.43	1201
1144.11	1186
1144.79	1179
1145.47	1171
1146.16	1191
1146.84	1179
1147.52	1181
1148.2	1165
1148.88	1170
1149.56	1178
1150.25	1171
1150.93	1166
1151.61	1193
1152.29	1185
1152.97	1139
1153.65	1153
1154.33	1148
1155.01	1173
1155.69	1182
1156.38	1142
1157.06	1165
1157.74	1146
1158.42	1160
1159.1	1114
1159.78	1125
1160.46	1106
1161.14	1091
1161.82	1107
1162.5	1081
1163.18	1072
1163.86	1048
1164.54	1075
1165.22	1058
1165.9	1047
1166.57	1054
1167.25	1035
1167.93	1035
1168.61	1024
1169.29	1000
1169.97	1019
1170.65	1018
1171.33	981
1172.01	977
1172.69	971
1173.36	969
1174.04	989
1174.72	958
1175.4	968
1176.08	948
1176.75	968
1177.43	962
1178.11	968
1178.79	958
1179.47	936
1180.14	940
1180.82	933
1181.5	934
1182.18	941
1182.85	939
1183.53	943
1184.21	949
1184.88	945
1185.56	925
1186.24	913
1186.91	911
1187.59	921
1188.27	904
1188.94	921
1189.62	902
1190.3	895
1190.97	923
1191.65	909
1192.32	881
1193	896
1193.68	900
1194.35	869
1195.03	882
1195.7	895
1196.38	902
1197.05	886
1197.73	878
1198.4	898
1199.08	919
1199.75	942
1200.43	908
1201.1	868
1201.78	926
1202.45	889
1203.13	920
1203.8	905
1204.48	912
1205.15	881
1205.83	894
1206.5	920
1207.17	926
1207.85	888
1208.52	906
1209.2	898
1209.87	898
1210.54	901
1211.22	917
1211.89	887
1212.56	900
1213.24	910
1213.91	900
1214.58	891
1215.26	871
1215.93	908
1216.6	933
1217.28	909
1217.95	902
1218.62	902
1219.29	919
1219.97	894
1220.64	938
1221.31	918
1221.98	949
1222.65	932
1223.33	931
1224	930
1224.67	924
1225.34	936
1226.01	942
1226.69	952
1227.36	939
1228.03	939
1228.7	932
1229.37	954
1230.04	942
1230.71	943
1231.38	959
1232.06	968
1232.73	990
1233.4	981
1234.07	982
1234.74	988
1235.41	981
1236.08	976
1236.75	1003
1237.42	989
1238.09	1029
1238.76	996
1239.43	1000
1240.1	1026
1240.77	1025
1241.44	1043
1242.11	1025
1242.78	1035
1243.45	1038
1244.12	1027
1244.78	1064
1245.45	1060
1246.12	1081
1246.79	1127
1247.46	1048
1248.13	1116
1248.8	1086
1249.47	1097
1250.14	1126
1250.8	1139
1251.47	1141
1252.14	1111
1252.81	1137
1253.48	1186
1254.14	1162
1254.81	1173
1255.48	1204
1256.15	1186
1256.82	1231
1257.48	1253
1258.15	1260
1258.82	1267
1259.49	1311
1260.15	1291
1260.82	1363
1261.49	1366
1262.15	1385
1262.82	1403
1263.49	1422
1264.15	1460
1264.82	1526
1265.49	1551
1266.15	1576
1266.82	1584
1267.49	1649
1268.15	1701
1268.82	1712
1269.49	1748
1270.15	1798
1270.82	1817
1271.48	1876
1272.15	1893
1272.81	1873
1273.48	1889
1274.14	1919
1274.81	1904
1275.48	1873
1276.14	1888
1276.81	1860
1277.47	1863
1278.14	1804
1278.8	1772
1279.47	1729
1280.13	1768
1280.79	1718
1281.46	1725
1282.12	1647
1282.79	1618
1283.45	1640
1284.12	1595
1284.78	1556
1285.44	1563
1286.11	1549
1286.77	1521
1287.44	1502
1288.1	1479
1288.76	1466
1289.43	1453
1290.09	1452
1290.75	1478
1291.42	1452
1292.08	1429
1292.74	1421
1293.41	1432
1294.07	1416
1294.73	1378
1295.39	1438
1296.06	1437
1296.72	1448
1297.38	1416
1298.04	1435
1298.71	1417
1299.37	1432
1300.03	1404
1300.69	1443
1301.35	1470
1302.02	1446
1302.68	1427
1303.34	1447
1304	1453
1304.66	1451
1305.32	1441
1305.98	1460
1306.65	1433
1307.31	1463
1307.97	1452
1308.63	1450
1309.29	1441
1309.95	1450
1310.61	1473
1311.27	1510
1311.93	1483
1312.59	1497
1313.25	1499
1313.91	1488
1314.57	1449
1315.23	1492
1315.89	1531
1316.55	1506
1317.21	1533
1317.87	1518
1318.53	1535
1319.19	1555
1319.85	1569
1320.51	1551
1321.17	1556
1321.83	1598
1322.49	1584
1323.15	1588
1323.81	1592
1324.47	1618
1325.13	1573
1325.79	1594
1326.44	1626
1327.1	1635
1327.76	1649
1328.42	1622
1329.08	1629
1329.74	1616
1330.39	1597
1331.05	1625
1331.71	1639
1332.37	1692
1333.03	1648
1333.68	1692
1334.34	1678
1335	1683
1335.66	1684
1336.31	1690
1336.97	1726
1337.63	1701
1338.29	1735
1338.94	1696
1339.6	1686
1340.26	1728
1340.91	1697
1341.57	1776
1342.23	1748
1342.88	1753
1343.54	1787
1344.2	1736
1344.85	1703
1345.51	1756
1346.17	1749
1346.82	1764
1347.48	1767
1348.13	1760
1348.79	1776
1349.44	1767
1350.1	1802
1350.76	1783
1351.41	1808
1352.07	1821
1352.72	1824
1353.38	1827
1354.03	1852
1354.69	1855
1355.34	1846
1356	1832
1356.65	1819
1357.31	1846
1357.96	1852
1358.62	1865
1359.27	1833
1359.93	1874
1360.58	1825
1361.23	1899
1361.89	1880
1362.54	1909
1363.2	1907
1363.85	1884
1364.5	1884
1365.16	1963
1365.81	1960
1366.46	1926
1367.12	1967
1367.77	1954
1368.42	1962
1369.08	1969
1369.73	1978
1370.38	1978
1371.04	2006
1371.69	2007
1372.34	2021
1373	2038
1373.65	2008
1374.3	2048
1374.95	2066
1375.61	2101
1376.26	2073
1376.91	2087
1377.56	2070
1378.21	2107
1378.87	2109
1379.52	2126
1380.17	2161
1380.82	2141
1381.47	2139
1382.12	2140
1382.78	2134
1383.43	2150
1384.08	2153
1384.73	2132
1385.38	2103
1386.03	2151
1386.68	2143
1387.33	2177
1387.98	2163
1388.64	2087
1389.29	2135
1389.94	2154
1390.59	2168
1391.24	2182
1391.89	2178
1392.54	2195
1393.19	2183
1393.84	2188
1394.49	2233
1395.14	2184
1395.79	2195
1396.44	2232
1397.09	2215
1397.74	2282
1398.39	2294
1399.04	2363
1399.68	2356
1400.33	2270
1400.98	2369
1401.63	2382.46
1402.28	2402.08
1402.93	2379.71
1403.58	2402.49
1404.23	2405.51
1404.88	2436.84
1405.52	2387.5
1406.17	2369.61
1406.82	2398.77
1407.47	2415.88
1408.12	2408.85
1408.77	2390.53
1409.41	2440.94
1410.06	2413.45
1410.71	2444.58
1411.36	2406.02
1412.01	2426.23
1412.65	2442.75
1413.3	2437.65
1413.95	2430.48
1414.6	2444.08
1415.24	2449.38
1415.89	2449.94
1416.54	2448.86
1417.18	2480.17
1417.83	2447.82
1418.48	2482.99
1419.12	2519.55
1419.77	2532.88
1420.42	2560.18
1421.06	2560.69
1421.71	2603.89
1422.36	2622.26
1423	2647.77
1423.65	2635.65
1424.3	2664.17
1424.94	2677.86
1425.59	2703.85
1426.23	2722.44
1426.88	2755.72
1427.53	2778
1428.17	2844.06
1428.82	2861.62
1429.46	2906.16
1430.11	2944.02
1430.75	2981.33
1431.4	2950.04
1432.04	3012.65
1432.69	3067.31
1433.33	3099.65
1433.98	3169.09
1434.62	3251.89
1435.27	3297.35
1435.91	3338.81
1436.56	3401.46
1437.2	3489.55
1437.85	3583.68
1438.49	3667.23
1439.13	3774.18
1439.78	3838.6
1440.42	3992.29
1441.07	4074.84
1441.71	4195.71
1442.36	4364.55
1443	4518.57
1443.64	4575.25
1444.29	4693.06
1444.93	4857.73
1445.57	4975.8
1446.22	5059.9
1446.86	5145.27
1447.5	5196.41
1448.15	5224.39
1448.79	5279.63
1449.43	5286.25
1450.07	5288.87
1450.72	5374.96
1451.36	5352.58
1452	5330.54
1452.65	5224.38
1453.29	5208.46
1453.93	5171.03
1454.57	5133.27
1455.21	5108.01
1455.86	4971.49
1456.5	4878.69
1457.14	4794.75
1457.78	4732.27
1458.42	4657.24
1459.07	4574.83
1459.71	4527.22
1460.35	4438.09
1460.99	4377.7
1461.63	4318.46
1462.27	4194.16
1462.91	4175.53
1463.56	4065.14
1464.2	4070.42
1464.84	4048.52
1465.48	3924.86
1466.12	3911.8
1466.74	3896
1467.38	3830
1468.03	3760
1468.67	3744
1469.32	3794
1469.96	3700
1470.61	3620
1471.25	3674
1471.89	3628
1472.54	3641
1473.18	3537
1473.82	3563
1474.47	3566
1475.11	3576
1475.76	3528
1476.4	3493
1477.04	3507
1477.69	3426
1478.33	3421
1478.97	3424
1479.61	3368
1480.26	3339
1480.9	3334
1481.54	3305
1482.19	3247
1482.83	3245
1483.47	3224
1484.11	3205
1484.76	3086
1485.4	3055
1486.04	2984
1486.68	2929
1487.32	2901
1487.97	2853
1488.61	2814
1489.25	2789
1489.89	2759
1490.53	2719
1491.17	2690
1491.82	2594
1492.46	2600
1493.1	2611
1493.74	2584
1494.38	2523
1495.02	2471
1495.66	2444
1496.3	2381
1496.94	2405
1497.59	2379.5
1498.23	2354
1498.87	2371
1499.51	2288
1500.15	2322
1500.79	2231
1501.43	2266
1502.07	2237
1502.71	2231
1503.35	2198
1503.99	2215
1504.63	2182
1505.27	2182.5
1505.91	2183
1506.55	2147
1507.19	2132
1507.83	2143
1508.47	2105
1509.11	2137
1509.74	2073
1510.38	2099
1511.02	2066
1511.66	2061
1512.3	2074
1512.94	2054
1513.58	1992
1514.22	2027
1514.85	1985
1515.49	2032
1516.13	1972
1516.77	1955
1517.41	1958
1518.05	1969
1518.68	1940
1519.32	1925
1519.96	1919
1520.6	1876
1521.24	1891
1521.87	1913
1522.51	1881
1523.15	1888
1523.79	1883
1524.42	1877
1525.06	1837
1525.7	1844
1526.33	1846
1526.97	1875
1527.61	1824
1528.25	1819
1528.88	1792
1529.52	1828
1530.16	1774
1530.79	1765
1531.43	1741
1532.07	1790
1532.7	1730
1533.34	1722
1533.97	1726
1534.61	1735
1535.25	1716
1535.88	1704
1536.52	1751
1537.15	1691
1537.79	1709
1538.43	1707
1539.06	1712
1539.7	1670
1540.33	1680
1540.97	1687
1541.6	1663
1542.24	1668
1542.87	1678
1543.51	1664
1544.14	1648
1544.78	1660
1545.41	1650
1546.05	1661
1546.68	1699
1547.32	1615
1547.95	1651
1548.58	1635
1549.22	1651
1549.85	1653
1550.49	1612
1551.12	1641
1551.76	1625
1552.39	1594
1553.02	1586
1553.66	1587
1554.29	1610
1554.92	1597
1555.56	1597
1556.19	1555
1556.82	1556
1557.46	1543
1558.09	1541
1558.72	1537
1559.36	1550
1559.99	1510
1560.62	1564
1561.25	1502
1561.89	1520
1562.52	1499
1563.15	1506
1563.78	1501
1564.42	1478
1565.05	1471
1565.68	1486
1566.31	1457
1566.95	1474
1567.58	1489
1568.21	1462
1568.84	1446
1569.47	1444
1570.1	1453
1570.74	1380
1571.37	1401
1572	1443
1572.63	1402
1573.26	1415
1573.89	1400
1574.52	1368
1575.15	1421
1575.79	1406
1576.42	1369
1577.05	1375
1577.68	1378
1578.31	1358
1578.94	1326
1579.57	1360
1580.2	1360
1580.83	1342
1581.46	1351
1582.09	1345
1582.72	1330
1583.35	1330
1583.98	1338
1584.61	1337
1585.24	1351
1585.87	1335
1586.5	1331
1587.13	1327
1587.76	1330
1588.39	1330
1589.02	1301
1589.65	1300
1590.28	1303
1590.9	1337
1591.53	1315
1592.16	1302
1592.79	1297
1593.42	1301
1594.05	1285
1594.68	1286
1595.31	1283
1595.93	1306
1596.56	1279
1597.19	1264
1597.82	1278
1598.45	1265
1599.08	1277
1599.7	1277
1600.33	1240
1600.96	1275
1601.59	1254
1602.21	1262
1602.84	1232
1603.47	1269
1604.1	1265
1604.72	1269
1605.35	1254
1605.98	1233
1606.61	1248
1607.23	1232
1607.86	1200
1608.49	1208
1609.11	1246
1609.74	1238
1610.37	1196
1610.99	1208
1611.62	1212
1612.25	1194
1612.87	1228
1613.5	1212
1614.12	1236
1614.75	1210
1615.38	1200
1616	1206
1616.63	1236
1617.25	1227
1617.88	1232
1618.5	1231
1619.13	1165
1619.76	1204
1620.38	1204
1621.01	1179
1621.63	1199
1622.26	1188
1622.88	1177
1623.51	1182
1624.13	1192
1624.76	1194
1625.38	1197
1626.01	1163
1626.63	1175
1627.26	1173
1627.88	1170
1628.5	1204
1629.13	1214
1629.75	1180
1630.38	1206
1631	1228
1631.62	1237
1632.25	1273
1632.87	1273
1633.5	1248
1634.12	1311
1634.74	1348
1635.37	1329
1635.99	1359
1636.61	1364
1637.24	1392
1637.86	1398
1638.48	1379
1639.11	1389
1639.73	1374
1640.35	1313
1640.98	1283
1641.6	1261
1642.22	1234
1642.84	1215
1643.47	1184
1644.09	1128
1644.71	1119
1645.33	1127
1645.95	1114
1646.58	1093
1647.2	1084
1647.82	1075
1648.44	1083
1649.06	1052
1649.69	1099
1650.31	1065
1650.93	1075
1651.55	1075
1652.17	1039
1652.79	1019
1653.41	1038
1654.04	1048
1654.66	1052
1655.28	1031
1655.9	998
1656.52	1032
1657.14	1001
1657.76	1000
1658.38	1047
1659	1010
1659.62	1016
1660.24	1038
1660.86	1003
1661.48	1037
1662.1	1011
1662.72	1029
1663.34	989
1663.96	982
1664.58	993
1665.2	1025
1665.82	997
1666.44	1011
1667.06	1015
1667.68	993
1668.3	990
1668.92	977
1669.54	1011
1670.16	1009
1670.78	976
1671.4	989
1672.02	990
1672.64	982
1673.25	994
1673.87	1001
1674.49	998
1675.11	974
1675.73	972
1676.35	967
1676.97	990
1677.58	1003
1678.2	1002
1678.82	976
1679.44	987
1680.06	974
1680.67	997
1681.29	980
1681.91	981
1682.53	999
1683.14	995
1683.76	1018
1684.38	977
1685	971
1685.61	985
1686.23	966
1686.85	961
1687.47	997
1688.08	963
1688.7	975
1689.32	989
1689.93	975
1690.55	977
1691.17	975
1691.78	971
1692.4	975
1693.02	999
1693.63	979
1694.25	979
1694.86	991
1695.48	973
1696.1	974
1696.71	1001
1697.33	976
1697.94	981
1698.56	994
1699.17	969
1699.79	967
1700.41	982
1701.02	986
1701.64	972
1702.25	991
1702.87	982
1703.48	986
1704.1	973
1704.71	969
1705.33	1016
1705.94	989
1706.56	993
1707.17	978
1707.78	973
1708.4	946
1709.01	977
1709.63	946
1710.24	983
1710.86	938
1711.47	959
1712.08	941
1712.7	943
1713.31	909
1713.92	949
1714.54	923
1715.15	945
1715.77	960
1716.38	948
1716.99	954
1717.61	956
1718.22	957
1718.83	966
1719.45	955
1720.06	971
1720.67	965
1721.28	956
1721.9	954
1722.51	985
1723.12	979
1723.73	981
1724.35	976
1724.96	974
1725.57	954
1726.18	965
1726.8	970
1727.41	975
1728.02	921
1728.63	925
1729.24	917
1729.86	891
1730.47	864
1731.08	870
1731.69	869
1732.3	809
1732.91	855
1733.52	814
1734.14	817
1734.75	810
1735.36	836
1735.97	821
1736.58	807
1737.19	781
1737.8	792
1738.41	801
1739.02	811
1739.63	793
1740.24	811
1740.85	773
1741.46	773
1742.07	755
1742.69	777
1743.29	801
1743.91	780
1744.52	785
1745.12	755
1745.73	723
1746.34	754
1746.95	778
1747.56	744
1748.17	749
1748.78	761
1749.39	748
1750	786
1750.61	753
1751.22	744
1751.83	766
1752.44	753
1753.05	716
1753.65	759
1754.26	711
1754.87	740
1755.48	736
1756.09	711
1756.7	727
1757.31	729
1757.91	751
1758.52	716
1759.13	718
1759.74	716
1760.35	727
1760.96	733
1761.56	712
1762.17	713
1762.78	750
1763.39	715
1763.99	716
1764.6	700
1765.21	703
1765.82	722
1766.42	711
1767.03	701
1767.64	705
1768.24	695
1768.85	702
1769.46	685
1770.07	692
1770.67	671
1771.28	691
1771.88	709
1772.49	694
1773.1	705
1773.7	706
1774.31	710
1774.92	715
1775.52	681
1776.13	674
1776.73	696
1777.34	696
1777.95	691
1778.55	685
1779.16	655
1779.76	674
1780.37	671
1780.97	660
1781.58	685
1782.18	644
1782.79	656
1783.4	655
1784	654
1784.61	649
1785.21	645
1785.82	637
1786.42	641
1787.02	653
1787.63	646
1788.23	639
1788.84	644
1789.44	650
1790.05	660
1790.65	634
1791.26	653
1791.86	643
1792.46	647
1793.07	637
1793.67	658
1794.27	633
1794.88	649
1795.48	637
1796.09	655
1796.69	632
1797.29	661
1797.9	643
1798.5	627
1799.1	652
1799.71	635
1800.31	637
1800.91	653
1801.51	628
1802.12	659
1802.72	639
1803.32	622
1803.93	632
1804.53	634
1805.13	630
1805.73	623
1806.34	624
1806.94	623
1807.54	631
1808.14	620
1808.74	608
1809.35	609
1809.95	615
1810.55	613
1811.15	611
1811.75	609
1812.35	591
1812.96	604
1813.56	618
1814.16	612
1814.76	634
1815.36	613
1815.96	607
1816.56	643
1817.16	605
1817.77	630
1818.37	630
1818.97	620
1819.57	629
1820.17	618
1820.77	616
1821.37	611
1821.97	616
1822.57	614
1823.17	613
1823.77	616
1824.37	623
1824.97	618
1825.57	619
1826.17	624
1826.77	613
1827.37	618
1827.97	600
1828.57	613
1829.17	588
1829.77	635
1830.37	593
1830.97	621
1831.57	607
1832.16	602
1832.76	615
1833.36	613
1833.96	601
1834.56	607
1835.16	580
1835.76	596
1836.36	595
1836.95	597
1837.55	586
1838.15	601
1838.75	575
1839.35	598
1839.95	584
1840.54	610
1841.14	628
1841.74	590
1842.34	602.5
1842.94	615
1843.53	607
1844.13	580
1844.73	616
1845.33	591
1845.92	597
1846.52	592
1847.12	601
1847.72	594
1848.31	583
1848.91	584
1849.51	591
1850.1	586
1850.7	578
1851.3	575
1851.89	596
1852.49	609
1853.09	593
1853.68	587
1854.28	569
1854.88	584
1855.47	586
1856.07	586
1856.67	589
1857.26	602
1857.86	579
1858.45	562
1859.05	603
1859.64	583
1860.24	592
1860.84	582
1861.43	570
1862.03	581
1862.62	590
1863.22	575
1863.81	562
1864.41	585
1865	566
1865.6	581
1866.19	603
1866.79	593
1867.38	579
1867.98	575
1868.57	567
1869.17	598
1869.76	585
1870.36	596
1870.95	593
1871.54	571
1872.14	548
1872.73	583
1873.33	554
1873.92	555
1874.51	571
1875.11	578
1875.7	570
1876.3	555
1876.89	558
1877.48	564
1878.08	594
1878.67	565
1879.26	550
1879.86	581
1880.45	562
1881.04	580
1881.64	562
1882.23	536
1882.82	552
1883.41	567
1884.01	539
1884.6	565
1885.19	559
1885.79	556
1886.38	524
1886.97	557
1887.56	566
1888.15	558
1888.75	567
1889.34	567
1889.93	560
1890.52	551
1891.11	551
1891.71	542
1892.3	558
1892.89	571
1893.48	556
1894.07	539
1894.66	546
1895.26	541
1895.85	544
1896.44	556
1897.03	542
1897.62	551
1898.21	535
1898.8	548
1899.39	520
1899.98	520
1900.57	518
1901.17	528
1901.76	537
1902.35	536
1902.94	520
1903.53	525
1904.12	514
1904.71	521
1905.3	513
1905.89	517
1906.48	531
1907.07	537
1907.66	526
1908.25	509
1908.84	524
1909.43	522
1910.02	500
1910.61	519
1911.2	513
1911.78	515
1912.37	504
1912.96	494
1913.55	509
1914.14	491
1914.73	510
1915.32	514
1915.91	496
1916.5	494
1917.09	501
1917.67	489
1918.26	503
1918.85	521
1919.44	499
1920.03	496
1920.62	506
1921.2	480
1921.79	492
1922.38	488
1922.97	485
1923.56	489
1924.14	500
1924.73	493
1925.32	483
1925.91	476
1926.49	497
1927.08	477
1927.67	487
1928.26	478
1928.84	472
1929.43	456
1930.02	457
1930.61	466
1931.19	490
1931.78	500
1932.37	480
1932.95	483
1933.54	479
1934.13	473
1934.71	485
1935.3	466
1935.89	469
1936.47	462
1937.06	456
1937.64	464
1938.23	449
1938.82	463
1939.4	442
1939.99	459
1940.57	470
1941.16	461
1941.75	453
1942.33	463
1942.92	444
1943.5	462
1944.09	443
1944.67	448
1945.26	438
1945.84	449
1946.43	459
1947.01	444
1947.6	434
1948.18	452
1948.77	437
1949.35	451
1949.94	438
1950.52	434
1951.11	428
1951.69	444
1952.28	438
1952.86	449
1953.44	434
1954.03	413
1954.61	418
1955.2	432
1955.78	446
1956.36	423
1956.95	422
1957.53	421
1958.12	416
1958.7	419
1959.28	400
1959.87	415
1960.45	415
1961.03	412
1961.62	408
1962.2	406
1962.78	424
1963.36	406
1963.95	402
1964.53	405
1965.11	386
1965.7	383
1966.28	399
1966.86	378
1967.44	382
1968.03	376
1968.61	390
1969.19	377
1969.77	394
1970.36	393
1970.94	393.212
1971.52	382.882
1972.1	390.46
1972.68	374.835
1973.27	402.794
1973.85	389.577
1974.43	392.512
1975.01	381.066
1975.59	379.937
1976.17	376.111
1976.75	378.192
1977.34	390.15
1977.92	393.925
1978.5	376.13
1979.08	372.194
1979.66	371.416
1980.24	386.371
1980.82	383.677
1981.4	373.753
1981.98	364.815
1982.56	369.988
1983.15	361.657
1983.73	361.721
1984.31	363.941
1984.89	363.296
1985.47	361.7
1986.05	362.699
1986.63	368.598
1987.21	360.266
1987.79	350.512
1988.37	347.629
1988.95	358.672
1989.53	368.118
1990.11	350.526
1990.69	356.348
1991.27	359.416
1991.85	354.028
1992.43	358.82
1993	345.111
1993.58	355.702
1994.16	346.872
1994.74	357.724
1995.32	351.874
1995.9	344.122
1996.48	350.063
1997.06	340.767
1997.64	347.336
1998.22	345.585
1998.8	354.237
1999.37	353.937
1999.95	344.577
2000.53	338.724
2001.11	336.487
2001.69	341.159
2002.27	332.524
2002.84	339.287
2003.42	338.159
2004	326.667
2004.58	327.875
2005.16	338.373
2005.73	326.756
2006.31	331.219
2006.89	334.447
2007.47	333.518
2008.04	330.562
2008.62	328.534
2009.2	339.471
2009.78	333.788
2010.35	329.911
2010.93	333.35
2011.51	326.795
2012.09	321.387
2012.66	320.423
2013.24	336.918
2013.82	328.088
2014.39	334.62
2014.97	332.587
2015.55	310.741
2016.12	317.245
2016.7	319.267
2017.28	329.65
2017.85	334.75
2018.43	318.623
2019.01	323.21
2019.58	320.568
2020.16	317.74
2020.73	322.992
2021.31	323.214
2021.89	325.549
2022.46	325.772
2023.04	330.658
2023.61	323.343
2024.19	319.665
2024.76	319.873
2025.34	311.336
2025.91	319.019
2026.49	319.688
2027.06	322.01
2027.64	320.657
2028.22	310.983
2028.79	304.849
2028.94	304
2029.51	337
2030.09	299
2030.67	305
2031.25	309
2031.83	301
2032.41	314
2032.98	294
2033.56	310
2034.14	303
2034.72	297
2035.3	306
2035.87	302
2036.45	285
2037.03	324
2037.61	305
2038.18	316
2038.76	310
2039.34	307
2039.92	299
2040.49	312
2041.07	294
2041.65	307
2042.23	301
2042.8	302
2043.38	309
2043.96	293
2044.53	285
2045.11	292
2045.69	283
2046.26	269
2046.84	300
2047.42	291
2047.99	276
2048.57	279
2049.14	308
2049.72	286
2050.3	279
2050.87	281
2051.45	278
2052.03	303
2052.6	281
2053.18	278
2053.75	287
2054.33	285
2054.9	284
2055.48	283
2056.05	274
2056.63	278.5
2057.2	283
2057.78	273
2058.36	291
2058.93	272
2059.51	272
2060.08	274
2060.65	268
2061.23	276
2061.8	270
2062.38	276
2062.95	270
2063.53	267
2064.1	264
2064.68	273
2065.25	258
2065.83	260
2066.4	261
2066.97	265
2067.55	279
2068.12	268
2068.7	260
2069.27	254
2069.84	267
2070.42	257
2070.99	267
2071.56	255
2072.14	254
2072.71	252
2073.28	267
2073.86	267
2074.43	252
2075	265
2075.58	253
2076.15	260
2076.72	251
2077.3	262
2077.87	266
2078.44	246
2079.01	254
2079.59	263
2080.16	252
2080.73	259
2081.3	254
2081.88	262
2082.45	274
2083.02	253
2083.59	251
2084.16	247
2084.74	268
2085.31	257
2085.88	250
2086.45	246
2087.02	266
2087.6	268
2088.17	264
2088.74	263
2089.31	256
2089.88	250
2090.45	255
2091.02	249
2091.6	266
2092.17	256
2092.74	245
2093.31	255
2093.88	244
2094.45	239
2095.02	262
2095.59	238
2096.16	259
2096.73	251
2097.3	246
2097.87	245
2098.44	243
2099.01	233
2099.58	231
2100.15	237
2100.72	248
2101.29	231
2101.86	233
2102.43	250
2103	235
2103.57	226
2104.14	238
2104.71	227
2105.28	231
2105.85	239
2106.42	229
2106.99	226
2107.56	229
2108.13	229
2108.7	237
2109.27	234
2109.84	232
2110.41	225
2110.97	225
2111.54	232
2112.11	219
2112.68	239
2113.25	223
2113.82	231
2114.39	231
2114.95	228
2115.52	231
2116.09	230
2116.66	216
2117.23	207
2117.79	221
2118.36	218
2118.93	223
2119.5	219
2120.07	229
2120.63	214
2121.2	219
2121.77	217
2122.34	221
2122.9	232
2123.47	222
2124.04	225
2124.61	234
2125.17	220
2125.74	221
2126.31	226
2126.87	219
2127.44	202
2128.01	201
2128.57	218
2129.14	206
2129.71	222
2130.27	223
2130.84	216
2131.41	226
2131.97	212
2132.54	224
2133.11	218
2133.67	203
2134.24	214
2134.8	223
2135.37	225
2135.94	206
2136.5	214
2137.07	218
2137.63	224
2138.2	221
2138.76	217
2139.33	212
2139.9	209
2140.46	211
2141.03	209
2141.59	205
2142.16	207
2142.72	215
2143.29	212
2143.85	206
2144.42	192
2144.98	202
2145.55	194
2146.11	197
2146.67	206
2147.24	212
2147.8	204
2148.37	211
2148.93	200
2149.5	207
2150.06	199
2150.62	196
2151.19	208
2151.75	207
2152.32	216
2152.88	199
2153.44	205
2154.01	199
2154.57	201
2155.14	210
2155.7	211
2156.26	206
2156.82	217
2157.39	204
2157.95	197
2158.52	213
2159.08	199
2159.64	196
2160.2	196
2160.77	207
2161.33	203
2161.89	204
2162.46	197
2163.02	191
2163.58	202
2164.14	200
2164.71	196
2165.27	196
2165.83	206
2166.39	195
2166.95	189
2167.52	197
2168.08	208
2168.64	206
2169.2	208
2169.76	200
2170.33	206
2170.89	199
2171.45	206
2172.01	194
2172.57	201
2173.13	205
2173.69	215
2174.26	188
2174.82	194
2175.38	189
2175.94	191
2176.5	197
2177.06	199
2177.62	205
2178.18	195
2178.74	196
2179.3	208
2179.87	203
2180.43	209
2180.99	200
2181.55	187
2182.11	207
2182.67	203
2183.23	184
2183.79	201
2184.35	196
2184.91	209
2185.47	208
2186.03	199
2186.59	190
2187.15	201
2187.71	188
2188.27	202
2188.83	189
2189.39	187
2189.95	180
2190.5	188
2191.06	198
2191.62	194
2192.18	191
2192.74	204
2193.3	180
2193.86	197
2194.42	187
2194.98	201.5
2195.54	198
2196.09	199.5
2196.65	193
2197.21	201.5
2197.77	205
2198.33	194
2198.89	198
2199.45	189
2200	191
2200.56	184
2201.12	197
2201.68	197
2202.24	199
2202.79	181
2203.35	193
2203.91	200
2204.47	181
2205.03	178
2205.58	188
2206.14	187
2206.7	184
2207.25	191
2207.81	172
2208.37	194
2208.93	171
2209.48	178
2210.04	183
2210.6	185
2211.15	195
2211.71	177
2212.27	178
2212.82	185
2213.38	184
2213.94	198
2214.49	188
2215.05	188
2215.61	185
2216.16	194
2216.72	198
2217.28	188
2217.83	188
2218.39	185
2218.94	186
2219.5	186
2220.06	191
2220.61	193
2221.17	184
2221.72	183
2222.28	186
2222.83	180
2223.39	181
2223.95	189
2224.5	189
2225.06	186
2225.61	190
2226.17	181
2226.72	191
2227.28	174
2227.83	182
2228.39	170
2228.94	182
2229.5	182
2230.05	188
2230.6	181
2231.16	175
2231.71	174
2232.27	171
2232.82	186
2233.38	187
2233.93	181
2234.48	179
2235.04	170
2235.59	178
2236.15	179
2236.7	176
2237.25	182
2237.81	167
2238.36	185
2238.92	188
2239.47	179
2240.02	181
2240.58	192
2241.13	180
2241.68	188
2242.24	179
2242.79	189
2243.34	178
2243.9	184
2244.45	180
2245	184
2245.55	183
2246.11	192
2246.66	189
2247.21	210
2247.76	175
2248.32	176
2248.87	187
2249.42	189
2249.97	171
2250.53	180
2251.08	199
2251.63	185
2252.18	178
2252.73	191
2253.29	195
2253.84	186
2254.39	191
2254.94	194
2255.49	181
2256.05	182
2256.6	175
2257.15	174
2257.7	170
2258.25	178
2258.8	179
2259.35	180
2259.9	173
2260.46	164
2261.01	184
2261.56	170
2262.11	186
2262.66	187
2263.21	177
2263.76	171
2264.31	176
2264.86	179
2265.41	180
2265.96	175
2266.51	185
2267.06	176
2267.61	179
2268.16	170
2268.71	182
2269.26	179
2269.81	172
2270.36	169
2270.91	170
2271.46	178
2272.01	180
2272.56	168
2273.11	169
2273.66	173
2274.21	176
2274.76	176
2275.31	176
2275.86	191
2276.41	193
2276.96	185
2277.51	181
2278.05	187
2278.6	183
2279.15	182
2279.7	186
2280.25	186
2280.8	176
2281.35	173
2281.9	179
2282.44	175
2282.99	168
2283.54	178
2284.09	168
2284.64	183
2285.19	185
2285.73	174
2286.28	184
2286.83	167
2287.38	167
2287.93	175
2288.47	162
2289.02	182
2289.57	184
2290.12	183
2290.66	179
2291.21	176
2291.76	176
2292.31	182
2292.85	183
2293.4	172
2293.95	180
2294.49	181
2295.04	173
2295.59	164
2296.14	177
2296.68	180
2297.23	185
2297.77	173
2298.32	165
2298.87	165
2299.41	168
2299.96	175
2300.51	169
2301.05	171
2301.6	176
2302.15	165
2302.69	174
2303.24	172
2303.78	167
2304.33	186
2304.88	154
2305.42	159
2305.97	175
2306.51	163
2307.06	160
2307.6	157
2308.15	162
2308.69	165
2309.24	168
2309.78	155
2310.33	153
2310.87	164
2311.42	169
2311.96	160
2312.51	161.5
2313.05	162
2313.6	166.5
2314.14	155
2314.69	163.5
2315.23	164
2315.78	170
2316.32	160
2316.87	167
2317.41	155
2317.96	159
2318.5	144
2319.04	157
2319.59	156
2320.13	166
2320.68	156
2321.22	159
2321.76	174
2322.31	164
2322.85	164
2323.39	174
2323.94	161
2324.48	171
2325.02	162
2325.57	175
2326.11	164
2326.65	164
2327.2	163
2327.74	173
2328.28	170
2328.83	168
2329.37	171
2329.91	167
2330.46	159
2331	164
2331.54	152
2332.08	156
2332.63	172
2333.17	154
2333.71	166
2334.25	157
2334.8	155
2335.34	161
2335.88	156
2336.42	163
2336.96	154
2337.51	153
2338.05	162
2338.59	160.5
2339.13	159
2339.67	146
2340.21	142
2340.76	157
2341.3	153
2341.84	149
2342.38	144
2342.92	146
2343.46	147
2344	143
2344.55	155
2345.09	152
2345.63	153
2346.17	144
2346.71	143
2347.25	138
2347.79	149
2348.33	140
2348.87	147
2349.41	143
2349.95	151
2350.49	143
2351.03	153
2351.57	151
2352.11	145
2352.65	149
2353.19	148
2353.73	139
2354.27	149
2354.81	154
2355.35	154
2355.89	153
2356.43	150
2356.97	149
2357.51	143
2358.05	139
2358.59	136
2359.13	142
2359.67	145
2360.21	140
2360.75	140
2361.29	139
2361.83	135
2362.37	149
2362.91	140
2363.44	149
2363.98	152
2364.52	146
2365.06	150
2365.6	137
2366.14	137
2366.68	147
2367.22	157
2367.75	138
2368.29	145
2368.83	144
2369.37	144
2369.91	140
2370.44	126
2370.98	144
2371.52	150
2372.06	141
2372.6	150
2373.13	156
2373.67	131
2374.21	138
2374.75	146
2375.28	136
2375.82	146
2376.36	140
2376.9	142
2377.43	140
2377.97	149
2378.51	142
2379.04	141
2379.58	144
2380.12	132
2380.66	129
2381.19	145
2381.73	134
2382.27	135
2382.8	135
2383.34	133
2383.88	139
2384.41	141
2384.95	149
2385.48	138
2386.02	139
2386.56	142
2387.09	139
2387.63	139
2388.17	122
2388.7	140
2389.24	140
2389.77	139
2390.31	140
2390.84	147
2391.38	131
2391.92	134
2392.45	137
2392.99	140
2393.52	132
2394.06	139
2394.59	144
2395.13	140
2395.66	130
2396.2	134
2396.73	152
2397.27	137
2397.8	154
2398.34	157
2398.87	144
2399.41	159
2399.94	149
2400.48	143
2401.01	142
2401.54	138
2402.08	144
2402.61	142
2403.15	149
2403.68	138
2404.22	150
2404.75	142
2405.28	136
2405.82	137
2406.35	147
2406.89	132
2407.42	131
2407.95	134
2408.49	147
2409.02	145
2409.55	136
2410.09	140
2410.62	154
2411.15	137
2411.69	141
2412.22	141
2412.75	145
2413.29	148
2413.82	142
2414.35	153
2414.88	143
2415.42	143
2415.95	135
2416.48	143
2417.01	152
2417.55	144
2418.08	145
2418.61	150
2419.15	137
2419.68	141
2420.21	152
2420.74	137
2421.27	152
2421.81	146
2422.34	149
2422.87	146
2423.4	155
2423.93	150
2424.46	149
2425	145
2425.53	154
2426.06	152
2426.59	140
2427.12	139
2427.65	143
2428.19	142
2428.72	139
2429.25	153
2429.78	154
2430.31	147
2430.84	147
2431.37	157
2431.9	160
2432.43	149
2432.96	157
2433.49	155
2434.02	166
2434.56	157
2435.09	148
2435.62	162
2436.15	164
2436.68	147
2437.21	160
2437.74	154
2438.27	166
2438.8	158
2439.33	153
2439.86	160
2440.39	161
2440.92	171
2441.45	165
2441.98	158
2442.51	173
2443.04	167
2443.57	162
2444.09	175
2444.62	169
2445.15	170
2445.68	178
2446.21	166
2446.74	181
2447.27	181
2447.8	185
2448.33	171
2448.86	185
2449.39	181
2449.91	195
2450.44	182
2450.97	185
2451.5	177
2452.03	178
2452.56	184
2453.09	178
2453.61	197
2454.14	197
2454.67	179
2455.2	188
2455.73	190
2456.25	190
2456.78	197
2457.31	200
2457.84	207
2458.37	192
2458.89	200
2459.42	218
2459.95	200
2460.48	207
2461	207
2461.53	218
2462.06	219
2462.59	225
2463.11	214
2463.64	208
2464.17	219
2464.69	219
2465.22	214
2465.75	219
2466.27	220
2466.8	212
2467.33	214
2467.85	211
2468.38	231
2468.91	223
2469.43	219
2469.96	226
2470.49	223
2471.01	235
2471.54	234
2472.06	228
2472.59	223
2473.12	226
2473.64	221
2474.17	224
2474.7	229
2475.22	221
2475.75	248
2476.27	236
2476.8	214
2477.32	230
2477.85	226
2478.37	229
2478.9	237
2479.42	230
2479.95	216
2480.47	223
2481	207
2481.52	233.063
2482.05	217.366
2482.57	219.89
2483.1	228.644
2483.62	221.37
2484.15	213.84
2484.67	213.46
2485.2	222.943
2485.72	222.259
2486.25	237.055
2486.77	213.568
2487.3	208.987
2487.82	218.705
2488.34	215.17
2488.87	214.952
2489.39	204.689
2489.92	211.221
2490.44	225.821
2490.97	220.41
2491.49	213.67
2492.01	212.358
2492.54	202.823
2493.06	200.211
2493.58	207.927
2494.11	200.866
2494.63	209.567
2495.15	193.589
2495.68	208.662
2496.2	201.4
2496.72	216.231
2497.25	210.615
2497.77	201.928
2498.29	213.439
2498.82	207.296
2499.34	195.196
2499.86	192.811
2500.39	203.384
2500.91	205.714
2501.43	203.78
2501.95	202.531
2502.48	204.059
2503	204.549
2503.52	199.086
2504.04	201.045
2504.57	193.807
2505.09	196.95
2505.61	186.127
2506.13	186.663
2506.65	190.07
2507.18	195.158
2507.7	191.024
2508.22	186.382
2508.74	193.744
2509.26	197.365
2509.79	192.519
2510.31	184.557
2510.83	182.683
2511.35	183.991
2511.87	184.461
2512.39	184.365
2512.91	192.301
2513.44	184.711
2513.96	181.281
2514.48	179.413
2515	179.218
2515.52	181.069
2516.04	179.087
2516.56	179.299
2517.08	185.094
2517.6	182.435
2518.13	182.381
2518.65	186.668
2519.17	174.005
2519.69	174.993
2520.21	177.833
2520.73	179.748
2521.25	176.378
2521.77	181.94
2522.29	182.581
2522.81	185.989
2523.33	181.098
2523.85	180.465
2524.37	175.05
2524.89	177.557
2525.41	170.431
2525.93	175.746
2526.45	178.751
2526.97	182.442
2527.49	179.77
2528.01	177.918
2528.53	181.489
2529.05	180.933
2529.57	180.491
2530.09	184.924
2530.61	182.276
2531.12	182.95
2531.64	178.576
2532.16	189.679
2532.68	183.352
2533.2	175.043
2533.72	171.923
2534.24	172.559
2534.76	173.027
2535.21	180
2535.73	168
2536.25	190
2536.78	191
2537.3	190
2537.82	190
2538.34	181
2538.86	186
2539.39	178
2539.91	185
2540.43	181
2540.95	192
2541.47	174
2541.99	194
2542.51	184
2543.04	183
2543.56	192
2544.08	168
2544.6	179
2545.12	186
2545.64	179
2546.16	174
2546.68	172
2547.2	170
2547.73	181
2548.25	169
2548.77	187
2549.29	193
2549.81	182
2550.33	167
2550.85	177
2551.37	171
2551.89	178
2552.41	187
2552.93	173
2553.45	177
2553.97	183
2554.49	172
2555.01	174
2555.53	171
2556.05	164
2556.57	171
2557.09	159
2557.61	174
2558.13	166
2558.65	156
2559.17	164.5
2559.69	173
2560.21	159
2560.72	163
2561.24	167
2561.76	170
2562.28	162
2562.8	168
2563.32	168
2563.84	158
2564.36	160
2564.88	159
2565.39	164
2565.91	169
2566.43	170
2566.95	167
2567.47	163
2567.99	162
2568.51	155
2569.02	164
2569.54	157
2570.06	162
2570.58	157
2571.1	167
2571.61	159
2572.13	164
2572.65	161
2573.17	164
2573.69	148
2574.2	144
2574.72	152
2575.24	155
2575.76	157
2576.27	165
2576.79	150
2577.31	156
2577.83	155
2578.34	156
2578.86	155
2579.38	161
2579.89	164
2580.41	168
2580.93	169
2581.45	151
2581.96	153
2582.48	151
2583	159
2583.51	158
2584.03	154
2584.55	158
2585.06	149
2585.58	154
2586.09	159
2586.61	164
2587.13	150
2587.64	154
2588.16	163
2588.68	152
2589.19	147
2589.71	159
2590.22	153
2590.74	158
2591.25	163
2591.77	157
2592.29	140
2592.8	166
2593.32	148
2593.83	156
2594.35	155
2594.86	157
2595.38	157
2595.89	160
2596.41	146
2596.92	151
2597.44	164
2597.95	161
2598.47	144
2598.98	150
2599.5	161
2600.01	154
2600.53	158
2601.04	156
2601.56	152
2602.07	145
2602.59	145
2603.1	153
2603.61	142
2604.13	153
2604.64	161
2605.16	153
2605.67	144
2606.19	150
2606.7	143
2607.21	157
2607.73	150
2608.24	147
2608.76	152
2609.27	145
2609.78	151
2610.3	161
2610.81	133
2611.32	146
2611.84	149
2612.35	145
2612.86	152
2613.38	154
2613.89	139
2614.4	146
2614.92	146
2615.43	144
2615.94	137
2616.45	134
2616.97	145
2617.48	149
2617.99	145
2618.51	156
2619.02	145
2619.53	140
2620.04	133
2620.55	139
2621.07	131
2621.58	142
2622.09	152
2622.6	138
2623.12	143
2623.63	140
2624.14	149
2624.65	134
2625.16	137
2625.68	135
2626.19	139
2626.7	147
2627.21	134
2627.72	131
2628.23	144
2628.75	151
2629.26	141
2629.77	145
2630.28	140
2630.79	139
2631.3	129
2631.81	141
2632.32	129
2632.84	146
2633.35	141
2633.86	151
2634.37	142
2634.88	136
2635.39	140
2635.9	144
2636.41	149
2636.92	135
2637.43	146
2637.94	140
2638.45	138
2638.96	147
2639.47	136
2639.98	134
2640.49	138
2641	144
2641.51	131
2642.02	133
2642.53	133
2643.04	139
2643.55	130
2644.06	135
2644.57	147
2645.08	137
2645.59	149
2646.1	148
2646.61	140
2647.12	144
2647.63	140
2648.14	145
2648.65	140
2649.16	133
2649.67	139
2650.17	130
2650.68	131
2651.19	136
2651.7	134
2652.21	145
2652.72	119
2653.23	139
2653.74	139
2654.24	128
2654.75	142
2655.26	138
2655.77	135
2656.28	138
2656.79	134
2657.29	133
2657.8	131
2658.31	136
2658.82	135
2659.33	141
2659.83	134
2660.34	133
2660.85	144
2661.36	140
2661.87	129
2662.37	131
2662.88	139
2663.39	148
2663.9	135
2664.4	140
2664.91	128
2665.42	143
2665.93	137
2666.43	141
2666.94	146
2667.45	151
2667.95	132
2668.46	140
2668.97	143
2669.47	135
2669.98	132
2670.49	150
2670.99	145
2671.5	137
2672.01	136
2672.51	136
2673.02	152
2673.53	141
2674.03	141
2674.54	139
2675.04	159
2675.55	145
2676.06	152
2676.56	147
2677.07	150
2677.58	156
2678.08	150
2678.59	154
2679.09	152
2679.6	153
2680.1	161
2680.61	153
2681.11	151
2681.62	157
2682.13	154
2682.63	152
2683.14	154
2683.64	158
2684.15	156
2684.65	165
2685.16	162
2685.66	162
2686.17	166
2686.67	173
2687.18	161
2687.68	165
2688.19	163
2688.69	174
2689.2	175
2689.7	172
2690.2	174
2690.71	182
2691.21	175
2691.72	181
2692.22	183
2692.73	195
2693.23	196
2693.73	184
2694.24	189
2694.74	190
2695.25	193
2695.75	202
2696.25	200
2696.76	192
2697.26	209
2697.76	209
2698.27	217
2698.77	213
2699.27	214
2699.78	210
2700.28	219
2700.78	233
2701.29	249
2701.79	222
2702.29	216
2702.8	238
2703.3	228
2703.8	255
2704.31	239
2704.81	249
2705.31	250
2705.81	252
2706.32	257
2706.82	250
2707.32	266
2707.82	268
2708.33	254
2708.83	283
2709.33	277
2709.83	260
2710.34	261
2710.84	275
2711.34	271
2711.84	272
2712.34	261
2712.84	269
2713.35	274
2713.85	280
2714.35	273
2714.85	261
2715.35	279
2715.85	279
2716.36	281
2716.86	281
2717.36	259
2717.86	264
2718.36	266
2718.86	268
2719.36	262
2719.87	282
2720.37	258
2720.87	263
2721.37	260
2721.87	259
2722.37	254
2722.87	270
2723.37	270
2723.87	259
2724.37	245
2724.87	271
2725.37	263
2725.87	248
2726.37	254
2726.87	254
2727.38	247
2727.87	237
2728.38	239
2728.88	246
2729.38	247
2729.87	232
2730.38	249
2730.87	239
2731.37	220
2731.87	239
2732.37	221
2732.87	245
2733.37	225
2733.87	226
2734.37	224
2734.87	225
2735.37	236
2735.87	230
2736.37	229
2736.87	227
2737.37	221
2737.87	225
2738.37	225
2738.86	223
2739.36	228
2739.86	237
2740.36	230
2740.86	241
2741.36	243
2741.86	226
2742.36	223
2742.85	234
2743.35	230
2743.85	244
2744.35	246
2744.85	230
2745.35	240
2745.84	243
2746.34	240
2746.84	241
2747.34	237
2747.84	247
2748.33	240
2748.83	241
2749.33	239
2749.83	236
2750.32	242
2750.82	226
2751.32	233
2751.82	231
2752.31	233
2752.81	228
2753.31	225
2753.81	218
2754.3	224
2754.8	222
2755.3	228
2755.79	206
2756.29	218
2756.79	220
2757.28	220
2757.78	204
2758.28	211
2758.77	227
2759.27	217
2759.77	208
2760.26	227
2760.76	208
2761.26	199
2761.75	206
2762.25	224
2762.75	215
2763.24	196
2763.74	213
2764.23	215
2764.73	214
2765.23	206
2765.72	207
2766.22	223
2766.71	220
2767.21	213
2767.71	207
2768.2	210
2768.7	212
2769.19	218
2769.69	214
2770.18	221
2770.68	218
2771.17	209
2771.67	214
2772.16	208
2772.66	218
2773.15	219
2773.65	207
2774.14	213
2774.64	228
2775.13	206
2775.63	212
2776.12	212
2776.62	218
2777.11	207
2777.61	216
2778.1	208
2778.59	205
2779.09	216
2779.58	212
2780.08	226
2780.57	211
2781.07	219
2781.56	206
2782.05	222
2782.55	223
2783.04	213
2783.54	218
2784.03	222
2784.52	226
2785.02	213
2785.51	228
2786	222
2786.5	216
2786.99	218
2787.48	223
2787.98	225
2788.47	233
2788.97	214
2789.46	224
2789.95	226
2790.44	239
2790.94	240
2791.43	229
2791.92	232
2792.42	229
2792.91	231
2793.4	236
2793.89	239
2794.39	241
2794.88	228
2795.37	244
2795.86	248
2796.36	255
2796.85	262
2797.34	266
2797.83	275
2798.33	262
2798.82	274
2799.31	288
2799.8	277
2800.29	287
2800.79	288
2801.28	292
2801.77	299
2802.26	300
2802.75	309
2803.24	317
2803.74	318
2804.23	321
2804.72	323
2805.21	339
2805.7	327
2806.19	373
2806.68	371
2807.18	368
2807.67	377
2808.16	399
2808.65	393
2809.14	411
2809.63	416
2810.12	422
2810.61	441
2811.1	436
2811.59	458
2812.08	486
2812.57	492
2813.07	520
2813.56	536
2814.05	542
2814.54	548
2815.03	595
2815.52	585
2816.01	603
2816.5	630
2816.99	671
2817.48	666
2817.97	711
2818.46	729
2818.95	745
2819.44	770
2819.93	788
2820.42	841
2820.91	858
2821.4	898
2821.88	928
2822.37	947
2822.86	1013
2823.35	1048
2823.84	1078
2824.33	1101
2824.82	1163
2825.31	1209
2825.8	1220
2826.29	1269
2826.78	1306
2827.27	1395
2827.75	1376
2828.24	1434
2828.73	1440
2829.22	1514
2829.71	1496
2830.2	1521
2830.69	1555
2831.18	1598
2831.66	1589
2832.15	1585
2832.64	1586
2833.13	1588
2833.62	1546
2834.1	1548
2834.59	1496
2835.08	1481
2835.57	1489
2836.06	1457
2836.54	1434
2837.03	1389
2837.52	1309
2838.01	1306
2838.5	1264
2838.98	1265
2839.47	1233.5
2839.96	1202
2840.45	1159
2840.93	1158
2841.42	1097
2841.91	1079
2842.39	1043
2842.88	1031
2843.37	999
2843.86	970
2844.34	987
2844.83	960
2845.32	905
2845.8	913
2846.29	887
2846.78	894
2847.26	878
2847.75	871
2848.24	860
2848.72	835
2849.21	821
2849.7	838
2850.18	836
2850.67	833
2851.15	833
2851.64	850
2852.13	840
2852.61	827
2853.1	816
2853.58	827
2854.07	838
2854.56	855
2855.04	848
2855.53	861
2856.01	856
2856.5	829
2856.98	892
2857.47	880
2857.96	871
2858.44	898
2858.93	922
2859.41	894
2859.9	922
2860.38	948
2860.87	939
2861.35	972
2861.84	1007
2862.32	1027
2862.81	1028
2863.29	1075
2863.78	1077
2864.26	1103
2864.75	1125
2865.23	1170
2865.72	1203
2866.2	1231
2866.68	1249
2867.17	1240
2867.65	1281
2868.14	1313
2868.62	1379
2869.11	1400
2869.59	1405
2870.07	1473
2870.56	1482
2871.04	1533
2871.53	1502
2872.01	1585
2872.49	1590
2872.98	1599
2873.46	1642
2873.94	1640
2874.43	1672
2874.91	1661
2875.39	1662
2875.88	1671
2876.36	1652
2876.85	1671
2877.33	1675
2877.81	1672
2878.3	1638
2878.78	1661
2879.26	1651
2879.74	1673
2880.23	1676
2880.71	1662
2881.19	1616
2881.68	1665
2882.16	1648
2882.64	1581
2883.12	1596
2883.61	1601
2884.09	1560
2884.57	1602
2885.05	1553
2885.54	1564
2886.02	1534
2886.5	1538
2886.98	1549
2887.46	1546
2887.95	1527
2888.43	1537
2888.91	1516
2889.39	1510
2889.87	1526
2890.36	1502
2890.84	1479
2891.32	1459
2891.8	1439
2892.28	1444
2892.76	1446
2893.25	1436
2893.73	1422
2894.21	1432
2894.69	1416
2895.17	1386
2895.65	1404
2896.13	1406
2896.61	1391
2897.09	1373
2897.58	1351
2898.06	1378
2898.54	1332
2899.02	1351
2899.5	1357
2899.98	1349
2900.46	1352
2900.94	1325
2901.42	1356
2901.9	1355
2902.38	1327
2902.86	1352
2903.34	1361
2903.82	1387
2904.3	1374
2904.78	1382
2905.26	1383
2905.74	1393
2906.22	1387
2906.7	1423
2907.18	1420
2907.66	1434
2908.14	1429
2908.62	1475
2909.1	1417
2909.58	1493
2910.06	1501
2910.54	1507
2911.02	1533
2911.5	1512
2911.98	1615
2912.46	1618
2912.94	1620
2913.42	1659
2913.9	1684
2914.38	1724
2914.85	1741
2915.33	1825
2915.81	1808
2916.29	1863
2916.77	1934
2917.25	1969
2917.73	2012
2918.21	2096
2918.69	2109
2919.16	2187
2919.64	2282
2920.12	2347
2920.6	2419
2921.08	2457
2921.56	2570
2922.03	2592
2922.51	2686
2922.99	2779
2923.47	2816
2923.95	2887
2924.42	2893
2924.9	2935
2925.38	3061
2925.86	3050
2926.33	3030
2926.81	3091
2927.29	3053
2927.77	3046
2928.25	3089
2928.72	3043
2929.2	3029
2929.68	2951
2930.16	2977
2930.63	2946
2931.11	2864
2931.59	2823
2932.06	2823
2932.54	2750
2933.02	2717
2933.5	2687
2933.97	2612
2934.45	2535
2934.93	2518
2935.4	2466
2935.88	2478
2936.36	2410
2936.83	2361
2937.31	2293
2937.78	2255
2938.26	2222
2938.74	2198
2939.21	2158
2939.69	2162
2940.17	2104
2940.64	2077
2941.12	2048
2941.59	2009
2942.07	1960
2942.55	1936
2943.02	1893
2943.5	1858.39
2943.97	1822.18
2944.45	1785.14
2944.93	1758.41
2945.4	1710.55
2945.88	1671.71
2946.35	1622.7
2946.83	1594.32
2947.3	1561.18
2947.78	1529.24
2948.25	1467.61
2948.73	1430.68
2949.2	1406.36
2949.68	1377.11
2950.15	1338.42
2950.63	1349.88
2951.1	1289.07
2951.58	1293.72
2952.05	1221.44
2952.53	1207.56
2953	1200.43
2953.48	1186.45
2953.95	1130.08
2954.43	1135.54
2954.9	1104.17
2955.38	1087.89
2955.85	1063.59
2956.32	1071.72
2956.8	1048.25
2957.27	1046.55
2957.75	1016.65
2958.22	1013.45
2958.7	1001.47
2959.17	1008.46
2959.64	990.526
2960.12	989.595
2960.59	993.937
2961.07	982.933
2961.54	980.672
2962.01	973.895
2962.49	1002.6
2962.96	1006.17
2963.43	1007.14
2963.91	980.917
2964.38	995.566
2964.85	988.848
2965.33	991.641
2965.8	1015.25
2966.27	994.269
2966.75	1017.66
2967.22	999.426
2967.69	1003.95
2968.17	1028.23
2968.64	1016.97
2969.11	1003.42
2969.59	1013.74
2970.06	1014.23
2970.53	1018.18
2971	1022.36
2971.48	1022.68
2971.95	1008.54
2972.42	999.021
2972.89	1001.43
2973.37	1003.17
2973.84	977.529
2974.31	979.854
2974.78	975.823
2975.26	959.976
2975.73	940.364
2976.2	906.74
2976.67	897.365
2977.14	888.338
2977.62	877.331
2978.09	861.377
2978.56	841.358
2979.03	831.301
2979.5	805.732
2979.98	791.262
2980.45	784.84
2980.92	778.422
2981.39	739.702
2981.86	720.824
2982.33	709.086
2982.8	692.557
2983.27	676.364
2983.75	655.264
2984.22	642.605
2984.69	648.878
2985.16	631.643
2985.63	614.829
2986.1	586.714
2986.57	568.882
2987.04	566.836
2987.52	555.843
2987.99	543.489
2988.46	530.35
2988.93	526.823
2989.4	505.067
2989.87	492.327
2990.34	486.229
2990.81	489.061
2991.28	484.396
2991.75	467.073
2991.99	467
2992.46	466
2992.93	462
2993.41	463
2993.88	455
2994.36	441
2994.83	420
2995.3	410
2995.77	420
2996.25	419
2996.72	398
2997.19	385
2997.67	385
2998.14	384
2998.61	369
2999.08	353
2999.56	364
3000.03	359
3000.5	345
3000.98	348
3001.45	329
3001.92	336
3002.39	333
3002.87	333
3003.34	328
3003.81	328
3004.28	329
3004.75	321
3005.23	291
3005.7	288
3006.17	295
3006.64	303
3007.11	301
3007.59	307
3008.06	283
3008.53	282
3009	299
3009.47	281
3009.95	292
3010.42	266
3010.89	263
3011.36	269
3011.83	257
3012.3	262
3012.77	261
3013.24	257
3013.72	257.5
3014.19	258
3014.66	246
3015.13	251
3015.6	243
3016.07	241
3016.54	267
3017.01	244
3017.48	252
3017.96	249
3018.43	254
3018.9	235
3019.37	237.5
3019.84	240
3020.31	247
3020.78	244
3021.25	224
3021.72	239
3022.19	244
3022.66	224
3023.13	222
3023.6	213
3024.07	213
3024.54	221
3025.01	216
3025.48	214
3025.95	217
3026.42	214
3026.89	227
3027.36	222
3027.83	218
3028.3	210
3028.77	217
3029.24	196
3029.71	194
3030.18	206
3030.65	193
3031.11	200
3031.58	201
3032.05	191
3032.52	197
3032.99	208
3033.46	195
3033.93	211
3034.4	189
3034.87	194
3035.34	189
3035.8	174
3036.27	179
3036.74	196
3037.21	186
3037.68	192
3038.15	186
3038.62	192
3039.08	181
3039.55	173
3040.02	182
3040.49	175
3040.96	187
3041.43	167
3041.89	175
3042.36	176
3042.83	183
3043.3	176
3043.77	177
3044.23	168
3044.7	165
3045.17	178
3045.64	164
3046.1	171
3046.57	169
3047.04	168
3047.51	164
3047.97	169
3048.44	160
3048.91	167
3049.38	162
3049.84	159
3050.31	150
3050.78	162
3051.25	175
3051.71	159
3052.18	160
3052.65	153
3053.11	150
3053.58	155
3054.05	165
3054.51	151
3054.98	147
3055.45	159
3055.91	157
3056.38	160
3056.85	164
3057.31	151
3057.78	158
3058.24	148
3058.71	153
3059.18	145
3059.64	158
3060.11	150
3060.58	136
3061.04	154
3061.51	153
3061.97	154
3062.44	142
3062.91	158
3063.37	141
3063.84	146
3064.3	149
3064.77	145
3065.23	150
3065.7	135
3066.16	154
3066.63	138
3067.1	149
3067.56	132
3068.03	141
3068.49	144
3068.96	134
3069.42	140
3069.89	140
3070.35	147
3070.82	140
3071.28	128
3071.75	146
3072.21	136
3072.67	146
3073.14	141
3073.6	137
3074.07	137
3074.53	140
3075	138
3075.46	140
3075.93	138
3076.39	124
3076.86	119
3077.32	133
3077.78	125
3078.25	139
3078.71	133
3079.18	123
3079.64	120
3080.1	124
3080.57	128
3081.03	134
3081.49	118
3081.96	129
3082.42	121
3082.89	132
3083.35	119
3083.81	122
3084.28	122
3084.74	121
3085.2	130
3085.67	117
3086.13	116
3086.59	125
3087.06	120
3087.52	120
3087.98	128
3088.45	107
3088.91	115
3089.37	131
3089.83	115
3090.3	127
3090.76	114
3091.22	113
3091.68	117
3092.15	106
3092.61	119
3093.07	121
3093.53	109
3094	109
3094.46	112
3094.92	109
3095.38	111
3095.85	112
3096.31	117
3096.77	118
3097.23	118
3097.69	116
3098.16	115
3098.62	121
3099.08	114
3099.54	112
3100	117
3100.47	116
3100.93	119
3101.39	120
3101.85	112
3102.31	108
3102.77	112
3103.23	116
3103.7	120
3104.16	108
3104.62	108
3105.08	114
3105.54	114
3106	111
3106.46	118
3106.92	114
3107.38	127
3107.84	116
3108.31	116
3108.77	111
3109.23	111
3109.69	111
3110.15	128
3110.61	111
3111.07	113
3111.53	116
3111.99	108
3112.45	111
3112.91	120
3113.37	101
3113.83	117
3114.29	94
3114.75	107
3115.21	103
3115.67	101
3116.13	107
3116.59	100
3117.05	102
3117.51	100
3117.97	102
3118.43	98
3118.89	101
3119.35	103
3119.81	114
3120.27	98
3120.73	102
3121.19	98
3121.65	97
3122.11	98
3122.57	105
3123.02	96
3123.48	100
3123.94	92
3124.4	95
3124.86	93
3125.32	93
3125.78	95
3126.24	97
3126.7	88
3127.16	99
3127.61	86
3128.07	96
3128.53	91
3128.99	92
3129.45	103
3129.91	90
3130.37	94
3130.82	90
3131.28	93
3131.74	100
3132.2	85
3132.66	88
3133.11	89
3133.57	94
3134.03	93
3134.49	96
3134.95	93
3135.4	83
3135.86	88
3136.32	91
3136.78	91
3137.23	93
3137.69	93
3138.15	97
3138.61	92
3139.07	98
3139.52	92
3139.98	98
3140.44	91
3140.89	89
3141.35	88
3141.81	94
3142.27	90
3142.72	97
3143.18	88
3143.64	103
3144.09	90
3144.55	96
3145.01	91
3145.46	104
3145.92	97
3146.38	96
3146.83	80
3147.29	94
3147.75	94
3148.2	86
3148.66	95
3149.12	92
3149.57	87
3150.03	92
3150.49	100
3150.94	85
3151.4	96
3151.85	93
3152.31	92
3152.77	102
3153.22	99
3153.68	87
3154.13	87
3154.59	95
3155.04	94
3155.5	94
3155.96	97
3156.41	91
3156.87	95
3157.32	90
3157.78	97
3158.23	86
3158.69	98
3159.14	95
3159.6	89
3160.05	96
3160.51	96
3160.96	97
3161.42	91
3161.87	97
3162.33	89
3162.78	97
3163.24	90
3163.69	88
3164.15	89
3164.6	87
3165.06	95
3165.51	93
3165.97	86
3166.42	92
3166.88	96
3167.33	95
3167.78	93
3168.24	87
3168.69	87
3169.15	83
3169.6	92
3170.05	90
3170.51	93
3170.96	93
3171.42	93
3171.87	95
3172.32	91
3172.78	89
3173.23	90
3173.68	88
3174.14	93
3174.59	82
3175.05	82
3175.5	91
3175.95	95
3176.41	94
3176.86	94
3177.31	88
3177.77	89
3178.22	88
3178.67	87
3179.12	89
3179.58	88
3180.03	88
3180.48	86
3180.94	90
3181.39	94
3181.84	91
3182.29	86
3182.75	94
3183.2	86
3183.65	91
3184.1	97
3184.56	94
3185.01	94
3185.46	92
3185.91	84
3186.37	102
3186.82	86
3187.27	95
3187.72	83
3188.18	88
3188.63	95
3189.08	95
3189.53	95
3189.98	89
3190.44	93
3190.89	101
3191.34	86
3191.79	93
3192.24	96
3192.69	106
3193.15	94
3193.6	99
3194.05	97
3194.5	86
3194.95	103
3195.4	102
3195.85	97
3196.31	94
3196.76	102
3197.21	99
3197.66	101
3198.11	101
3198.56	90
3199.01	96
3199.46	93
3199.91	101
3200.36	99
3200.81	99
3201.27	108
3201.72	98
3202.17	99
3202.62	98
3203.07	98
3203.52	102
3203.97	103
3204.42	100
3204.87	99
3205.32	110
3205.77	101
3206.22	103
3206.67	100
3207.12	104
3207.57	100
3208.02	117
3208.47	107
3208.92	99
3209.37	103
3209.82	98
3210.27	101
3210.72	109
3211.17	94
3211.62	97
3212.07	104
3212.52	95
3212.96	94
3213.41	101
3213.86	97
3214.31	95
3214.76	96
3215.21	98
3215.66	102
3216.11	100
3216.56	111
3217.01	100
3217.46	100
3217.9	101
3218.35	99
3218.8	92
3219.25	110
3219.7	99
3220.15	106
3220.6	96
3221.04	94
3221.49	98
3221.94	109
3222.39	100
3222.84	103
3223.29	107
3223.73	100
3224.18	106
3224.63	102
3225.08	105
3225.53	101
3225.98	107
3226.42	96
3226.87	102
3227.32	109
3227.77	100
3228.21	93
3228.66	103
3229.11	104
3229.56	102
3230	109
3230.45	108
3230.9	103
3231.35	112
3231.79	107
3232.24	99
3232.69	107
3233.14	99
3233.58	111
3234.03	100
3234.48	97
3234.92	107
3235.37	109
3235.82	103
3236.26	102
3236.71	110
3237.16	105
3237.61	105
3238.05	101
3238.5	119
3238.95	106
3239.39	110
3239.84	102
3240.28	106
3240.73	101
3241.18	101
3241.62	108
3242.07	105
3242.52	101
3242.96	107
3243.41	104
3243.85	113
3244.3	99
3244.75	109
3245.19	111
3245.64	113
3246.08	110
3246.53	97
3246.97	111
3247.42	113
3247.87	104
3248.31	104
3248.76	104
3249.2	97
3249.65	101
3250.09	106
3250.54	101
3250.98	112
3251.43	106
3251.87	108
3252.32	101
3252.76	104
3253.21	108
3253.65	99
3254.1	111
3254.54	105
3254.99	111
3255.43	111
3255.88	109
3256.32	108
3256.77	100
3257.21	104
3257.66	100
3258.1	105
3258.54	106
3258.99	113
3259.43	101
3259.88	104
3260.32	102
3260.77	106
3261.21	104
3261.65	108
3262.1	105
3262.54	110
3262.99	111
3263.43	112
3263.87	101
3264.32	100
3264.76	108
3265.21	99
3265.65	110
3266.09	100
3266.54	103
3266.98	114
3267.42	97
3267.87	95
3268.31	104
3268.75	113
3269.2	95
3269.64	112
3270.08	107
3270.53	102
3270.97	103
3271.41	111
3271.86	117
3272.3	99
3272.74	110
3273.18	111
3273.63	106
3274.07	110
3274.51	107
3274.95	107
3275.4	108
3275.84	106
3276.28	102
3276.72	97
3277.17	111
3277.61	101
3278.05	107
3278.49	90
3278.94	112
3279.38	106
3279.82	100
3280.26	102
3280.7	103
3281.15	102
3281.59	94
3282.03	98
3282.47	102
3282.91	98
3283.36	103
3283.8	106
3284.24	103
3284.68	103
3285.12	94
3285.56	94
3286	105
3286.45	89
3286.89	105
3287.33	100
3287.77	100
3288.21	101
3288.65	101
3289.09	105
3289.53	93
3289.98	92
3290.42	96
3290.86	101
3291.3	98
3291.74	101
3292.18	91
3292.62	97
3293.06	100
3293.5	94
3293.94	97
3294.38	100
3294.82	98
3295.26	99
3295.7	100
3296.14	96
3296.58	101
3297.02	98
3297.46	95
3297.91	93
3298.34	92
3298.79	92
3299.23	95
3299.67	93
3300.11	97
3300.54	105
3300.99	96
3301.42	94
3301.86	99
3302.3	99
3302.74	98
3303.18	96
3303.62	85
3304.06	92
3304.5	98
3304.94	96
3305.38	87
3305.82	88
3306.26	99
3306.7	92
3307.14	93
3307.58	79
3308.02	96
3308.45	97
3308.89	95
3309.33	95
3309.77	86
3310.21	94
3310.65	90
3311.09	97
3311.53	84
3311.96	98
3312.4	88
3312.84	99
3313.28	99
3313.72	82
3314.16	83
3314.59	93
3315.03	99
3315.47	93
3315.91	85
3316.35	93
3316.79	95
3317.22	91
3317.66	103
3318.1	89
3318.54	93
3318.98	96
3319.41	98
3319.85	92
3320.29	86
3320.73	92
3321.16	91
3321.6	98
3322.04	89
3322.48	100
3322.91	93
3323.35	93
3323.79	95
3324.23	85
3324.66	90
3325.1	99
3325.54	94
3325.98	93
3326.41	82
3326.85	85
3327.29	92
3327.72	86
3328.16	90
3328.6	93
3329.03	93
3329.47	90
3329.91	82
3330.34	89
3330.78	90
3331.22	89
3331.65	91
3332.09	84
3332.53	91
3332.96	83
3333.4	92
3333.83	83
3334.27	88
3334.71	92
3335.14	97
3335.58	89
3336.02	90
3336.45	86
3336.89	84
3337.32	86
3337.76	81
3338.19	81
3338.63	86
3339.07	87
3339.5	83
3339.94	82
3340.37	86
3340.81	84
3341.24	81
3341.68	91
3342.11	79
3342.55	80
3342.98	82
3343.42	87
3343.86	91
3344.29	84
3344.72	92
3345.16	89
3345.6	88
3346.03	78
3346.47	85
3346.9	78
3347.33	84
3347.77	77
3348.2	81
3348.64	79
3349.07	79
3349.51	83
3349.94	82
3350.38	80
3350.81	86
3351.25	86
3351.68	76
3352.11	81
3352.55	78
3352.98	76
3353.42	79
3353.85	73
3354.28	77
3354.72	75
3355.15	80
3355.59	71
3356.02	75
3356.45	78
3356.89	81
3357.32	83
3357.76	79
3358.19	78
3358.62	77
3359.06	77
3359.49	75
3359.92	72
3360.36	77
3360.79	83
3361.22	82
3361.66	77
3362.09	75
3362.52	79
3362.96	86
3363.39	73.0817
3363.82	64.2647
3364.25	79.0802
3364.69	74.6085
3365.12	80.9559
3365.55	85.6785
3365.99	85.9363
3366.42	80.5872
3366.85	85.0031
3367.28	79.6501
3367.72	79.6204
3368.15	81.451
3368.58	79.4999
3369.01	76.548
3369.45	87.8041
3369.88	77.6716
3370.31	75.4989
3370.74	80.1629
3371.18	77.1472
3371.61	81.8257
3372.04	75.7702
3372.47	77.034
3372.9	74.9633
3373.34	72.2788
3373.77	74.3485
3374.2	77.1521
3374.63	76.4031
3375.06	77.6562
3375.5	78.6848
3375.93	75.7554
3376.36	79.145
3376.79	76.9133
3377.22	78.928
3377.65	76.5563
3378.08	71.9302
3378.52	79.6013
3378.95	80.8643
3379.38	73.3339
3379.81	74.4467
3380.24	72.85
3380.67	79.6542
3381.1	79.5017
3381.53	79.9684
3381.97	70.8096
3382.4	80.3512
3382.83	77.9188
3383.26	73.8671
3383.69	77.8694
3384.12	78.1635
3384.55	72.8233
3384.98	70.3342
3385.41	73.3406
3385.84	75.3859
3386.27	75.9275
3386.7	71.728
3387.13	70.9243
3387.56	74.2945
3388	72.223
3388.43	72.2514
3388.86	75.8951
3389.29	74.8912
3389.72	75.133
3390.15	74.0344
3390.58	77.1486
3391.01	75.0235
3391.44	73.123
3391.87	70.3938
3392.3	68.577
3392.73	73.7563
3393.16	75.6049
3393.59	72.7531
3394.02	68.5909
3394.45	71.5742
3394.87	76.6093
3395.3	76.0369
3395.73	77.0884
3396.16	73.9483
3396.59	74.2252
3397.02	72.3748
3397.45	72.0869
3397.88	75.4511
3398.31	72.3668
3398.74	73.1634
3399.17	77.931
3399.6	75.4802
3400.03	72.9762
3400.46	73.4402
3400.88	70.0744
3401.31	72.2794
3401.74	74
3402.17	76.0216
3402.6	75.4213
3403.03	73.7255
3403.46	79.1924
3403.89	78.9123
3404.32	78.1932
3404.74	76.6619
3405.17	76.0508
3405.6	74.009
3406.03	77.172
3406.46	73.2901
3406.89	75.6397
3407.17	71
3407.6	77
3408.03	79
3408.47	73
3408.9	71
3409.33	79
3409.76	77
3410.19	72
3410.62	79
3411.05	75
3411.48	60
3411.91	73
3412.34	70
3412.78	68
3413.21	62
3413.64	72
3414.07	74
3414.5	66
3414.93	70
3415.36	71
3415.79	77
3416.22	68
3416.65	72
3417.08	71
3417.51	67
3417.94	66
3418.37	74
3418.8	67
3419.23	70
3419.66	64
3420.09	73
3420.52	77
3420.95	64
3421.38	73
3421.81	67
3422.24	68
3422.67	65
3423.1	65
3423.53	63
3423.96	67
3424.39	68
3424.82	61
3425.25	65
3425.68	71
3426.11	69
3426.54	64
3426.97	63
3427.39	67
3427.82	71
3428.25	66
3428.68	65
3429.11	63
3429.54	67
3429.97	66
3430.4	62
3430.83	63
3431.26	64
3431.69	58
3432.11	66
3432.54	64.5
3432.97	63
3433.4	66
3433.83	59
3434.26	55
3434.68	67
3435.11	62
3435.54	66
3435.97	66
3436.4	60
3436.83	62
3437.26	66
3437.68	59
3438.11	70
3438.54	67
3438.97	62
3439.39	63
3439.82	61
3440.25	69
3440.68	56
3441.11	58
3441.53	64
3441.96	55
3442.39	65
3442.82	63
3443.24	63
3443.67	64
3444.1	67
3444.53	65
3444.95	64
3445.38	67
3445.81	61
3446.24	59
3446.66	58
3447.09	59
3447.52	68
3447.95	68
3448.37	57
3448.8	67
3449.23	57
3449.65	59
3450.08	60
3450.51	62
3450.93	64
3451.36	64
3451.79	55
3452.21	64
3452.64	61
3453.07	61
3453.49	64
3453.92	64
3454.35	60
3454.77	55
3455.2	61
3455.62	63
3456.05	64
3456.48	63
3456.9	51
3457.33	64
3457.75	54
3458.18	66
3458.61	60
3459.03	59
3459.46	62
3459.88	56
3460.31	55
3460.74	62
3461.16	57
3461.59	65
3462.01	60
3462.44	56
3462.86	62
3463.29	63
3463.71	60
3464.14	65
3464.56	58
3464.99	61
3465.42	61
3465.84	59
3466.27	64
3466.69	61
3467.12	59
3467.54	55
3467.97	54
3468.39	55
3468.82	60
3469.24	50
3469.67	59
3470.09	56
3470.51	60
3470.94	59
3471.36	57
3471.79	49
3472.21	60
3472.64	49
3473.06	57
3473.49	51
3473.91	60
3474.33	56
3474.76	59
3475.18	55
3475.61	58
3476.03	51
3476.46	57
3476.88	57
3477.3	58
3477.73	51
3478.15	60
3478.57	62
3479	57
3479.42	67
3479.85	58
3480.27	54
3480.69	53
3481.12	55
3481.54	57
3481.96	51
3482.39	54
3482.81	56
3483.23	65
3483.66	53
3484.08	48
3484.5	53
3484.93	60
3485.35	59
3485.77	60
3486.2	57
3486.62	56
3487.04	62
3487.46	48
3487.89	56
3488.31	56
3488.73	57
3489.16	53
3489.58	52
3490	55
3490.42	51
3490.85	51
3491.27	53
3491.69	54
3492.11	55
3492.54	54
3492.96	58
3493.38	52
3493.8	50
3494.23	54
3494.65	54
3495.07	46
3495.49	52
3495.91	51
3496.33	51
3496.76	53
3497.18	56
3497.6	51
3498.02	53
3498.44	55
3498.87	51
3499.29	52
3499.71	54
3500.13	55
3500.55	58
3500.97	50
3501.4	53
3501.82	53
3502.24	50
3502.66	54
3503.08	48
3503.5	48
3503.92	46
3504.34	45
3504.76	46
3505.19	53
3505.61	51
3506.03	46
3506.45	46
3506.87	55
3507.29	48
3507.71	52
3508.13	48
3508.55	49
3508.97	47
3509.39	44
3509.81	51
3510.23	49
3510.65	51
3511.07	49
3511.5	48
3511.92	46
3512.34	45
3512.76	44
3513.18	49
3513.6	46
3514.02	58
3514.44	52
3514.86	45
3515.28	56
3515.7	50
3516.12	50
3516.54	58
3516.96	44
3517.38	52
3517.79	52
3518.22	52
3518.63	57
3519.05	45
3519.47	56
3519.89	51
3520.31	54
3520.73	53
3521.15	49
3521.57	53
3521.99	52
3522.41	57
3522.83	54
3523.25	53
3523.67	51
3524.09	57
3524.5	54
3524.92	55
3525.34	51
3525.76	48
3526.18	55
3526.6	59
3527.02	49
3527.44	43
3527.85	48
3528.27	49
3528.69	55
3529.11	51
3529.53	55
3529.95	49
3530.37	46
3530.78	56
3531.2	47
3531.62	52
3532.04	45
3532.46	43
3532.87	51
3533.29	52
3533.71	52
3534.13	47
3534.55	42
3534.96	52
3535.38	47
3535.8	48
3536.22	49
3536.63	48
3537.05	50
3537.47	46
3537.89	50
3538.31	46
3538.72	49
3539.14	42
3539.56	42
3539.98	48
3540.39	50
3540.81	47
3541.23	44
3541.64	44
3542.06	43
3542.48	43
3542.89	41
3543.31	39
3543.73	46
3544.15	44
3544.56	46
3544.98	49
3545.4	43
3545.81	55
3546.23	41
3546.65	40
3547.06	46
3547.48	39
3547.9	48
3548.31	44
3548.73	41
3549.14	42
3549.56	51
3549.98	41
3550.39	44
3550.81	46
3551.23	44
3551.64	42
3552.06	50
3552.47	49
3552.89	41
3553.31	43
3553.72	43
3554.14	43
3554.55	43
3554.97	47
3555.39	47
3555.8	46
3556.22	47
3556.63	45
3557.05	43
3557.46	43
3557.88	50
3558.29	47
3558.71	49
3559.12	46
3559.54	47
3559.96	50
3560.37	50
3560.79	49
3561.2	46
3561.62	49
3562.03	46
3562.45	50
3562.86	56
3563.28	48
3563.69	46
3564.11	47
3564.52	49
3564.93	50
3565.35	49
3565.76	54
3566.18	48
3566.59	50
3567.01	43
3567.42	45
3567.84	46
3568.25	51
3568.67	52
3569.08	52
3569.49	45
3569.91	54
3570.32	48
3570.74	45
3571.15	48
3571.56	49
3571.98	45
3572.39	47
3572.81	46
3573.22	53
3573.63	48
3574.05	43
3574.46	48
3574.88	38
3575.29	47
3575.7	42
3576.12	51
3576.53	47
3576.94	52
3577.36	43
3577.77	49
3578.18	52
3578.6	51
3579.01	52
3579.42	46
3579.84	43
3580.25	47
3580.66	51
3581.08	40
3581.49	41
3581.9	36
3582.31	45
3582.73	44
3583.14	47
3583.55	37
3583.96	47
3584.38	40
3584.79	46
3585.2	37
3585.61	41
3586.03	43
3586.44	42
3586.85	44
3587.27	33
3587.68	39
3588.09	48
3588.5	41
3588.91	42
3589.33	38
3589.74	43
3590.15	39
3590.56	40
3590.97	41
3591.39	41
3591.8	38
3592.21	34
3592.62	39
3593.03	47
3593.45	41
3593.86	48
3594.27	43
3594.68	43
3595.09	46
3595.5	47
3595.91	44
3596.33	38
3596.74	43
3597.15	45
3597.56	40
3597.97	38
3598.38	41
3598.79	40
3599.21	38
3599.62	48
3600.03	37
3600.44	40
3600.85	35
3601.26	49
3601.67	48
3602.08	40
3602.49	47
3602.9	45
3603.31	45
3603.72	45
3604.14	48
3604.55	44
3604.96	50
3605.37	44
3605.78	44
3606.19	45
3606.6	45
3607.01	49
3607.42	47
3607.83	51
3608.24	49
3608.65	42
3609.06	45
3609.47	52
3609.88	51
3610.29	47
3610.7	45
3611.11	44
3611.52	51
3611.93	50
3612.34	51
3612.75	43
3613.16	47
3613.57	50
3613.98	49
3614.39	47
3614.8	51
3615.2	48
3615.61	51
3616.02	51
3616.43	47
3616.84	50
3617.25	44
3617.66	51
3618.07	52
3618.48	50
3618.89	44
3619.3	46
3619.71	45
3620.11	47
3620.52	43
3620.93	41
3621.34	40
3621.75	48
3622.16	51
3622.57	38
3622.98	52
3623.38	42
3623.79	42
3624.2	43
3624.61	41
3625.02	45
3625.43	47
3625.83	41
3626.24	41
3626.65	43
3627.06	45
3627.47	42
3627.88	42
3628.28	50
3628.69	43
3629.1	41
3629.51	38
3629.92	43
3630.32	49
3630.73	43
3631.14	43
3631.55	40
3631.95	46
3632.36	36
3632.77	39
3633.18	41
3633.58	41
3633.99	35
3634.4	40
3634.81	41
3635.21	45
3635.62	44
3636.03	42
3636.44	37
3636.84	39
3637.25	47
3637.66	39
3638.06	47
3638.47	42.5
3638.88	38
3639.28	36
3639.69	44
3640.1	44
3640.51	43
3640.91	41
3641.32	46
3641.73	39
3642.13	41
3642.54	48
3642.95	47
3643.35	36
3643.76	40
3644.16	43
3644.57	39
3644.98	44
3645.38	43
3645.79	42
3646.2	43
3646.6	49
3647.01	41
3647.41	41
3647.82	44
3648.23	39
3648.63	46
3649.04	42
3649.44	48
3649.85	49
3650.25	42
3650.66	48
3651.07	49
3651.47	45
3651.88	44
3652.28	48
3652.69	41
3653.09	42
3653.5	47
3653.91	44
3654.31	58
3654.72	51
3655.12	49
3655.53	50
3655.93	46
3656.34	49
3656.74	46
3657.15	46
3657.55	45
3657.96	56
3658.36	47
3658.77	52
3659.17	44
3659.58	46
3659.98	48
3660.38	51
3660.79	50
3661.19	48
3661.6	48
3662	49
3662.41	45
3662.81	43
3663.22	41
3663.62	45
3664.03	50
3664.43	45
3664.83	50
3665.24	43
3665.64	43
3666.05	46
3666.45	43
3666.85	46
3667.26	43
3667.66	48
3668.07	43
3668.47	41
3668.87	41
3669.28	42
3669.68	46
3670.09	39
3670.49	40
3670.89	42
3671.3	42
3671.7	39
3672.1	38
3672.51	38
3672.91	37
3673.31	41
3673.72	44
3674.12	41
3674.52	38
3674.93	43
3675.33	45
3675.73	40
3676.14	36
3676.54	38
3676.94	40
3677.34	39
3677.75	45
3678.15	41
3678.55	41
3678.95	39
3679.36	34
3679.76	48
3680.16	38
3680.57	46
3680.97	44
3681.37	48
3681.77	45
3682.18	42
3682.58	43
3682.98	45
3683.38	46
3683.78	39
3684.19	44
3684.59	42
3684.99	45
3685.39	44
3685.8	46
3686.2	49
3686.6	40
3687	37
3687.4	46
3687.8	48
3688.21	46
3688.61	45
3689.01	39
3689.41	46
3689.81	40
3690.21	46
3690.62	45
3691.02	51
3691.42	55
3691.82	49
3692.22	48
3692.62	53
3693.02	50
3693.43	51
3693.83	48
3694.23	43
3694.63	45
3695.03	44
3695.43	44
3695.83	49
3696.23	50
3696.63	55
3697.04	45
3697.44	49
3697.84	48
3698.24	50
3698.64	50
3699.04	44
3699.44	47
3699.84	56
3700.24	52
3700.64	51
3701.04	47
3701.44	45
3701.84	48
3702.24	45
3702.64	43
3703.04	45
3703.44	44
3703.84	41
3704.24	41
3704.64	45
3705.04	45
3705.44	36
3705.84	42
3706.24	42
3706.64	39
3707.04	41
3707.44	39
3707.84	45
3708.24	38
3708.64	36
3709.04	36
3709.44	40
3709.84	44
3710.24	35
3710.64	40
3711.04	35
3711.44	30
3711.84	42
3712.24	35
3712.64	40
3713.03	38
3713.43	33
3713.83	40
3714.23	35
3714.63	39
3715.03	34
3715.43	42
3715.83	36
3716.23	38
3716.63	32
3717.02	36
3717.42	40
3717.82	32
3718.22	30
3718.62	33
3719.02	36
3719.42	39
3719.81	39
3720.21	35
3720.61	33
3721.01	35
3721.41	39
3721.81	43
3722.2	36
3722.6	36
3723	42
3723.4	36
3723.8	40
3724.2	33
3724.59	37
3724.99	37
3725.39	48
3725.79	33
3726.18	36
3726.58	42
3726.98	38
3727.38	37
3727.78	43
3728.17	41
3728.57	31
3728.97	44
3729.37	40
3729.76	41
3730.16	38
3730.56	44
3730.96	42
3731.35	40
3731.75	34
3732.15	38
3732.54	43
3732.94	42
3733.34	42
3733.74	48
3734.13	42
3734.53	45
3734.93	41
3735.32	52
3735.72	44
3736.12	50
3736.51	45
3736.91	43
3737.31	51
3737.7	45
3738.1	48
3738.5	41
3738.89	46
3739.29	49
3739.69	47
3740.08	42
3740.48	45
3740.87	45
3741.27	47
3741.67	44
3742.06	43
3742.46	42
3742.85	40
3743.25	48
3743.65	44
3744.04	48
3744.44	43
3744.83	50
3745.23	46
3745.63	43
3746.02	48
3746.42	44
3746.81	39.9926
3747.21	47.8938
3747.6	40.258
3748	41.2606
3748.4	51.67
3748.79	45.8693
3749.19	43.9863
3749.58	46.8515
3749.98	46.0115
3750.37	45.0377
3750.77	41.9719
3751.16	40.9842
3751.56	39.6287
3751.95	39.599
3752.35	45.6124
3752.74	42.3337
3753.14	46.0667
3753.53	45.6535
3753.93	40.5078
3754.32	41.7298
3754.72	38.5155
3755.11	38.6957
3755.51	36.8552
3755.9	40.78
3756.3	42.1342
3756.69	39.4348
3757.09	36.0656
3757.48	39.8224
3757.87	40.2949
3758.27	39.9746
3758.66	39.8088
3759.06	35.6903
3759.45	37.8662
3759.85	42.3441
3760.24	43.1731
3760.64	43.0288
3761.03	39.7729
3761.42	45.4065
3761.82	34.3252
3762.21	41.7738
3762.61	41.2577
3763	38.7015
3763.39	41.0671
3763.79	44.0746
3764.18	44.4475
3764.57	40.5011
3764.97	39.5128
3765.36	43.6927
3765.76	45.9612
3766.15	41.991
3766.54	45.3462
3766.94	44.565
3767.33	46.4553
3767.72	44.0305
3768.12	42.2599
3768.51	47.4622
3768.9	43.0647
3769.3	39.4632
3769.69	49.1324
3770.08	46.6494
3770.48	43.5852
3770.87	42.2269
3771.26	42.8503
3771.66	49.8066
3772.05	46.7603
3772.44	49.0335
3772.84	48.4796
3773.23	55.4516
3773.62	46.8102
3774.01	49.1208
3774.41	48.194
3774.8	45.2324
3775.19	48.4432
3775.58	50.9159
3775.98	54.8064
3776.37	45.0343
3776.76	51.68
3777.15	54.8347
3777.55	48.5275
3777.94	48.5331
3778.33	52.2986
3778.72	51.7526
3779.12	56.7924
3779.51	53.9082
3779.9	45.5958
3780.29	48.5421
3780.69	51.0704
3781.08	45.9101
3781.47	46.8429
3781.86	44.1943
3782.25	45.029
3782.65	48.1332
3783.04	45.0685
3783.43	40.9586
3783.82	44.4278
3784.21	50.7802
3784.6	48.3154
3785	44.1734
3785.39	47.2048
3785.78	43.9756
3786.17	46.2469
3786.29	48
3786.68	40
3787.07	50
3787.47	43
3787.86	43
3788.26	33
3788.65	46
3789.05	46
3789.44	38
3789.83	41
3790.23	40
3790.62	38
3791.02	40
3791.41	33
3791.8	41
3792.2	42
3792.59	39
3792.98	36
3793.38	35
3793.77	38
3794.17	41
3794.56	37
3794.95	33
3795.35	34
3795.74	40
3796.13	35
3796.53	31
3796.92	34
3797.31	38
3797.71	35
3798.1	36
3798.49	42
3798.89	33
3799.28	32
3799.67	35
3800.07	36
3800.46	34
3800.85	31
3801.24	34
3801.64	38
3802.03	42
3802.42	28
3802.82	37
3803.21	33
3803.6	40
3803.99	36
3804.39	38
3804.78	39
3805.17	34.5
3805.56	30
3805.96	34
3806.35	34
3806.74	40
3807.13	37
3807.53	41
3807.92	31
3808.31	37
3808.7	43
3809.09	41
3809.49	40
3809.88	38
3810.27	36
3810.66	37
3811.05	34
3811.45	32
3811.84	41
3812.23	43
3812.62	43
3813.01	42
3813.41	46
3813.8	44
3814.19	43
3814.58	42
3814.97	45
3815.36	42
3815.75	48
3816.15	44
3816.54	46
3816.93	53
3817.32	41
3817.71	51
3818.1	46
3818.49	50
3818.88	48
3819.28	47
3819.67	44
3820.06	36
3820.45	47
3820.84	48
3821.23	45
3821.62	43
3822.01	50
3822.4	45
3822.79	45
3823.18	42
3823.57	48
3823.97	49
3824.36	46
3824.75	44
3825.14	43
3825.53	42
3825.92	44
3826.31	44
3826.7	43
3827.09	47
3827.48	47
3827.87	47
3828.26	34
3828.65	44
3829.04	37
3829.43	44
3829.82	42
3830.21	42
3830.6	42
3830.99	45
3831.38	40
3831.77	44
3832.16	45
3832.55	41
3832.94	41
3833.33	41
3833.72	37
3834.11	40
3834.5	39
3834.89	43
3835.28	31
3835.66	33
3836.05	27
3836.44	40
3836.83	38
3837.22	37
3837.61	32
3838	35
3838.39	39
3838.78	41
3839.17	36
3839.56	35
3839.95	41
3840.33	36
3840.72	42
3841.11	37
3841.5	38
3841.89	36
3842.28	37
3842.67	39
3843.06	30
3843.44	37
3843.83	39
3844.22	41
3844.61	37
3845	42
3845.39	39
3845.78	39
3846.16	38
3846.55	40
3846.94	43
3847.33	35
3847.72	38
3848.11	35
3848.49	41
3848.88	41
3849.27	41
3849.66	37
3850.05	44
3850.43	43
3850.82	39
3851.21	42
3851.6	34
3851.98	37
3852.37	42
3852.76	48
3853.15	50
3853.54	41
3853.92	52
3854.31	47
3854.7	48
3855.08	47
3855.47	48
3855.86	46
3856.25	47
3856.63	44
3857.02	43
3857.41	51
3857.8	54
3858.18	49
3858.57	51
3858.96	51
3859.34	45
3859.73	42
3860.12	47
3860.5	47
3860.89	46
3861.28	43
3861.66	45
3862.05	46
3862.44	51
3862.82	49
3863.21	48
3863.6	50
3863.98	49
3864.37	57
3864.76	51
3865.14	47
3865.53	49
3865.92	45
3866.3	41
3866.69	48
3867.08	53
3867.46	56
3867.85	42
3868.23	41
3868.62	36
3869.01	50
3869.39	42
3869.78	47
3870.16	32
3870.55	49
3870.94	47
3871.32	43
3871.71	39
3872.09	42
3872.48	40
3872.86	41
3873.25	40
3873.64	40
3874.02	43
3874.41	39
3874.79	30
3875.18	36
3875.56	39
3875.95	42
3876.33	34
3876.72	33
3877.1	40
3877.49	39
3877.87	43
3878.26	37
3878.64	36
3879.03	37
3879.41	39
3879.8	37
3880.18	37
3880.57	32
3880.95	35
3881.34	38
3881.72	33
3882.11	35
3882.49	34
3882.88	37
3883.26	36
3883.65	36
3884.03	37
3884.41	36
3884.8	39
3885.18	40
3885.57	34
3885.95	44
3886.34	40
3886.72	35
3887.1	38
3887.49	40
3887.87	38
3888.26	39
3888.64	40
3889.02	37
3889.41	41
3889.79	43
3890.18	41
3890.56	41
3890.94	40
3891.33	45
3891.71	44
3892.09	40
3892.48	37
3892.86	46
3893.25	41
3893.63	40
3894.01	46
3894.4	44
3894.78	44
3895.16	39
3895.55	42
3895.93	38
3896.31	42
3896.7	40
3897.08	42
3897.46	39
3897.84	52
3898.23	46
3898.61	52
3898.99	45
3899.38	49
3899.76	38
3900.14	50
3900.52	44
3900.91	45
3901.29	47
3901.67	42
3902.06	50
3902.44	56
3902.82	52
3903.2	47
3903.59	46
3903.97	52
3904.35	50
3904.73	46
3905.12	46
3905.5	40
3905.88	50
3906.26	46
3906.64	52
3907.03	48
3907.41	42
3907.79	43
3908.17	42
3908.56	50
3908.94	47
3909.32	45
3909.7	39
3910.08	48
3910.46	42
3910.85	41
3911.23	39
3911.61	46
3911.99	40
3912.37	40
3912.75	42
3913.14	38
3913.52	43
3913.9	39
3914.28	38
3914.66	38
3915.04	44
3915.42	41
3915.81	40
3916.19	33
3916.57	42
3916.95	36
3917.33	42
3917.71	37
3918.09	35
3918.47	35
3918.85	41
3919.23	33
3919.62	37
3920	37
3920.38	40
3920.76	34
3921.14	37
3921.52	39
3921.9	36
3922.28	31
3922.66	35
3923.04	29
3923.42	37
3923.8	37
3924.18	39
3924.56	35
3924.94	30
3925.32	32
3925.7	34
3926.08	35
3926.46	34
3926.84	36
3927.22	39
3927.6	32
3927.99	35
3928.36	41
3928.74	36
3929.12	36
3929.5	38
3929.88	37
3930.26	40
3930.64	43
3931.02	38
3931.4	41
3931.78	45
3932.16	40
3932.54	38
3932.92	38
3933.3	36
3933.68	41
3934.06	44
3934.44	34
3934.82	35
3935.2	40
3935.58	48
3935.96	38
3936.33	42
3936.71	39
3937.09	40
3937.47	40
3937.85	40
3938.23	45
3938.61	44
3938.99	40
3939.37	36
3939.75	35
3940.12	45
3940.5	38
3940.88	44
3941.26	37
3941.64	37
3942.02	43
3942.4	40
3942.78	43
3943.15	41
3943.53	44
3943.91	38
3944.29	45
3944.67	45
3945.05	39
3945.42	46
3945.8	43
3946.18	43
3946.56	45
3946.94	41
3947.31	44
3947.69	38
3948.07	40
3948.45	43
3948.83	40
3949.2	42
3949.58	39
3949.96	42
3950.34	39
3950.71	37
3951.09	48
3951.47	44
3951.85	41
3952.23	39
3952.6	45
3952.98	43
3953.36	42
3953.74	45
3954.11	42
3954.49	42
3954.87	37
3955.24	43
3955.62	40
3956	39
3956.38	35
3956.75	45
3957.13	39
3957.51	45
3957.88	44
3958.26	41
3958.64	39
3959.01	41
3959.39	39
3959.77	39
3960.14	40
3960.52	43
3960.9	38
3961.27	39
3961.65	37
3962.03	48
3962.4	35
3962.78	43
3963.16	35
3963.53	39
3963.91	37
3964.29	41
3964.66	37
3965.04	38
3965.41	36
3965.79	44
3966.17	41
3966.54	44
3966.92	44
3967.3	40
3967.67	40
3968.05	41
3968.42	37
3968.8	42
3969.18	45
3969.55	47
3969.93	38
3970.3	41
3970.68	46
3971.05	44
3971.43	45
3971.8	45
3972.18	39
3972.56	46
3972.93	43
3973.31	46
3973.68	43
3974.06	43
3974.43	48
3974.81	41
3975.18	45
3975.56	41
3975.93	46
3976.31	45
3976.68	48
3977.06	42
3977.43	50
3977.81	45
3978.18	45
3978.56	48
3978.93	45
3979.31	44
3979.68	48
3980.06	43
3980.43	45
3980.81	49
3981.18	49
3981.56	41
3981.93	48
3982.3	46
3982.68	41
3983.05	42
3983.43	42
3983.8	41
3984.18	49
3984.55	48
3984.92	42
3985.3	37
3985.67	43
3986.05	37
3986.42	45
3986.8	46
3987.17	44
3987.54	45
3987.92	35
3988.29	44
3988.67	38
3989.04	39
3989.41	37
3989.79	35
3990.16	37
3990.53	38
3990.91	40
3991.28	40
3991.65	35
3992.03	37
3992.4	36
3992.77	32
3993.15	33
3993.52	43
3993.9	35
3994.27	32
3994.64	33
3995.01	37
3995.39	40
3995.76	30
3996.13	29
3996.51	38
3996.88	32
3997.25	30
3997.63	37
3998	30
3998.37	29
3998.74	28
3999.12	30
3999.49	33
3999.86	34
