51.4629	7076
52.7545	7412
54.0474	7591
55.3386	7974
56.6296	8035
57.9203	8130
59.2108	8152
60.5012	8032
61.7928	7881
63.0827	7808
64.3724	7637
65.6619	7525
66.9511	7510
68.2402	7370
69.5291	7189
70.8177	7145
72.1076	7130
73.3958	7006
74.6838	6842
75.9716	6732
77.2592	6653
78.5466	6468
79.8337	6446
81.1207	6271
82.4074	6253
83.694	6032
84.9803	6010
86.2664	5884
87.5523	5861
88.838	5676
90.1235	5686
91.4087	5585
92.6938	5478
93.9786	5370
95.2633	5255
96.5477	5218
97.8319	5142
99.1159	5045
100.4	4949
101.683	4922
102.967	4800
104.25	4739
105.533	4621
106.814	4630
108.097	4472
109.379	4437
110.661	4369
111.943	4336
113.225	4295
114.506	4172
115.787	4239
117.067	4129
118.348	4010
119.628	4024
120.909	3934
122.189	3879
123.469	3846
124.747	3788
126.027	3730
127.306	3700
128.586	3660
129.865	3592
131.142	3520
132.42	3524
133.699	3502
134.977	3456
136.253	3435
137.531	3389
138.809	3378
140.085	3353
141.362	3331
142.639	3292
143.915	3268
145.19	3239
146.466	3243
147.743	3233
149.017	3203
150.293	3157
151.568	3147
152.842	3107
154.117	3076
155.39	3144
156.665	3088
157.939	3049
159.212	3071
160.486	3025
161.758	2940
163.032	2939
164.305	2941
165.577	2924
166.85	2949
168.121	2867
169.393	2853
170.664	2849
171.936	2816
173.208	2794
174.479	2842
175.75	2789
177.02	2763
178.291	2815
179.56	2775
180.831	2819
182.1	2767
183.369	2788
184.639	2830
185.907	2795
187.177	2792
188.445	2759
189.714	2732
190.981	2787
192.25	2786
193.517	2770
194.784	2780
196.053	2776
197.319	2817
198.587	2798
199.853	2765
201.119	2720
202.386	2712
203.652	2783
204.917	2705
206.183	2776
207.448	2683
208.713	2768
209.979	2701
211.243	2744
212.507	2731
213.771	2722
215.036	2720
216.299	2742
217.563	2731
218.827	2729
220.09	2679
221.353	2719
222.615	2720
223.879	2720
225.141	2683
226.403	2701
227.664	2658
228.925	2707
230.188	2694
231.449	2685
232.71	2685
233.97	2640
235.231	2672
236.491	2721
237.752	2651
239.012	2708
240.272	2707
241.531	2706
242.79	2656
244.049	2640
245.308	2650
246.566	2668
247.826	2655
249.084	2638
250.342	2632
251.6	2678
252.857	2655
254.115	2606
255.372	2615.5
256.629	2625
257.885	2592
259.142	2603
260.398	2611
261.654	2658
262.91	2627
264.166	2582
265.421	2577
266.677	2593
267.932	2580
269.187	2577
270.441	2577
271.696	2575
272.95	2575
274.204	2576
275.458	2632
276.712	2562
277.964	2569
279.217	2629
280.47	2586
281.723	2651
282.975	2621
284.228	2599
285.48	2606
286.732	2594
287.984	2642
289.234	2643
290.485	2649
291.737	2641
292.988	2676
294.239	2651
295.488	2613
296.738	2642
297.988	2668
299.238	2581
300.488	2677
301.736	2653
302.986	2670
304.235	2609
305.484	2651
306.731	2599
307.98	2665
309.228	2569
310.477	2662
311.723	2638
312.971	2655
314.218	2597
315.464	2662
316.712	2581
317.959	2629
319.204	2558
320.451	2640
321.697	2600
322.942	2611
324.188	2641
325.432	2663
326.678	2642
327.923	2642
329.167	2624
330.412	2656
331.655	2632
332.9	2705
334.144	2754
335.387	2714
336.631	2731
337.873	2695
339.117	2685
340.359	2719
341.602	2724
342.843	2706
344.086	2677
345.327	2728
346.57	2700
347.81	2712
349.052	2707
350.293	2651
351.534	2705
352.774	2732
354.016	2730
355.255	2740
356.496	2725
357.735	2745
358.974	2732
360.214	2725
361.453	2712
362.693	2685
363.931	2672
365.169	2699
366.408	2696
367.645	2716
368.883	2700
370.121	2694
371.358	2692
372.595	2665
373.833	2745
375.07	2690
376.306	2676
377.543	2658
378.779	2653
380.014	2648
381.251	2645
382.486	2621
383.721	2655
384.956	2609
386.192	2602
387.427	2645
388.661	2678
389.895	2656
391.129	2663
392.364	2684
393.597	2663
394.83	2686
396.063	2688
397.296	2690
398.53	2734
399.763	2763
400.995	2706
402.227	2736
403.459	2748
404.69	2760
405.922	2748
407.154	2759
408.385	2750
409.616	2817
410.847	2872
412.077	2876
413.308	2860
414.538	2965
415.767	2913
416.997	2936
418.227	3021
419.456	3064
420.685	3071
421.914	3107
423.142	3145
424.371	3164
425.599	3233
426.827	3304
428.055	3309
429.283	3239
430.51	3221
431.738	3249
432.965	3281
434.192	3233
435.418	3216
436.645	3211
437.871	3243
439.097	3139
440.323	3145
441.549	3074
442.773	3119
443.998	3021
445.224	3016
446.449	3015
447.673	3015
448.898	3030
450.122	2948
451.345	2951
452.569	2907
453.793	2918
455.016	2927
456.24	2881
457.461	2894
458.684	2893
459.907	2856
461.13	2877
462.351	2886
463.573	2810
464.795	2835
466.017	2824
467.237	2842
468.459	2817
469.68	2794
470.901	2810
472.12	2777
473.341	2808
474.561	2748
475.78	2834
477	2776
478.22	2847
479.439	2790
480.658	2742
481.877	2754
483.095	2778
484.314	2818
485.531	2747
486.75	2740
487.968	2797
489.185	2810
490.403	2760
491.619	2786
492.837	2785
494.053	2751
495.27	2774
496.485	2745
497.702	2754
498.919	2769
500.134	2784
501.35	2788
502.564	2771
503.779	2789
504.995	2769
506.209	2812
507.424	2770
508.637	2778
509.852	2795
511.065	2804
512.28	2792
513.493	2799
514.707	2839
515.919	2777
517.132	2769
518.345	2816
519.557	2840
520.769	2784
521.982	2843
523.193	2840
524.406	2848
525.616	2839
526.827	2832
528.039	2865
529.25	2830
530.46	2841
531.67	2898
532.881	2871
534.09	2901
535.3	2828
536.51	2876
537.719	2813
538.928	2802
540.137	2796
541.347	2865
542.555	2830
543.763	2827
544.971	2857
546.179	2847
547.388	2801
548.595	2822
549.802	2867
551.009	2808
552.216	2876
553.422	2834
554.63	2765
555.836	2829
557.042	2801
558.248	2796
559.453	2771
560.659	2787
561.864	2777
563.069	2750
564.274	2788
565.48	2738
566.684	2727
567.888	2709
569.092	2739
570.296	2774
571.5	2776
572.703	2741
573.907	2740
575.11	2742
576.313	2765
577.515	2767
578.718	2719
579.92	2733
581.122	2716
582.324	2747
583.526	2773
584.728	2744
585.929	2818
587.129	2769
588.33	2774
589.531	2852
590.731	2813
591.932	2819
593.132	2843
594.332	2860
595.532	2861
596.732	2863
597.93	2845
599.129	2854
600.328	2833
601.527	2802
602.726	2830
603.924	2768
605.121	2750
606.319	2773
607.517	2767
608.715	2773
609.913	2772
611.109	2789
612.306	2804
613.503	2778
614.699	2797
615.895	2844
617.092	2792
618.288	2790
619.483	2792
620.679	2816
621.874	2815
623.068	2781
624.264	2827
625.459	2809
626.652	2860
627.847	2811
629.042	2761
630.235	2778
631.429	2793
632.623	2789
633.815	2784
635.009	2772
636.201	2794
637.394	2816
638.586	2806
639.779	2760
640.972	2837
642.163	2828
643.355	2811
644.546	2876
645.738	2826
646.928	2791
648.12	2847
649.31	2785
650.501	2764
651.691	2794
652.882	2815
654.071	2746
655.261	2739
656.45	2792
657.639	2856
658.829	2809
660.017	2793
661.207	2781
662.394	2847
663.582	2829
664.771	2834
665.959	2879
667.147	2853
668.334	2836
669.521	2872
670.709	2862
671.896	2887
673.082	2822
674.269	2909
675.455	2864
676.641	2854
677.828	2870
679.013	2893
680.198	2887
681.383	2946
682.569	2962
683.754	2893
684.938	2937
686.123	2871
687.308	2997
688.492	2954
689.676	2932
690.859	2950
692.042	2958
693.227	2928
694.41	2938
695.593	2958
696.775	2967
697.957	2920
699.14	2916
700.323	2929
701.505	2937
702.686	2877
703.868	2944
705.049	2935
706.23	2934
707.411	2947
708.592	2940
709.772	2967
710.953	2912
712.133	2922
713.313	2872
714.493	2913
715.672	2911
716.852	2868
718.031	2847
719.21	2920
720.389	2877
721.567	2915
722.746	2842
723.924	2927
725.102	2981
726.28	2928
727.458	2868
728.636	2878
729.813	2916
730.99	2914
732.167	2931
733.344	2960
734.521	2900
735.697	2950
736.872	2882
738.048	2899
739.224	2941
740.4	2902
741.575	2900
742.751	2911
743.925	2920
745.1	2959
746.274	2884
747.449	2985
748.623	2944
749.796	2949
750.97	2995
752.144	2973
753.318	2978
754.49	2984
755.664	2957
756.837	2978
758.01	2965
759.181	3024
760.354	2994
761.526	3009
762.697	2970
763.869	3059
765.041	2953
766.211	3052
767.383	3007
768.554	3055
769.724	3034
770.895	3065
772.064	3037
773.235	3086
774.405	3072
775.574	3046
776.744	3028
777.913	3040
779.083	3041
780.251	3040
781.42	3030
782.589	3062
783.757	3087
784.926	3057
786.093	3002
787.261	3109
788.428	3070
789.596	3033
790.763	3072
791.93	3025
793.097	3030
794.263	3036
795.43	3059
796.595	3027
797.762	3041
798.927	3055
800.094	3037
801.259	3033
802.423	3002
803.589	3051
804.754	3076
805.918	3077
807.083	3047
808.247	2997
809.41	3048
810.575	3042
811.738	2976
812.902	2983
814.066	3045
815.229	3058
816.391	3058
817.555	3093
818.717	3070
819.879	3118
821.041	3048
822.204	3143
823.365	3109
824.526	3105
825.688	3148
826.848	3147
828.011	3173
829.171	3184
830.331	3153
831.492	3202
832.652	3150
833.811	3153
834.972	3176
836.132	3176
837.291	3161
838.45	3167
839.609	3157
840.768	3169
841.927	3126
843.085	3137
844.243	3119
845.401	3201
846.559	3180
847.717	3176
848.876	3151
850.033	3172.5
851.19	3194
852.347	3278
853.504	3307
854.66	3305
855.817	3292
856.973	3367
858.128	3423
859.284	3349
860.439	3497
861.595	3504
862.75	3545
863.905	3725
865.06	3832
866.215	3899
867.37	4134
868.524	4357
869.679	4678
870.831	4974
871.985	5392
873.139	5795
874.293	6169
875.446	6552
876.599	6889
877.751	7007
878.904	7141
880.056	6988
881.209	6755
882.361	6479
883.512	6012
884.664	5669
885.816	5254
886.967	4815
888.117	4519
889.269	4249
890.42	3978
891.57	3780
892.72	3653
893.87	3492
895.021	3426
896.17	3327
897.32	3264
898.469	3258
899.618	3150
900.767	3099
901.917	3084
903.064	3062
904.213	3072
905.361	3050
906.509	3013
907.658	3010
908.805	2991
909.953	3000
911.099	3009
912.247	2966
913.393	2899
914.54	2961
915.686	2952
916.833	2902
917.979	2935
919.125	2930
920.27	2871
921.417	2868
922.561	2942
923.707	2877
924.852	2929
925.997	2909
927.141	2904
928.285	2931
929.43	2922
930.574	2940
931.719	2907
932.862	2931
934.005	2922
935.149	2940
936.292	2914
937.434	2936
938.578	2954
939.72	2948
940.862	2948
942.005	2925
943.147	2957
944.288	2925
945.431	2917
946.572	2906
947.713	2976
948.853	2973
949.995	2908
951.135	2944
952.276	2927
953.416	2957
954.557	2963
955.697	2932
956.836	2954
957.975	2976
959.115	3019
960.255	3034
961.394	2965
962.532	2986
963.671	3004
964.809	2956
965.947	2941
967.085	2936
968.223	2982
969.362	2927
970.499	2998
971.636	3021
972.773	2986
973.91	2950
975.047	2981
976.183	2995
977.32	2995
978.456	2995
979.592	2942
980.728	2982
981.863	3007
982.999	2973
984.134	2986
985.269	2963
986.404	2986
987.539	3011
988.674	2964
989.808	2968
990.942	2990
992.075	2978
993.209	3041
994.343	3036
995.476	3016
996.61	3072
997.743	3082
998.876	3089
1000.01	3093
1001.14	3112
1002.27	3132
1003.41	3179
1004.54	3276
1005.67	3225
1006.8	3287
1007.93	3359
1009.06	3384
1010.19	3457
1011.33	3519
1012.46	3553
1013.59	3675
1014.72	3812
1015.85	3877
1016.98	3980
1018.11	4050
1019.24	4287
1020.36	4374
1021.49	4486
1022.62	4645
1023.75	4751
1024.88	4944
1026.01	5013
1027.14	5249
1028.27	5276
1029.39	5302
1030.52	5346
1031.65	5369
1032.78	5285
1033.9	5320
1035.03	5184
1036.16	5137
1037.28	4969
1038.41	4887
1039.53	4849
1040.66	4701
1041.79	4644
1042.91	4556
1044.04	4458
1045.16	4367
1046.29	4308
1047.41	4211
1048.54	4128
1049.66	4115
1050.79	4016
1051.91	3935
1053.04	3824
1054.16	3815
1055.28	3664
1056.41	3581
1057.53	3489
1058.65	3475
1059.78	3408
1060.9	3365
1062.02	3328
1063.14	3313
1064.27	3279
1065.39	3322
1066.51	3298
1067.63	3183
1068.75	3324
1069.87	3279
1070.99	3370
1072.12	3354
1073.24	3346
1074.36	3384
1075.48	3405
1076.6	3412
1077.72	3434
1078.84	3483
1079.96	3588
1081.08	3596
1082.19	3691
1083.31	3742
1084.43	3818
1085.55	3835
1086.67	3871
1087.79	3976
1088.91	3969
1090.02	3976
1091.14	3941
1092.26	3910
1093.38	3878
1094.49	3803
1095.61	3773
1096.73	3714
1097.85	3661
1098.96	3520
1100.08	3570
1101.19	3465
1102.31	3428
1103.43	3377
1104.54	3324
1105.66	3324
1106.77	3298
1107.89	3298
1109	3250
1110.12	3271
1111.23	3224
1112.35	3269
1113.46	3189
1114.57	3158
1115.69	3175
1116.8	3159
1117.91	3162
1119.03	3137
1120.14	3105
1121.25	3078
1122.37	3062
1123.48	2973
1124.59	2999
1125.7	2971
1126.82	2988
1127.93	2960
1129.04	2919
1130.15	2862
1131.26	2860
1132.37	2862
1133.48	2855
1134.59	2785
1135.7	2763
1136.81	2793
1137.92	2778
1139.04	2772
1140.14	2723
1141.25	2754
1142.36	2680
1143.47	2751
1144.58	2708
1145.69	2691
1146.8	2663
1147.91	2692
1149.02	2656
1150.12	2664
1151.23	2628
1152.34	2650
1153.45	2620
1154.56	2627.64
1155.66	2625
1156.77	2595.6
1157.88	2571.61
1158.98	2623.72
1160.09	2608
1161.2	2552.91
1162.3	2578
1163.41	2575.72
1164.51	2514.01
1165.62	2517.56
1166.73	2524.85
1167.83	2505.98
1168.94	2480.18
1170.04	2528.15
1171.15	2449.65
1172.25	2502.76
1173.35	2481.65
1174.46	2493.43
1175.56	2502.77
1176.67	2406.23
1177.77	2420.6
1178.87	2443.26
1179.98	2409.59
1181.08	2445.17
1182.18	2373.55
1183.29	2401.39
1184.39	2390.86
1185.49	2427.47
1186.59	2400.35
1187.7	2362.79
1188.8	2398.51
1189.9	2386.36
1191	2385.37
1192.1	2393.91
1193.2	2414.64
1194.3	2417
1195.4	2400.77
1196.51	2384.07
1197.61	2391.74
1198.71	2369.82
1199.81	2378.62
1200.91	2407.51
1202.01	2389.24
1203.11	2369.85
1204.2	2402.01
1205.31	2344.11
1206.4	2364.17
1207.5	2374.8
1208.6	2402.01
1209.7	2371.62
1210.8	2404.36
1211.9	2381.43
1212.99	2386.93
1214.09	2394.36
1215.19	2357.08
1216.29	2379.58
1217.38	2388.61
1218.48	2430.15
1219.58	2423.1
1220.67	2418.44
1221.77	2423.49
1222.87	2435.23
1223.96	2438.73
1225.06	2432.31
1226.16	2431.49
1227.25	2464.31
1228.35	2450.18
1229.44	2460.09
1230.54	2472.12
1231.63	2489.51
1232.73	2465.3
1233.82	2459.12
1234.92	2469.99
1236.01	2428.26
1237.1	2440.83
1238.2	2449.38
1239.29	2476.89
1240.39	2469.51
1241.48	2482.06
1242.57	2509.38
1243.66	2500.37
1244.76	2529.93
1245.85	2522.97
1246.94	2541.93
1248.03	2559.24
1249.13	2573.34
1250.22	2558
1251.31	2558.14
1252.4	2611.62
1253.49	2629.86
1254.59	2608.15
1255.68	2605.56
1256.77	2603.09
1257.86	2641.11
1258.95	2657.82
1260.04	2694.42
1261.13	2735.13
1262.22	2782.13
1263.31	2825.55
1264.4	2823.67
1265.49	2836.49
1265.94	2854
1267.03	2930
1268.13	2973
1269.22	2973
1270.31	2991
1271.41	2993
1272.5	3028
1273.6	2948
1274.69	3000
1275.78	2915
1276.88	2928
1277.97	2872
1279.06	2870
1280.15	2800
1281.25	2761
1282.34	2708
1283.43	2706
1284.52	2698
1285.61	2660
1286.71	2642
1287.8	2611
1288.89	2593
1289.98	2564
1291.07	2562
1292.16	2548
1293.25	2469
1294.34	2494
1295.43	2515
1296.52	2451
1297.61	2494
1298.7	2470
1299.79	2445
1300.88	2513
1301.97	2395
1303.06	2446
1304.15	2409
1305.23	2439
1306.32	2378
1307.41	2361
1308.5	2408
1309.59	2360
1310.67	2363
1311.76	2389
1312.85	2351
1313.94	2343
1315.02	2367
1316.11	2372
1317.2	2379.5
1318.28	2387
1319.37	2339
1320.46	2328
1321.54	2363
1322.63	2315
1323.71	2320
1324.8	2306
1325.88	2339
1326.97	2349
1328.05	2355
1329.14	2311
1330.22	2310.5
1331.31	2310
1332.39	2361
1333.48	2329
1334.56	2359
1335.64	2321
1336.73	2319
1337.81	2351
1338.89	2327
1339.98	2324
1341.06	2291
1342.14	2295
1343.22	2334
1344.31	2322
1345.39	2359
1346.47	2336
1347.55	2342
1348.63	2345
1349.72	2331
1350.8	2305
1351.88	2388
1352.96	2343
1354.04	2396
1355.12	2368
1356.2	2394
1357.28	2414
1358.36	2397
1359.44	2420
1360.52	2418
1361.6	2450
1362.68	2487
1363.76	2441
1364.84	2495
1365.92	2490
1366.99	2503
1368.07	2501
1369.15	2517
1370.23	2528
1371.31	2553
1372.39	2596
1373.46	2544
1374.54	2598
1375.62	2622
1376.7	2632
1377.77	2649
1378.85	2653
1379.92	2681
1381	2629
1382.08	2620
1383.15	2614
1384.23	2674
1385.31	2673
1386.38	2695
1387.46	2724
1388.53	2665
1389.61	2670
1390.68	2711
1391.76	2703
1392.83	2693
1393.91	2735
1394.98	2804
1396.05	2781
1397.13	2810
1398.2	2900
1399.28	2833
1400.35	2869
1401.42	2891
1402.5	2887
1403.57	2899
1404.64	2840
1405.71	2892
1406.79	2868
1407.86	2929
1408.93	2844
1410	2878
1411.07	2922
1412.14	2900
1413.22	2887
1414.29	2915
1415.36	2848
1416.43	2870
1417.5	2889
1418.57	2901
1419.64	2942
1420.71	2915
1421.78	2957
1422.85	2988
1423.92	2941
1424.99	2991
1426.06	3068
1427.13	3006
1428.2	3091
1429.27	3127
1430.33	3144
1431.4	3214
1432.47	3245
1433.54	3324
1434.61	3401
1435.68	3447
1436.74	3510
1437.81	3608
1438.88	3699
1439.95	3838
1441.01	3954
1442.08	4049
1443.15	4168
1444.21	4294
1445.28	4419
1446.35	4425
1447.41	4511
1448.48	4525
1449.54	4570
1450.61	4481
1451.67	4509
1452.74	4416
1453.8	4415
1454.87	4322
1455.93	4222
1457	4178
1458.06	4057
1459.12	3926
1460.19	3977
1461.25	3823
1462.32	3786
1463.38	3697
1464.44	3690
1465.51	3612
1466.57	3617
1467.63	3633
1468.69	3561
1469.76	3526
1470.82	3488
1471.88	3445
1472.94	3459
1474.01	3419
1475.07	3456
1476.13	3410
1477.19	3392
1478.25	3398
1479.31	3278
1480.37	3329
1481.43	3236
1482.49	3273
1483.55	3212
1484.61	3133
1485.67	3108
1486.73	3107
1487.79	3034
1488.85	2975
1489.91	2961
1490.97	2899
1492.03	2843
1493.09	2843
1494.15	2806
1495.2	2775
1496.26	2773
1497.32	2745
1498.38	2635
1499.44	2683
1500.49	2670
1501.55	2613
1502.61	2574
1503.67	2577
1504.72	2518
1505.78	2575
1506.84	2522
1507.89	2524
1508.95	2463
1510	2545
1511.06	2450
1512.12	2441
1513.17	2467
1514.23	2451
1515.28	2411
1516.34	2385
1517.39	2392
1518.45	2407
1519.5	2372
1520.56	2287
1521.61	2351
1522.66	2306
1523.72	2341
1524.77	2274
1525.82	2246
1526.88	2276
1527.93	2227
1528.99	2231
1530.04	2212
1531.09	2252
1532.14	2230
1533.2	2229
1534.25	2144
1535.3	2186
1536.35	2211
1537.4	2185
1538.45	2218
1539.51	2153
1540.56	2124
1541.61	2137
1542.66	2125
1543.71	2137
1544.76	2104
1545.81	2050
1546.86	2065
1547.91	2084
1548.96	2076
1550.01	2040
1551.06	2048
1552.11	2062
1553.16	2073
1554.21	2094
1555.26	2042
1556.31	2033
1557.35	2025
1558.4	2065
1559.45	2053
1560.5	2049
1561.55	2034
1562.6	2006
1563.64	2031
1564.69	1963
1565.74	2007
1566.79	2006
1567.83	1967
1568.88	2017
1569.93	1973
1570.97	2004
1572.02	1962
1573.06	1998
1574.11	1975
1575.16	1963
1576.2	2007
1577.25	2040
1578.29	1994
1579.34	1985
1580.38	1966
1581.43	2016
1582.47	2046
1583.52	1973
1584.56	1982
1585.61	1942
1586.65	1985
1587.69	1992
1588.74	1992
1589.78	1995
1590.82	2032
1591.87	1972
1592.91	2011
1593.95	2000
1594.99	1977
1596.04	2021
1597.08	2012
1598.12	2016
1599.16	2012
1600.21	2033
1601.25	1997
1602.29	2053
1603.33	2001
1604.37	2028
1605.41	2034
1606.45	2036
1607.49	2046
1608.54	2030
1609.58	2028
1610.62	2037
1611.66	2048
1612.7	2048
1613.74	2028
1614.78	2029
1615.81	1986
1616.85	2060
1617.89	2043
1618.93	2019
1619.97	2029
1621.01	2021
1622.05	2055
1623.09	2031
1624.12	2016
1625.16	2031
1626.2	2040
1627.24	2064
1628.28	2050
1629.31	2086
1630.35	2074
1631.39	2079
1632.42	2090
1633.46	2122
1634.5	2115
1635.53	2109
1636.57	2137
1637.61	2172
1638.64	2091
1639.68	2079
1640.71	2026
1641.75	2047
1642.78	2017
1643.82	1998
1644.85	1990
1645.89	2002
1646.92	1927
1647.96	1935
1648.99	1919
1650.02	1980
1651.06	1918
1652.09	1863
1653.13	1910
1654.16	1874
1655.19	1884
1656.23	1891
1657.26	1864
1658.29	1858
1659.32	1863
1660.36	1856
1661.39	1839
1662.42	1874
1663.45	1849
1664.48	1850
1665.52	1807
1666.55	1781
1667.58	1808
1668.61	1808
1669.64	1839
1670.67	1814
1671.7	1796
1672.73	1820
1673.76	1808
1674.79	1802
1675.82	1786
1676.85	1754
1677.88	1795
1678.91	1777
1679.94	1790
1680.97	1741
1682	1770
1683.03	1777
1684.06	1803
1685.09	1796
1686.12	1757
1687.14	1754
1688.17	1795
1689.2	1754
1690.23	1768
1691.25	1763
1692.28	1786
1693.31	1789
1694.34	1788
1695.36	1776
1696.39	1769
1697.42	1771
1698.44	1763
1699.47	1769
1700.5	1739
1701.52	1778
1702.55	1783
1703.57	1780
1704.6	1796
1705.62	1751
1706.65	1741
1707.68	1753
1708.7	1744
1709.73	1743
1710.75	1771
1711.77	1735
1712.8	1734
1713.82	1749
1714.85	1749
1715.87	1736
1716.89	1771
1717.92	1764
1718.94	1745
1719.96	1743
1720.99	1756
1722.01	1744
1723.03	1726
1724.05	1772
1725.08	1751
1726.1	1736
1727.12	1725
1728.14	1725
1729.17	1669
1730.19	1705
1731.21	1684
1732.23	1693
1733.25	1684
1734.27	1670
1735.29	1652
1736.31	1684
1737.33	1657
1738.35	1677
1739.37	1658
1740.39	1678
1741.41	1663
1742.43	1668
1743.45	1651
1744.47	1690
1745.49	1679
1746.51	1659
1747.53	1668
1748.55	1639
1749.57	1647
1750.58	1632
1751.6	1684
1752.62	1659
1753.64	1661
1754.66	1695
1755.67	1618
1756.69	1668
1757.71	1664
1758.73	1688
1759.74	1675
1760.76	1666
1761.78	1676
1762.79	1668
1763.81	1661
1764.83	1701
1765.84	1685
1766.86	1645
1767.87	1655
1768.89	1671
1769.9	1710
1770.92	1664
1771.93	1708
1772.95	1658
1773.96	1687
1774.98	1680
1775.99	1709
1777.01	1673
1778.02	1661
1779.04	1696
1780.05	1694
1781.06	1699
1782.08	1702
1783.09	1704
1784.1	1742
1785.12	1745
1786.13	1676
1787.14	1694
1788.15	1696
1789.17	1706
1790.18	1692
1791.19	1727
1792.2	1700
1793.21	1680
1794.23	1694
1795.24	1714
1796.25	1697
1797.26	1711
1798.27	1674
1799.28	1702
1800.29	1705
1801.3	1717
1802.31	1693
1803.32	1724
1804.33	1691
1805.34	1688
1806.35	1712
1807.36	1701
1808.37	1706
1809.38	1689
1810.39	1689
1811.4	1690
1812.41	1687
1813.42	1693
1814.42	1655
1815.43	1668
1816.44	1666
1817.45	1676
1818.46	1645
1819.46	1692
1820.47	1643
1821.48	1628
1822.49	1664
1823.49	1650
1824.5	1640
1825.51	1644
1826.51	1669
1827.52	1616
1828.53	1655
1829.53	1632
1830.54	1590
1831.55	1616
1832.55	1597
1833.56	1632
1834.56	1611
1835.57	1614
1836.57	1612
1837.58	1524
1838.58	1550
1839.59	1564
1840.59	1535
1841.59	1524
1842.6	1558
1843.6	1551
1844.61	1535.5
1845.61	1520
1846.61	1519
1847.62	1521
1848.62	1505
1849.62	1495
1850.63	1509
1851.63	1555
1852.63	1466
1853.63	1522
1854.64	1494
1855.64	1508
1856.64	1471
1857.64	1481
1858.64	1488
1859.64	1478
1860.65	1497
1861.65	1501
1862.65	1476
1863.65	1492
1864.65	1462
1865.65	1436
1866.65	1493
1867.65	1456
1868.65	1463
1869.65	1520
1870.65	1491
1871.65	1451
1872.65	1448
1873.65	1486
1874.65	1469
1875.65	1479
1876.65	1488
1877.64	1466
1878.64	1450
1879.64	1467
1880.64	1465
1881.64	1471
1882.64	1467
1883.63	1433
1884.63	1466
1885.63	1480
1886.63	1465
1887.62	1481
1888.62	1473
1889.62	1491
1890.61	1445
1891.61	1478
1892.61	1464
1893.6	1505
1894.6	1491
1895.59	1490
1896.59	1492
1897.59	1494
1898.58	1502
1899.58	1518
1900.57	1489
1901.57	1525
1902.56	1505
1903.56	1436
1904.55	1501
1905.55	1481
1906.54	1468
1907.53	1481
1908.53	1481
1909.52	1474
1910.51	1484
1911.51	1482
1912.5	1475
1913.49	1449
1914.49	1524
1915.48	1511
1916.47	1501
1917.47	1493
1918.46	1499
1919.45	1508
1920.44	1511
1921.43	1508
1922.43	1475
1923.42	1495
1924.41	1489
1925.4	1478
1926.39	1484
1927.38	1455
1928.37	1491
1929.36	1468
1930.35	1487
1931.35	1419
1932.34	1481
1933.33	1444
1934.32	1483
1935.31	1500
1936.29	1456
1937.29	1492
1938.27	1512
1939.26	1490
1940.25	1456
1941.24	1450
1942.23	1474
1943.22	1474
1944.21	1493
1945.2	1459
1946.18	1455
1947.17	1459
1948.16	1467
1949.15	1461
1950.13	1485
1951.12	1462
1952.11	1427
1953.1	1428
1954.08	1453
1955.07	1432
1956.06	1445
1957.04	1411
1958.03	1412
1959.02	1429
1960	1440
1960.99	1423
1961.97	1405
1962.96	1401
1963.94	1400
1964.93	1420
1965.91	1422
1966.9	1418
1967.88	1377
1968.87	1414
1969.85	1407
1970.84	1369
1971.82	1382
1972.8	1364
1973.79	1381
1974.77	1388
1975.76	1388
1976.74	1377
1977.72	1363
1978.71	1372
1979.69	1367
1980.67	1362
1981.65	1422
1982.64	1372
1983.62	1394
1984.6	1378
1985.58	1374
1986.57	1356
1987.55	1389
1988.53	1394
1989.51	1390
1990.49	1378
1991.47	1367
1992.45	1389
1993.43	1390
1994.42	1391
1995.4	1380
1996.38	1399
1997.36	1368
1998.34	1361
1999.32	1386
2000.3	1393
2001.28	1371
2002.26	1396
2003.23	1417
2004.21	1414
2005.19	1443
2006.17	1399
2007.15	1409
2008.13	1389
2009.11	1423
2010.09	1429
2011.06	1378
2012.04	1404
2013.02	1388
2014	1436
2014.98	1435
2015.95	1422
2016.93	1408
2017.91	1423
2018.88	1411
2019.86	1458
2020.84	1401
2021.81	1459
2022.79	1395
2023.77	1436
2024.74	1420
2025.72	1446
2026.69	1419
2027.67	1399
2028.65	1426
2029.62	1419
2030.6	1462
2031.57	1461
2032.55	1440
2033.52	1415
2034.5	1429
2035.47	1460
2036.44	1441
2037.42	1425
2038.39	1443
2039.37	1454
2040.34	1436
2041.31	1434
2042.29	1457
2043.26	1460
2044.23	1449
2045.21	1416
2046.18	1467
2047.15	1422
2048.12	1450
2049.1	1453
2050.07	1409
2051.04	1443
2052.01	1438
2052.98	1464
2053.96	1398
2054.93	1425
2055.9	1407
2056.87	1404
2057.84	1401
2058.81	1423
2059.78	1406
2060.75	1434
2061.72	1395
2062.69	1428
2063.66	1456
2064.63	1423
2065.6	1398
2066.57	1416
2067.54	1402
2068.51	1406
2069.48	1431
2070.45	1407
2071.42	1407
2072.39	1396
2073.36	1390
2074.32	1400
2075.29	1401
2076.26	1389
2077.23	1358
2078.2	1372
2079.16	1386
2080.13	1350
2081.1	1347
2082.07	1379
2083.03	1350
2084	1362
2084.97	1350
2085.93	1342
2086.9	1343
2087.87	1354
2088.83	1366
2089.8	1371
2090.77	1381
2091.73	1357
2092.7	1350
2093.66	1369
2094.63	1360
2095.59	1341
2096.56	1387
2097.52	1378
2098.49	1375
2099.45	1342
2100.42	1317
2101.38	1347
2102.35	1339
2103.31	1308
2104.27	1367
2105.24	1326
2106.2	1363
2107.16	1330
2108.13	1328
2109.09	1313
2110.05	1308.52
2111.02	1348.45
2111.98	1319.08
2112.94	1305.56
2113.9	1327
2114.87	1310.36
2115.83	1338.95
2116.79	1329.99
2117.75	1320.43
2118.71	1339.83
2119.68	1355.34
2120.64	1333.95
2121.6	1310.36
2122.56	1352.06
2123.52	1346.56
2124.48	1326.33
2125.44	1368.79
2126.4	1348.95
2127.36	1370.55
2128.32	1344.84
2129.28	1360.42
2130.24	1361.29
2131.2	1365.32
2132.16	1343.66
2133.12	1378.38
2134.08	1337.17
2135.04	1366.8
2136	1355.45
2136.96	1371.75
2137.92	1354.92
2138.88	1362.58
2139.83	1355.88
2140.79	1386.32
2141.75	1365.27
2142.71	1384.1
2143.67	1362.97
2144.62	1370.42
2145.58	1381.56
2146.54	1385.17
2147.5	1361.67
2148.45	1395.05
2149.41	1378.6
2150.37	1387.11
2151.32	1384.41
2152.28	1381.13
2153.24	1375.63
2154.19	1398.13
2155.15	1395.12
2156.11	1404.16
2157.06	1385.53
2158.02	1365.45
2158.97	1392.96
2159.93	1368.75
2160.88	1380.8
2161.84	1385.76
2162.79	1381.25
2163.75	1384.55
2164.7	1397.37
2165.66	1449.88
2166.61	1413.25
2167.57	1384.04
2168.52	1396.92
2169.48	1437.54
2170.43	1413.7
2171.38	1435.87
2172.34	1408.96
2173.29	1402.39
2174.24	1410.38
2175.2	1393.32
2176.15	1417.93
2177.1	1414.05
2178.05	1417.69
2179.01	1437.42
2179.96	1437.68
2180.91	1406.64
2181.86	1423.76
2182.82	1403.17
2183.77	1418.17
2184.72	1427.14
2185.67	1426.6
2186.62	1411.17
2187.57	1432.34
2188.52	1435.53
2189.47	1427.62
2190.43	1423.8
2191.38	1427.39
2192.33	1432.29
2193.28	1436.03
2194.23	1440.59
2195.18	1432.34
2196.13	1428.55
2197.08	1424.16
2198.03	1435.58
2198.98	1453.12
2199.93	1456.92
2200.87	1452.44
2201.82	1466.63
2202.77	1459.17
2203.72	1468.72
2204.67	1470.49
2205.62	1477.65
2205.98	1486
2206.93	1487
2207.88	1461
2208.84	1453
2209.79	1478
2210.74	1507
2211.69	1507
2212.65	1499
2213.6	1477
2214.55	1473
2215.5	1471
2216.45	1485
2217.41	1499
2218.36	1497
2219.31	1446
2220.26	1497
2221.21	1499
2222.16	1461
2223.11	1496
2224.06	1489
2225.01	1467
2225.96	1470
2226.91	1499
2227.86	1489
2228.81	1503
2229.76	1497
2230.71	1510
2231.66	1507
2232.61	1457
2233.56	1485
2234.51	1500
2235.46	1496
2236.41	1485
2237.36	1522
2238.31	1494
2239.25	1515
2240.2	1476
2241.15	1523
2242.1	1527
2243.05	1485
2243.99	1480
2244.94	1472
2245.89	1493
2246.83	1496
2247.78	1514
2248.73	1516
2249.68	1517
2250.62	1452
2251.57	1473
2252.52	1494
2253.46	1485
2254.41	1496
2255.35	1497
2256.3	1546
2257.25	1513
2258.19	1507
2259.14	1491
2260.08	1488
2261.03	1516
2261.97	1499
2262.92	1510
2263.86	1521
2264.81	1506
2265.75	1494
2266.7	1426
2267.64	1499
2268.58	1494
2269.53	1510
2270.47	1513
2271.41	1526
2272.36	1517
2273.3	1500
2274.24	1499
2275.19	1507
2276.13	1527
2277.07	1491
2278.02	1520
2278.96	1490
2279.9	1479
2280.84	1434
2281.78	1521
2282.73	1485
2283.67	1472
2284.61	1486
2285.55	1528
2286.49	1501
2287.43	1496
2288.38	1462
2289.32	1514
2290.26	1461
2291.2	1454
2292.14	1493
2293.08	1470
2294.02	1491
2294.96	1470
2295.9	1439
2296.84	1487
2297.78	1463
2298.72	1497
2299.66	1517
2300.59	1466
2301.53	1507
2302.47	1496
2303.41	1480
2304.35	1465
2305.29	1513
2306.23	1459
2307.17	1483
2308.1	1479
2309.04	1486
2309.98	1480
2310.92	1460
2311.85	1469
2312.79	1492
2313.73	1474
2314.67	1480
2315.6	1476
2316.54	1477
2317.48	1496
2318.41	1492
2319.35	1532
2320.29	1517
2321.22	1465
2322.16	1492
2323.09	1496
2324.03	1489
2324.97	1507
2325.9	1510
2326.84	1544
2327.77	1511
2328.71	1521
2329.64	1490
2330.58	1475
2331.51	1496
2332.45	1501
2333.38	1518
2334.31	1504
2335.25	1491
2336.18	1469
2337.12	1498
2338.05	1512
2338.98	1478
2339.92	1541
2340.85	1525
2341.78	1490
2342.72	1537
2343.65	1544
2344.58	1536
2345.51	1520
2346.45	1546
2347.38	1508
2348.31	1525
2349.24	1511
2350.17	1518
2351.11	1482
2352.04	1502
2352.97	1501
2353.9	1533
2354.83	1518
2355.76	1531
2356.69	1507
2357.62	1493
2358.55	1505
2359.48	1513
2360.42	1508
2361.35	1523
2362.27	1558
2363.21	1529
2364.13	1536
2365.07	1544
2365.99	1512
2366.92	1537
2367.85	1505
2368.78	1520
2369.71	1500
2370.64	1537
2371.57	1523
2372.5	1556
2373.43	1527
2374.35	1512
2375.28	1520
2376.21	1494
2377.14	1540
2378.07	1498
2378.99	1530
2379.92	1515
2380.85	1489
2381.77	1496
2382.7	1527
2383.63	1502
2384.56	1523
2385.48	1501
2386.41	1507
2387.33	1480
2388.26	1511
2389.19	1504
2390.11	1506
2391.04	1504
2391.96	1479
2392.89	1506
2393.82	1517
2394.74	1530
2395.67	1506
2396.59	1525
2397.51	1481
2398.44	1494
2399.36	1454
2400.29	1461
2401.21	1481
2402.14	1464
2403.06	1520
2403.98	1475
2404.91	1478
2405.83	1495
2406.76	1487
2407.68	1481
2408.6	1467
2409.52	1494
2410.45	1479
2411.37	1484
2412.29	1457
2413.22	1465
2414.14	1462
2415.06	1450
2415.98	1499
2416.9	1482
2417.83	1474
2418.75	1472
2419.67	1472
2420.59	1471
2421.51	1448
2422.43	1422
2423.35	1470
2424.27	1484
2425.2	1474
2426.12	1463
2427.04	1458
2427.96	1473
2428.88	1486
2429.8	1469
2430.72	1458
2431.64	1455
2432.56	1465
2433.48	1449
2434.4	1441
2435.31	1482
2436.23	1458
2437.15	1438
2438.07	1470
2438.99	1460
2439.91	1451
2440.83	1474
2441.75	1440
2442.66	1490
2443.58	1476
2444.5	1451
2445.42	1435
2446.33	1441
2447.25	1444
2448.17	1471
2449.09	1450
2450	1455
2450.92	1453
2451.84	1438
2452.75	1465
2453.67	1461
2454.59	1448
2455.5	1454
2456.42	1487
2457.33	1457
2458.25	1445
2459.17	1457
2460.08	1461
2461	1433
2461.91	1450
2462.83	1452
2463.74	1450
2464.66	1490
2465.57	1465
2466.49	1432
2467.4	1461
2468.31	1457
2469.23	1437
2470.14	1445
2471.06	1436
2471.97	1465
2472.88	1456
2473.8	1435
2474.71	1456
2475.62	1483
2476.54	1446
2477.45	1461
2478.36	1438
2479.28	1455
2480.19	1441
2481.1	1450
2482.01	1410
2482.93	1437
2483.84	1429
2484.75	1420
2485.66	1446
2486.57	1449
2487.49	1454
2488.4	1402
2489.31	1458
2490.22	1453
2491.13	1454
2492.04	1427
2492.95	1408
2493.86	1427
2494.77	1435
2495.68	1430
2496.59	1431
2497.5	1446
2498.41	1445
2499.32	1439
2500.23	1463
2501.14	1410
2502.05	1395
2502.96	1442
2503.87	1413
2504.78	1406
2505.69	1455
2506.6	1426
2507.5	1424
2508.41	1399
2509.32	1424
2510.23	1422
2511.14	1387
2512.04	1432
2512.95	1410
2513.86	1424
2514.77	1424
2515.68	1452
2516.58	1438
2517.49	1411
2518.4	1400
2519.3	1428
2520.21	1429
2521.12	1414
2522.02	1459
2522.93	1415
2523.83	1448
2524.74	1429
2525.65	1431
2526.55	1437
2527.46	1467
2528.36	1429
2529.27	1414
2530.17	1431
2531.08	1404
2531.98	1424
2532.89	1447
2533.79	1428
2534.7	1465
2535.6	1438
2536.51	1446
2537.41	1436
2538.32	1458
2539.22	1440
2540.12	1414
2541.03	1438
2541.93	1421
2542.83	1441
2543.74	1450
2544.64	1442
2545.54	1432
2546.45	1463
2547.35	1455
2548.25	1433
2549.15	1453
2550.06	1456
2550.96	1456
2551.86	1402
2552.76	1434
2553.66	1424
2554.57	1389
2555.47	1395
2556.37	1423
2557.27	1376
2558.17	1368
2559.07	1389
2559.97	1405
2560.87	1427
2561.77	1400
2562.67	1392
2563.57	1405
2564.47	1432
2565.37	1379
2566.27	1391
2567.17	1411
2568.07	1407
2568.97	1406
2569.87	1400
2570.77	1380
2571.67	1393
2572.57	1400
2573.47	1396
2574.37	1403
2575.27	1378
2576.16	1377
2577.06	1384
2577.96	1349
2578.86	1419
2579.76	1408
2580.65	1375
2581.55	1351
2582.45	1385
2583.35	1385
2584.24	1386
2585.14	1373
2586.04	1376
2586.94	1364
2587.83	1397
2588.73	1377
2589.62	1381
2590.52	1390
2591.42	1331
2592.31	1378
2593.21	1388
2594.1	1335
2595	1361
2595.9	1390
2596.79	1395
2597.69	1385
2598.58	1362
2599.48	1360
2600.37	1351
2601.27	1353
2602.16	1361
2603.06	1341
2603.95	1358
2604.84	1387
2605.74	1321
2606.63	1339
2607.53	1345
2608.42	1321
2609.31	1339
2610.21	1337
2611.1	1360
2611.99	1351
2612.89	1351
2613.78	1347
2614.67	1305
2615.57	1315
2616.46	1357
2617.35	1321
2618.24	1348
2619.14	1353
2620.03	1291
2620.92	1302
2621.81	1348
2622.7	1306
2623.59	1268
2624.48	1315
2625.38	1343
2626.27	1318
2627.16	1323
2628.05	1282
2628.94	1306
2629.83	1312
2630.72	1304
2631.61	1268
2632.5	1299
2633.39	1277
2634.28	1271
2635.17	1279
2636.06	1265
2636.95	1278
2637.84	1244
2638.73	1257
2639.62	1271
2640.51	1278
2641.4	1229
2642.28	1242
2643.17	1241
2644.06	1264
2644.95	1231
2645.84	1235
2646.73	1240
2647.61	1226
2648.5	1249
2649.39	1220
2650.28	1233
2651.17	1226
2652.05	1214
2652.94	1214
2653.83	1207
2654.71	1229
2655.6	1228
2656.49	1218
2657.37	1232
2658.26	1243
2659.15	1187
2660.03	1233
2660.92	1272
2661.8	1247
2662.69	1257
2663.58	1277
2664.46	1232
2665.35	1256
2666.23	1243
2667.12	1280
2668	1233
2668.89	1254
2669.77	1268
2670.66	1286
2671.54	1252
2672.43	1295
2673.31	1292
2674.19	1274
2675.08	1248
2675.96	1267
2676.84	1267
2677.73	1267
2678.61	1255
2679.5	1266
2680.38	1240
2681.26	1271
2682.14	1260
2683.03	1265
2683.91	1285
2684.79	1272
2685.68	1316
2686.56	1291
2687.44	1267
2688.32	1307
2689.2	1310
2690.09	1286
2690.97	1308
2691.85	1304
2692.73	1351
2693.61	1349
2694.49	1352
2695.37	1344
2696.25	1378
2697.14	1383
2698.02	1379
2698.9	1410
2699.78	1426
2700.66	1444
2701.54	1433
2702.42	1469
2703.3	1411
2704.18	1469
2705.06	1499
2705.94	1493
2706.81	1488
2707.69	1486
2708.57	1524
2709.45	1494
2710.33	1522
2711.21	1527
2712.09	1520
2712.97	1513
2713.84	1522
2714.72	1513
2715.6	1544
2716.48	1518
2717.36	1498
2718.23	1506
2719.11	1507
2719.99	1496
2720.87	1492
2721.74	1507
2722.62	1503
2723.5	1457
2724.37	1459
2725.25	1486
2726.13	1436
2727	1482
2727.88	1438
2728.76	1464
2729.63	1450
2730.51	1457
2731.38	1490
2732.26	1427
2733.14	1404
2734.01	1481
2734.89	1422
2735.76	1444
2736.64	1438
2737.51	1436
2738.39	1455
2739.26	1455
2740.13	1452
2741.01	1481
2741.88	1504
2742.76	1490
2743.63	1491
2744.5	1486
2745.38	1489
2746.25	1513
2747.13	1501
2748	1491
2748.87	1481
2749.75	1499
2750.62	1490
2751.49	1489
2752.36	1440
2753.24	1471
2754.11	1466
2754.98	1468
2755.85	1478
2756.73	1455
2757.6	1440
2758.47	1425
2759.34	1432
2760.21	1480
2761.08	1428
2761.96	1453
2762.83	1457
2763.7	1418
2764.57	1457
2765.44	1447
2766.31	1439
2767.18	1448
2768.05	1447
2768.92	1450
2769.79	1455
2770.66	1454
2771.53	1467
2772.4	1471
2773.27	1458
2774.14	1464
2775.01	1458
2775.88	1474
2776.75	1483
2777.62	1472
2778.49	1491
2779.36	1474
2780.22	1488
2781.09	1512
2781.96	1527
2782.83	1532
2783.7	1536
2784.57	1535
2785.43	1530
2786.3	1585
2787.17	1562
2788.04	1596
2788.9	1602
2789.77	1623
2790.64	1645
2791.5	1648
2792.37	1668
2793.24	1698
2794.1	1673
2794.97	1692
2795.84	1740
2796.7	1713
2797.57	1752
2798.44	1797
2799.3	1819
2800.17	1822
2801.03	1845
2801.9	1913
2802.76	1900
2803.63	1959
2804.5	1979
2805.36	2021
2806.23	2057
2807.09	2083
2807.95	2196
2808.82	2222
2809.68	2269
2810.55	2353
2811.41	2402
2812.28	2515
2813.14	2642
2814	2666
2814.87	2788
2815.73	2923
2816.59	3088
2817.46	3215
2818.32	3344
2819.18	3492
2820.05	3635
2820.91	3781
2821.77	3987
2822.63	4155
2823.5	4337
2824.36	4614
2825.22	4801
2826.08	4963
2826.94	5210
2827.81	5321
2828.67	5417
2829.53	5549
2830.39	5543
2831.25	5576
2832.11	5549
2832.98	5459
2833.84	5391
2834.7	5225
2835.56	5100
2836.42	4978
2837.28	4744
2838.14	4559
2839	4442
2839.86	4274
2840.72	4040
2841.58	3935
2842.44	3799
2843.3	3789
2844.16	3614
2845.02	3576
2845.88	3435
2846.73	3426
2847.59	3304
2848.45	3309
2849.31	3305
2850.17	3262
2851.03	3240
2851.89	3280
2852.74	3211
2853.6	3308
2854.46	3314
2855.32	3286
2856.18	3344
2857.03	3377
2857.89	3397
2858.75	3484
2859.6	3557
2860.46	3553
2861.32	3735
2862.18	3804
2863.03	3917
2863.89	4022
2864.74	4191
2865.6	4256
2866.46	4456
2867.31	4576
2868.17	4726
2869.03	4836
2869.88	5009
2870.74	5065
2871.59	5147
2872.45	5190
2873.3	5263
2874.16	5305
2875.01	5388
2875.87	5360
2876.72	5315
2877.58	5308
2878.43	5285
2879.29	5351
2880.14	5245
2880.99	5228
2881.85	5196
2882.7	5134
2883.55	5108
2884.41	5050
2885.26	4928
2886.12	4946
2886.97	4856
2887.82	4786
2888.68	4838
2889.53	4764
2890.38	4733
2891.23	4655
2892.09	4593
2892.94	4614
2893.79	4565
2894.64	4520
2895.49	4485
2896.35	4481
2897.2	4472
2898.05	4396
2898.9	4409
2899.75	4406
2900.6	4396
2901.45	4402
2902.31	4448
2903.16	4414
2904.01	4446
2904.86	4522
2905.71	4515
2906.56	4577
2907.41	4659
2908.26	4751
2909.11	4823
2909.96	4855
2910.81	5012
2911.66	5098
2912.51	5250
2913.36	5393
2914.21	5565
2915.06	5834
2915.9	6039
2916.75	6250
2917.6	6601
2918.45	6841
2919.3	7094
2920.15	7361
2921	7682
2921.84	7969
2922.69	8311
2923.54	8478
2924.39	8634
2925.24	8764
2926.08	8824
2926.93	8805
2927.78	8820
2928.63	8661
2929.47	8487
2930.32	8376
2931.17	8224
2932.01	7975
2932.86	7841
2933.71	7608
2934.55	7415
2935.4	7323
2936.25	7117
2937.09	6898
2937.94	6724
2938.78	6574
2939.63	6501
2940.47	6301
2941.32	6135
2942.16	5961
2943.01	5858
2943.86	5649.57
2944.7	5502.76
2945.54	5393.27
2946.39	5253.49
2947.23	5099
2948.08	4958.75
2948.92	4820.79
2949.77	4712.46
2950.61	4639.98
2951.45	4509.28
2952.3	4438
2953.14	4335.93
2953.99	4273.55
2954.83	4189.47
2955.67	4116.52
2956.52	4112.82
2957.36	4076.27
2958.2	4151.08
2959.04	4056.47
2959.89	4063.18
2960.73	4140.74
2961.57	4116.9
2962.41	4184.19
2963.26	4219.44
2964.1	4279.85
2964.94	4307.81
2965.78	4377.69
2966.62	4380.95
2967.47	4381.59
2968.31	4406.63
2969.15	4463.43
2969.99	4439.15
2970.83	4481.16
2971.67	4428.93
2972.51	4341.88
2973.35	4285.58
2974.19	4220.37
2975.04	4165.09
2975.88	4074.86
2976.72	4032.51
2977.56	3906.13
2978.4	3788.66
2979.24	3667.31
2980.08	3578.33
2980.92	3477.04
2981.76	3351.61
2982.6	3227.55
2983.43	3171.98
2984.27	3065.67
2985.11	2984.31
2985.95	2893.97
2986.79	2857.51
2987.63	2746.86
2988.47	2658.56
2989.31	2631.91
2990.14	2569.42
2990.98	2499.62
2991.82	2473.47
2992.66	2412.56
2993.5	2383
2994.33	2321.3
2995.17	2302.34
2996.01	2249.28
2996.85	2190.73
2997.68	2177.67
2998.52	2136.26
2999.36	2093.02
3000.2	2070
3001.03	2012.1
3001.87	2028.53
3002.71	1983.49
3003.54	1944.58
3004.38	1912.1
3005.21	1880.63
3006.05	1851.29
3006.89	1813.79
3007.72	1823.54
3008.56	1797.89
3009.39	1777.79
3010.23	1755.96
3011.06	1732.39
3011.9	1730.59
3012.74	1685.5
3013.57	1673.99
3014.41	1684.83
3015.24	1677.97
3016.07	1648.88
3016.91	1597.59
3017.74	1621.05
3018.58	1641.44
3019.41	1623.42
3020.25	1613.1
3021.08	1584
3021.91	1575.73
3022.75	1555.3
3023.58	1564.96
3024.41	1544.21
3025.25	1504.08
3026.08	1505.07
3026.91	1503.73
3027.75	1503.52
3028.58	1476
3028.73	1470
3029.57	1471
3030.4	1482
3031.24	1499
3032.08	1446
3032.92	1436
3033.75	1464
3034.59	1436
3035.42	1421
3036.26	1421
3037.1	1433
3037.93	1401
3038.77	1388
3039.61	1410
3040.44	1412
3041.28	1395
3042.11	1365
3042.95	1359
3043.78	1368
3044.62	1379
3045.45	1382
3046.29	1380
3047.12	1353
3047.96	1337
3048.79	1330
3049.63	1315
3050.46	1327
3051.29	1316
3052.13	1341
3052.96	1300
3053.8	1293
3054.63	1269
3055.46	1282
3056.3	1297
3057.13	1261
3057.96	1285
3058.8	1282
3059.63	1276
3060.46	1262
3061.3	1269
3062.13	1238
3062.96	1213
3063.79	1252
3064.63	1247
3065.46	1261
3066.29	1211
3067.12	1219
3067.95	1220.5
3068.79	1222
3069.62	1210
3070.45	1213
3071.28	1220
3072.11	1204
3072.94	1188
3073.77	1200
3074.6	1209
3075.44	1183
3076.27	1205
3077.1	1160
3077.93	1162.5
3078.76	1165
3079.59	1182
3080.42	1195
3081.25	1171
3082.08	1166
3082.91	1186
3083.74	1136
3084.57	1153
3085.4	1156
3086.23	1183
3087.05	1169
3087.88	1139
3088.71	1153
3089.54	1172
3090.37	1155
3091.2	1155
3092.03	1141
3092.86	1149
3093.68	1155
3094.51	1124
3095.34	1147
3096.17	1133
3097	1131
3097.82	1138
3098.65	1141
3099.48	1124
3100.31	1166
3101.13	1169
3101.96	1158
3102.79	1166
3103.61	1159
3104.44	1092
3105.27	1134
3106.09	1120
3106.92	1105
3107.75	1112
3108.57	1120
3109.4	1103
3110.22	1126
3111.05	1100
3111.88	1128
3112.7	1113
3113.53	1068
3114.35	1105
3115.18	1100
3116	1112
3116.83	1074
3117.65	1098
3118.48	1074
3119.3	1083
3120.13	1072
3120.95	1066
3121.77	1102
3122.6	1085
3123.42	1062
3124.25	1094
3125.07	1106
3125.89	1095
3126.72	1060
3127.54	1035
3128.36	1093
3129.19	1071
3130.01	1070
3130.83	1076
3131.66	1068
3132.48	1047
3133.3	1042
3134.13	1054
3134.95	1043
3135.77	1022
3136.59	1050
3137.41	1065
3138.24	1061
3139.06	1045
3139.88	1050
3140.7	1021
3141.52	1074
3142.34	1041
3143.17	1051
3143.99	1072
3144.81	1041
3145.63	1062
3146.45	1023
3147.27	1054
3148.09	1043
3148.91	1053
3149.73	1018
3150.55	1049
3151.37	1059
3152.19	1054
3153.01	1028
3153.83	1033
3154.65	1006
3155.47	1016
3156.29	1040
3157.11	1039
3157.93	1038
3158.75	1010
3159.57	1023
3160.39	1004
3161.2	1030
3162.02	1063
3162.84	1025
3163.66	1024
3164.48	1006
3165.3	1028
3166.12	1038
3166.93	1031
3167.75	1031
3168.57	1002
3169.39	1052
3170.2	1017
3171.02	1019
3171.84	1016
3172.65	982
3173.47	998
3174.29	1025
3175.11	1023
3175.92	1046
3176.74	1053
3177.56	1062
3178.37	1010
3179.19	1045
3180	1038
3180.82	1027
3181.64	1027
3182.45	1022
3183.27	1037
3184.08	1048
3184.9	1060
3185.71	1008
3186.53	1040
3187.34	1041
3188.16	1048
3188.97	1041
3189.79	1021
3190.6	1030
3191.42	1086
3192.23	1070
3193.05	1085
3193.86	1039
3194.67	1052
3195.49	1029
3196.3	1095
3197.12	1060
3197.93	1069
3198.74	1078
3199.56	1071
3200.37	1040
3201.18	1061
3202	1050
3202.81	1077
3203.62	1090
3204.43	1078
3205.25	1054
3206.06	1088
3206.87	1088
3207.68	1079
3208.5	1063
3209.31	1101
3210.12	1081
3210.93	1096
3211.74	1110
3212.56	1106
3213.37	1104
3214.18	1088
3214.99	1104
3215.8	1122
3216.61	1123
3217.42	1091
3218.23	1136
3219.04	1087
3219.85	1105
3220.66	1112
3221.47	1104
3222.28	1123
3223.09	1120
3223.91	1121
3224.71	1151
3225.52	1136
3226.33	1125
3227.14	1118
3227.95	1127
3228.76	1152
3229.57	1156
3230.38	1145
3231.19	1120
3232	1153
3232.81	1118
3233.62	1142
3234.42	1127
3235.23	1146
3236.04	1133
3236.85	1116
3237.66	1125
3238.47	1140
3239.27	1143
3240.08	1153
3240.89	1147
3241.7	1148
3242.5	1152
3243.31	1151
3244.12	1171
3244.92	1168
3245.73	1155
3246.54	1156
3247.34	1164
3248.15	1171
3248.96	1168
3249.76	1183
3250.57	1168
3251.38	1180
3252.18	1149
3252.99	1177
3253.79	1165
3254.6	1177
3255.41	1141
3256.21	1136
3257.02	1199
3257.82	1167
3258.63	1187
3259.43	1207
3260.24	1175
3261.04	1189
3261.85	1171
3262.65	1194
3263.46	1171
3264.26	1183
3265.06	1148
3265.87	1146
3266.67	1186
3267.48	1155
3268.28	1200
3269.08	1161
3269.89	1170
3270.69	1181
3271.49	1187
3272.3	1204
3273.1	1177
3273.9	1179
3274.71	1171
3275.51	1200
3276.31	1180
3277.11	1188
3277.92	1180
3278.72	1169
3279.52	1131
3280.32	1180
3281.13	1198
3281.93	1176
3282.73	1178
3283.53	1173
3284.33	1175
3285.13	1164
3285.93	1154
3286.74	1191
3287.54	1190
3288.34	1171
3289.14	1156
3289.94	1197
3290.74	1204
3291.54	1159
3292.34	1139
3293.14	1167
3293.94	1133
3294.74	1139
3295.54	1140
3296.34	1164
3297.14	1196
3297.94	1174
3298.74	1142
3299.54	1169
3300.34	1176
3301.14	1181
3301.94	1178
3302.74	1180
3303.53	1171
3304.33	1133
3305.13	1164
3305.93	1156
3306.73	1166
3307.53	1185
3308.33	1174
3309.12	1174
3309.92	1180
3310.72	1159
3311.52	1123
3312.32	1178
3313.11	1176
3313.91	1205
3314.71	1138
3315.5	1155
3316.3	1187
3317.1	1184
3317.9	1164
3318.69	1145
3319.49	1190
3320.29	1145
3321.08	1140
3321.88	1163
3322.67	1167
3323.47	1136
3324.27	1168
3325.06	1114
3325.86	1197
3326.65	1172
3327.45	1140
3328.24	1162
3329.04	1186
3329.84	1156
3330.63	1178
3331.43	1154
3332.22	1137
3333.01	1155
3333.81	1158
3334.6	1175
3335.4	1149
3336.19	1164
3336.99	1135
3337.78	1154
3338.58	1165
3339.37	1164
3340.16	1158
3340.96	1166
3341.75	1157
3342.54	1148
3343.34	1136
3344.13	1163
3344.92	1127
3345.72	1162
3346.51	1165
3347.3	1166
3348.1	1152
3348.89	1153
3349.68	1162
3350.47	1163
3351.26	1153
3352.06	1115
3352.85	1151
3353.64	1145
3354.43	1138
3355.22	1150
3356.02	1156
3356.81	1137
3357.6	1175
3358.39	1151
3359.18	1146
3359.97	1136
3360.76	1139
3361.55	1102
3362.34	1118
3363.13	1136
3363.93	1153
3364.72	1117
3365.51	1130
3366.3	1118
3367.09	1128
3367.88	1108
3368.67	1117
3369.46	1120
3370.25	1117
3371.03	1124
3371.82	1112
3372.61	1128
3373.4	1110
3374.19	1128
3374.98	1101
3375.77	1093
3376.56	1090
3377.35	1102
3378.14	1108
3378.92	1086
3379.71	1115
3380.5	1113
3381.29	1089
3382.08	1084
3382.86	1060
3383.65	1062
3384.44	1047
3385.23	1106
3386.01	1082
3386.8	1081
3387.59	1059
3388.38	1071
3389.16	1075
3389.95	1081
3390.74	1070
3391.52	1038
3392.31	1070
3393.1	1056
3393.88	1053
3394.67	1062
3395.45	1087
3396.24	1051
3397.03	1077
3397.81	1035
3398.6	1071
3399.38	1026
3400.17	1050
3400.95	1065
3401.74	1042
3402.52	1041
3403.31	1045
3404.09	1093
3404.88	1016
3405.66	1055
3406.45	1015
3407.23	1009
3408.02	1028
3408.8	1017
3409.59	1043
3410.37	1019
3411.15	999
3411.94	1029
3412.72	1010
3413.51	997
3414.29	1046
3415.07	1010
3415.86	994
3416.64	1010
3417.42	1006
3418.2	1028
3418.99	992
3419.77	1007
3420.55	974
3421.34	1006
3422.12	1003
3422.9	998
3423.68	963
3424.47	988
3425.25	993
3426.03	984
3426.81	977
3427.59	985
3428.37	990
3429.16	991
3429.94	975
3430.72	961
3431.5	947
3432.28	965
3433.06	983
3433.84	967
3434.62	974
3435.4	976
3436.18	972
3436.96	954
3437.74	950
3438.52	970
3439.3	975
3440.08	964
3440.86	971
3441.64	975
3442.42	947
3443.2	953
3443.98	936
3444.76	943
3445.54	933
3446.32	941
3447.1	943
3447.88	950
3448.66	943
3449.43	904
3450.21	935
3450.99	918
3451.77	945
3452.55	939
3453.33	934
3454.11	912
3454.88	912
3455.66	902
3456.44	933
3457.22	937
3457.99	935
3458.77	904
3459.55	903
3460.32	911
3461.1	918
3461.88	898
3462.66	914
3463.43	876
3464.21	910
3464.99	895
3465.76	859
3466.54	910
3467.31	907
3468.09	903
3468.87	913
3469.64	906
3470.42	880
3471.19	887
3471.97	866
3472.74	870
3473.52	863.5
3474.3	857
3475.07	877
3475.85	875
3476.62	863
3477.4	855
3478.17	857
3478.94	861
3479.72	884
3480.49	842
3481.27	845.167
3482.04	852.333
3482.82	863.5
3483.59	832.667
3484.36	844.833
3485.14	854
3485.91	839
3486.68	860
3487.46	852
3488.23	831
3489	854
3489.78	853
3490.55	844
3491.32	837
3492.1	840
3492.87	815
3493.64	844
3494.41	818
3495.19	837
3495.96	816
3496.73	841
3497.5	824
3498.27	846
3499.05	821
3499.82	821
3500.59	799
3501.36	809
3502.13	814
3502.9	796
3503.67	787
3504.45	808
3505.22	803
3505.99	793
3506.76	800
3507.53	765
3508.3	800
3509.07	788
3509.84	786
3510.61	799
3511.38	818
3512.15	788
3512.92	800
3513.69	798.5
3514.46	797
3515.23	783
3516	794
3516.77	782
3517.54	779
3518.31	777
3519.08	793
3519.85	769
3520.61	768
3521.38	764
3522.15	781
3522.92	764
3523.69	766
3524.46	750
3525.22	732
3525.99	768
3526.76	739
3527.53	730
3528.3	747
3529.06	740
3529.83	737
3530.6	736
3531.37	747
3532.13	717
3532.9	750
3533.67	744
3534.44	721
3535.2	730
3535.97	729
3536.74	721
3537.5	737
3538.27	719
3539.04	739
3539.8	751
3540.57	740
3541.33	713
3542.1	717
3542.86	708
3543.63	710
3544.4	703
3545.16	716
3545.93	725
3546.69	727
3547.46	711
3548.22	706
3548.99	711
3549.75	721
3550.52	724
3551.28	717
3552.05	714
3552.81	709
3553.58	708
3554.34	718
3555.1	729
3555.87	725
3556.63	714
3557.4	679
3558.16	706
3558.92	709
3559.69	717
3560.45	680
3561.21	700
3561.98	700
3562.74	693
3563.5	696
3564.27	675
3565.03	692
3565.79	679
3566.55	696
3567.32	686
3568.08	691
3568.84	680
3569.6	682
3570.36	686
3571.13	667
3571.89	676
3572.65	677
3573.41	681
3574.17	678
3574.93	697
3575.7	657
3576.46	693
3577.22	697
3577.98	664
3578.74	672
3579.5	670
3580.26	709
3581.02	662
3581.78	649
3582.54	665
3583.3	671
3584.06	652
3584.82	673
3585.58	661
3586.34	655
3587.1	683
3587.86	665
3588.62	643
3589.38	671
3590.14	665
3590.9	659
3591.66	664
3592.42	673
3593.18	661
3593.94	661
3594.69	642
3595.45	638
3596.21	603
3596.97	658
3597.73	645
3598.49	627
3599.24	626
3600	631
3600.76	637
3601.52	626
3602.28	620
3603.03	619
3603.79	637
3604.55	644
3605.31	631
3606.06	638
3606.82	629
3607.58	643
3608.33	637
3609.09	623
3609.85	632
3610.6	613
3611.36	626
3612.12	621
3612.87	625
3613.63	654
3614.38	624
3615.14	636
3615.9	620
3616.65	599
3617.41	612
3618.16	620
3618.92	606
3619.67	628
3620.43	599
3621.18	616
3621.94	625
3622.69	626
3623.45	627
3624.2	611
3624.96	612
3625.71	626
3626.47	629
3627.22	604
3627.97	621
3628.73	611
3629.48	601
3630.24	593
3630.99	595
3631.74	603
3632.5	582
3633.25	599
3634	596
3634.76	615
3635.51	598
3636.26	616
3637.02	574
3637.77	604
3638.52	589
3639.27	588
3640.03	584
3640.78	601
3641.53	580
3642.28	602
3643.04	573
3643.79	568
3644.54	582
3645.29	561
3646.04	562
3646.79	589
3647.55	578
3648.3	590
3649.05	557
3649.8	575
3650.55	560
3651.3	576
3652.05	555
3652.8	557
3653.55	572
3654.3	582
3655.06	561
3655.81	569
3656.56	579
3657.31	577
3658.06	574
3658.81	563
3659.56	552
3660.31	557
3661.06	559
3661.8	573
3662.55	587
3663.3	570
3664.05	567
3664.8	560
3665.55	561
3666.3	568
3667.05	572
3667.8	564
3668.55	562
3669.29	560
3670.04	553
3670.79	559
3671.54	561
3672.29	561
3673.04	555
3673.78	570
3674.53	572
3675.28	586
3676.03	563
3676.77	550
3677.52	567
3678.27	566
3679.02	574.141
3679.76	560.536
3680.51	549.304
3681.26	556.609
3682	536.664
3682.75	577.99
3683.5	539.992
3684.24	556.004
3684.99	560.37
3685.74	550.636
3686.48	535.145
3687.23	546.91
3687.97	543.911
3688.72	539.277
3689.47	562.661
3690.21	553.494
3690.96	560.97
3691.7	552.508
3692.45	557.979
3693.19	576.503
3693.94	556.446
3694.68	560.039
3695.43	560.033
3696.17	562.965
3696.92	551.637
3697.66	556.807
3698.41	555.858
3699.15	558.929
3699.9	550.525
3700.64	547.021
3701.38	563.414
3702.13	559.053
3702.87	557.595
3703.62	547.577
3704.36	561.063
3705.1	555.271
3705.85	543.903
3706.59	553.56
3707.33	560.086
3708.08	557.934
3708.82	546.948
3709.56	541.134
3710.31	545.655
3711.05	546.232
3711.79	546.744
3712.53	541.031
3713.28	549.619
3714.02	536.452
3714.76	544.91
3715.5	534.887
3716.25	542.663
3716.99	545.784
3717.73	538.942
3718.47	533.673
3719.21	537.657
3719.96	538.397
3720.7	536.972
3721.44	537.967
3722.18	550.57
3722.92	541.277
3723.66	547.471
3724.4	536.051
3725.14	533.995
3725.88	543.266
3726.63	549.795
3727.37	540.506
3728.11	544.039
3728.85	534.992
3729.59	532.276
3730.33	538.964
3731.07	533.622
3731.81	528.018
3732.55	547.59
3733.29	543.33
3734.03	538.881
3734.77	538.738
3735.51	542.358
3736.25	525.277
3736.99	549.897
3737.72	551.342
3738.46	544.789
3739.2	555.625
3739.94	546.454
3740.68	556.198
3741.42	533.868
3742.16	546.727
3742.9	530.685
3743.63	551.708
3744.37	561.666
3745.11	558.149
3745.85	553.197
3746.59	560.919
3747.32	541.647
3748.06	538.101
3748.8	546.343
3749.54	536.363
3750.27	560.556
3751.01	526.405
3751.75	526.238
3752.49	560.353
3753.22	555.263
3753.27	555
3754.01	533
3754.75	559
3755.49	549
3756.23	556
3756.97	545
3757.71	536
3758.45	557
3759.2	545
3759.94	532
3760.68	538
3761.42	533
3762.16	558
3762.9	539
3763.64	543
3764.38	525
3765.12	520
3765.86	535
3766.59	538
3767.33	547
3768.07	563
3768.81	556
3769.55	572
3770.29	540
3771.03	558
3771.77	546
3772.51	534
3773.25	540
3773.99	544
3774.72	547
3775.46	530
3776.2	553
3776.94	549
3777.68	555
3778.41	549
3779.15	552
3779.89	554
3780.63	564
3781.37	555
3782.1	540
3782.84	530
3783.58	555
3784.31	545
3785.05	547
3785.79	551
3786.53	542
3787.26	548
3788	540
3788.74	544
3789.47	548
3790.21	539
3790.94	542
3791.68	547
3792.42	537
3793.15	545
3793.89	555
3794.62	544
3795.36	552
3796.1	554
3796.83	550
3797.57	544.5
3798.3	539
3799.04	535
3799.77	539
3800.51	559
3801.24	541
3801.98	544
3802.71	522
3803.45	533
3804.18	558
3804.92	536
3805.65	538
3806.38	541
3807.12	555
3807.85	553
3808.59	551
3809.32	542
3810.05	548
3810.79	556
3811.52	561
3812.25	563
3812.99	540
3813.72	548
3814.45	539
3815.19	556
3815.92	550
3816.65	552
3817.39	528
3818.12	546
3818.85	536
3819.58	554
3820.32	537
3821.05	554
3821.78	533
3822.51	527
3823.24	532
3823.98	562
3824.71	525
3825.44	546
3826.17	559
3826.9	520
3827.63	537
3828.36	550
3829.1	539
3829.83	531
3830.56	536
3831.29	523
3832.02	525
3832.75	541
3833.48	531
3834.21	525
3834.94	544
3835.67	534
3836.4	520
3837.13	524
3837.86	502
3838.59	526
3839.32	516
3840.05	510
3840.78	524
3841.51	525
3842.24	518
3842.97	532
3843.7	515
3844.43	520
3845.16	521
3845.89	516
3846.62	517
3847.34	516
3848.07	526
3848.8	513
3849.53	528
3850.26	510
3850.99	522
3851.72	529
3852.44	519
3853.17	535
3853.9	489
3854.63	518
3855.36	513
3856.08	527
3856.81	515
3857.54	501
3858.26	509
3858.99	520
3859.72	512
3860.45	507
3861.17	495
3861.9	523
3862.63	523
3863.35	507
3864.08	502
3864.81	494
3865.53	516
3866.26	506
3866.99	517
3867.71	506
3868.44	508
3869.16	502
3869.89	491
3870.61	530
3871.34	504
3872.07	496
3872.79	488
3873.52	489
3874.24	502
3874.97	513
3875.69	496
3876.42	494
3877.14	504
3877.87	484
3878.59	492
3879.31	494
3880.04	482
3880.76	484
3881.49	513
3882.21	489
3882.94	476
3883.66	480
3884.38	478
3885.11	502
3885.83	491
3886.55	496
3887.28	488
3888	504
3888.72	470
3889.45	505
3890.17	501
3890.89	504
3891.62	496
3892.34	489
3893.06	478
3893.79	478
3894.51	501
3895.23	473
3895.95	498
3896.67	504
3897.4	468
3898.12	483
3898.84	494
3899.56	488
3900.28	483
3901.01	487
3901.73	476
3902.45	473
3903.17	474
3903.89	488
3904.61	488
3905.33	487
3906.05	487
3906.78	475
3907.5	497
3908.22	492
3908.94	483
3909.66	467
3910.38	479
3911.1	472
3911.82	496
3912.54	488
3913.26	485
3913.98	478
3914.7	489
3915.42	463
3916.14	485
3916.86	456
3917.58	487
3918.3	506
3919.02	469
3919.73	488
3920.45	484
3921.17	479
3921.89	473
3922.61	469
3923.33	483
3924.05	486
3924.77	482
3925.48	485
3926.2	483
3926.92	494
3927.64	488
3928.36	458
3929.08	484
3929.79	473
3930.51	492
3931.23	491
3931.95	474
3932.66	478
3933.38	490
3934.1	471
3934.82	486
3935.53	479
3936.25	461
3936.97	459
3937.68	478
3938.4	478
3939.12	479
3939.83	467
3940.55	471
3941.27	473
3941.98	459
3942.7	485
3943.41	474
3944.13	470
3944.85	471
3945.56	468
3946.28	453
3946.99	461
3947.71	468
3948.42	460
3949.14	480
3949.85	465
3950.57	475
3951.28	480
3952	496
3952.71	477
3953.43	447
3954.14	463
3954.86	488
3955.57	468
3956.29	465
3957	469
3957.71	464
3958.43	471
3959.14	454
3959.86	460
3960.57	474
3961.28	469
3962	475
3962.71	470
3963.42	488
3964.14	472
3964.85	487
3965.56	468
3966.28	475
3966.99	476
3967.7	474
3968.41	482
3969.13	449
3969.84	471
3970.55	464
3971.26	466
3971.98	469
3972.69	463
3973.4	467
3974.11	457
3974.83	462
3975.54	446
3976.25	473
3976.96	442
3977.67	464
3978.38	462
3979.09	458
3979.81	458
3980.52	442
3981.23	449
3981.94	442
3982.65	450
3983.36	456
3984.07	452
3984.78	466
3985.49	451
3986.2	461
3986.91	459
3987.62	449
3988.33	461
3989.04	460
3989.75	460
3990.46	457
3991.17	465
3991.88	481
3992.59	456
3993.3	452
3994.01	461
3994.72	467
3995.43	447
3996.14	445
3996.85	452
3997.56	465
3998.26	456
3998.97	446
3999.68	470
