201.152	3121
201.958	3023
202.763	3060
203.569	2982
204.375	2991
205.179	2967
205.985	2985
206.79	2973
207.595	2975
208.4	2923
209.205	2929
210.01	2882
210.814	2851
211.618	2833
212.423	2896
213.227	2858
214.032	2876
214.835	2847
215.639	2872
216.443	2791
217.246	2802
218.05	2751
218.854	2818
219.657	2751
220.46	2749
221.263	2702
222.066	2696
222.869	2685
223.672	2676
224.475	2641
225.277	2672
226.08	2601
226.882	2611
227.684	2550
228.487	2532
229.288	2490
230.09	2466
230.892	2457
231.694	2436
232.495	2427
233.297	2430
234.098	2412
234.899	2464
235.7	2458
236.502	2423
237.302	2416
238.103	2439
238.904	2421
239.704	2422
240.505	2431
241.305	2428
242.106	2360
242.905	2387
243.705	2351
244.506	2346
245.305	2355
246.104	2355
246.904	2308
247.704	2333
248.504	2344
249.303	2278
250.101	2324
250.9	2319
251.7	2322
252.498	2333
253.297	2303
254.096	2340
254.894	2321
255.692	2295
256.49	2302
257.289	2307
258.087	2303
258.885	2315
259.682	2311
260.48	2282
261.278	2316
262.075	2294
262.873	2275
263.67	2267
264.467	2324
265.264	2269
266.061	2273
266.858	2228
267.655	2245
268.451	2210
269.247	2178
270.044	2170
270.84	2188
271.636	2201
272.432	2149
273.228	2189
274.024	2151
274.82	2120
275.616	2128
276.411	2120
277.207	2084
278.002	2091
278.797	2109
279.592	2098
280.387	2102
281.182	2156
281.977	2115
282.771	2115
283.566	2104
284.359	2080
285.154	2077
285.948	2070
286.742	2035
287.536	1993
288.33	1991
289.124	1999
289.918	1989
290.711	2000
291.505	2027
292.297	1976
293.091	1981
293.884	2005
294.677	1966
295.47	1975
296.263	1974
297.055	1978
297.848	1935
298.64	1936
299.433	1963
300.224	1916
301.017	1897
301.809	1863
302.601	1870
303.392	1876
304.184	1852
304.976	1879
305.767	1861
306.558	1867
307.35	1884
308.141	1892
308.931	1895
309.723	1911
310.514	1877
311.304	1907
312.095	1874
312.886	1889
313.675	1899
314.466	1858
315.256	1895
316.046	1836
316.836	1825
317.626	1866
318.416	1859
319.205	1851
319.995	1843
320.784	1836
321.573	1833
322.362	1832
323.151	1855
323.94	1826
324.729	1807
325.517	1847
326.307	1868
327.095	1796
327.884	1830
328.671	1823
329.46	1816
330.248	1779
331.035	1777
331.824	1847
332.611	1822
333.399	1792
334.186	1799
334.974	1837
335.761	1836
336.548	1845
337.335	1878
338.123	1837
338.909	1882
339.696	1848
340.483	1833
341.269	1845
342.056	1856
342.843	1876
343.628	1833
344.414	1903
345.201	1869
345.987	1915
346.772	1898
347.558	1929
348.343	1956
349.129	1946
349.915	1934
350.7	1922
351.485	1937
352.269	1943
353.055	1941
353.84	1914
354.624	1952
355.409	1951
356.193	1943
356.978	1954
357.762	1984
358.547	1947
359.331	1924
360.115	1931
360.898	2010
361.682	2050
362.466	1981
363.249	2012
364.033	2082
364.816	2071
365.599	2107
366.382	2139
367.165	2170
367.948	2290
368.731	2268
369.513	2298
370.296	2363
371.079	2338
371.861	2327
372.643	2356
373.425	2301
374.207	2312
374.99	2233
375.771	2251
376.553	2237
377.334	2190
378.116	2116
378.897	2147
379.678	2059
380.46	2054
381.241	2020
382.022	1958
382.802	1959
383.583	1955
384.364	1908
385.145	1918
385.925	1938
386.706	1888
387.485	1923
388.266	1893
389.046	1857
389.826	1890
390.605	1926
391.385	1846
392.165	1908
392.944	1905
393.723	1881
394.503	1899
395.282	1878
396.061	1888
396.84	1892
397.619	1920
398.397	1891
399.176	1927
399.954	1914
400.733	1950
401.511	1926
402.289	1963
403.067	1982
403.845	1962
404.623	2023
405.401	2010
406.178	2073
406.956	2087
407.733	2129
408.511	2118
409.288	2150
410.065	2211
410.842	2246
411.619	2333
412.396	2369
413.173	2431
413.949	2567
414.726	2561
415.502	2643
416.279	2694
417.054	2843
417.83	2878
418.606	2934
419.382	3092
420.158	3164
420.934	3290
421.709	3428
422.485	3576
423.26	3659
424.035	3779
424.81	3871
425.585	3953
426.36	4032
427.135	4128
427.909	4136
428.684	4220
429.459	4241
430.233	4155
431.007	4239
431.781	4191
432.555	4094
433.329	4025
434.103	3941
434.876	3828
435.65	3781
436.424	3664
437.197	3596
437.97	3515
438.743	3400
439.516	3319
440.29	3267
441.063	3135
441.835	3071
442.608	3027
443.38	2978
444.153	2929
444.925	2822
445.697	2767
446.469	2732
447.241	2672
448.014	2620
448.786	2547
449.557	2480
450.329	2395
451.101	2325
451.872	2261
452.643	2263
453.414	2206
454.185	2135
454.956	2115
455.727	2094
456.498	2041
457.269	2009
458.039	1979
458.809	1972
459.579	1896
460.35	1819
461.12	1807
461.89	1808
462.66	1769
463.43	1724
464.2	1723
464.969	1719
465.738	1703
466.508	1685
467.277	1669
468.047	1666
468.816	1626
469.584	1596
470.353	1589
471.122	1601
471.891	1549
472.659	1545
473.428	1568
474.196	1533
474.965	1577
475.732	1544
476.5	1552
477.269	1522
478.037	1485
478.804	1473
479.572	1464
480.34	1433
481.106	1445
481.874	1381
482.642	1409
483.408	1384
484.175	1389
484.942	1360
485.709	1345
486.476	1359
487.242	1371
488.009	1374
488.775	1371
489.541	1425
490.307	1393
491.073	1385
491.839	1404
492.605	1408
493.37	1387
494.136	1386
494.901	1372
495.667	1407
496.432	1434
497.198	1454
497.963	1455
498.728	1477
499.493	1494
500.258	1512
501.022	1500
501.786	1476
502.552	1470
503.316	1495
504.08	1447
504.844	1404
505.608	1348
506.373	1393
507.136	1332
507.9	1339
508.664	1325
509.427	1300
510.19	1360
510.953	1275
511.717	1320
512.48	1289
513.243	1315
514.006	1316
514.769	1331
515.531	1272
516.294	1286
517.056	1276
517.819	1280
518.581	1259
519.343	1262
520.105	1251
520.867	1229
521.63	1212
522.392	1205
523.153	1209
523.914	1239
524.676	1189
525.437	1191
526.198	1198
526.959	1186
527.72	1204
528.481	1208
529.243	1199
530.004	1184
530.764	1230
531.525	1168
532.285	1183
533.045	1192
533.806	1207
534.566	1159
535.326	1160
536.086	1178
536.846	1109
537.605	1105
538.365	1098
539.124	1119
539.883	1125
540.642	1117
541.402	1159
542.161	1185
542.92	1206
543.679	1189
544.438	1227
545.197	1256
545.954	1211
546.713	1251
547.472	1241
548.23	1255
548.988	1222
549.747	1243
550.504	1211
551.262	1239
552.02	1205
552.778	1190
553.535	1198
554.292	1180
555.05	1151
555.807	1154
556.564	1142
557.321	1139
558.078	1147
558.834	1157
559.591	1165
560.348	1184
561.104	1162
561.861	1146
562.618	1214
563.373	1166
564.13	1182
564.886	1159
565.641	1152
566.398	1145
567.153	1139
567.909	1115
568.664	1119
569.419	1109
570.174	1135
570.93	1109
571.685	1134
572.44	1105
573.195	1119
573.95	1095
574.705	1100
575.459	1058
576.213	1067
576.968	1085
577.722	1054
578.476	997
579.23	1028
579.984	1031
580.738	1023
581.491	1021
582.245	1033
582.999	1006
583.753	1075
584.506	1135
585.259	1173
586.012	1194
586.765	1254
587.518	1329
588.27	1358
589.024	1397
589.776	1423
590.528	1453
591.281	1444
592.033	1420
592.785	1469
593.537	1467
594.29	1488
595.042	1546
595.793	1548
596.545	1605
597.296	1630
598.048	1592
598.8	1589
599.551	1466
600.302	1408
601.053	1384
601.804	1310
602.555	1235
603.306	1193
604.057	1196
604.807	1165
605.558	1140
606.308	1169
607.058	1165
607.808	1137
608.558	1158
609.308	1188
610.058	1172
610.808	1181
611.558	1178
612.307	1139
613.057	1152
613.806	1186
614.555	1114
615.305	1168
616.054	1158
616.803	1129
617.552	1111
618.3	1084
619.049	1112
619.797	1070
620.545	1102
621.294	1081
622.042	1073
622.791	1059
623.539	1055
624.287	1033
625.034	1039
625.782	1031
626.53	1022
627.277	1050
628.025	1058
628.772	1072
629.519	1071
630.266	1098
631.014	1056
631.76	1073
632.507	1069
633.254	1070
634	1118
634.747	1100
635.494	1117
636.24	1121
636.986	1130
637.732	1113
638.479	1161
639.224	1150
639.97	1164
640.715	1138
641.461	1100
642.207	1124
642.952	1120
643.698	1125
644.442	1078
645.188	1087
645.932	1079
646.678	1023
647.422	1042
648.167	1007
648.911	1030
649.656	984
650.4	993
651.145	1014
651.889	1046
652.634	1021
653.377	1021
654.122	1023
654.865	1012
655.609	1014
656.353	1020
657.096	1007
657.84	994
658.583	1019
659.326	989
660.069	994
660.812	1016
661.555	1043
662.298	1005
663.04	1061
663.783	1032
664.526	1040
665.268	1076
666.01	1034
666.753	1037
667.495	1031
668.237	1033
668.978	972
669.721	970
670.462	993
671.204	991
671.945	1014
672.686	1001
673.428	1001
674.169	1018
674.91	1015
675.651	995
676.392	997
677.133	992
677.873	990
678.614	1001
679.355	1008
680.095	980
680.836	1007
681.576	984
682.316	977
683.056	1012
683.796	1022
684.535	1020
685.275	1035
686.015	1037
686.754	1025
687.494	1038
688.233	1017
688.972	1027
689.711	1009
690.45	995
691.189	987
691.928	1003
692.666	983
693.405	956
694.143	944
694.882	982
695.62	981
696.359	999
697.097	1009
697.835	1018
698.572	1000
699.31	1039
700.048	1024
700.786	1032
701.524	1014
702.26	1010
702.998	1017
703.735	989
704.473	996.5
705.209	1004
705.946	984
706.683	978
707.42	1001
708.156	992
708.893	984
709.63	971
710.365	1000
711.102	994
711.838	1003
712.574	991
713.31	985
714.045	972
714.781	961
715.518	989
716.253	953
716.988	972
717.723	983
718.459	1002
719.193	977
719.929	1012
720.664	1013
721.399	1032
722.134	1029
722.868	1049
723.603	1035
724.337	1037
725.071	1013
725.806	1021
726.539	990
727.274	997
728.008	974
728.742	991
729.475	1002
730.209	1002
730.943	1007
731.676	983
732.409	970
733.143	975
733.876	972
734.608	971
735.342	945
736.075	946
736.807	989
737.54	1006
738.273	1002
739.005	993
739.738	995
740.47	974
741.202	983
741.934	984
742.666	1001
743.398	1018
744.13	991
744.861	1001
745.593	1027
746.324	1020
747.055	1019
747.787	1020
748.518	997
749.249	1071
749.98	1034
750.711	1029
751.442	1012
752.172	1058
752.903	1079
753.633	1038
754.364	1027
755.094	1036
755.825	1037
756.555	1028
757.285	1013
758.015	1051
758.745	1034
759.474	1045
760.203	1036
760.933	1047
761.663	1046
762.392	1056
763.121	1030
763.85	1033
764.58	1046
765.309	1029
766.037	1019
766.766	1018
767.495	1006
768.223	1052
768.951	1050
769.68	1039
770.408	1062
771.137	1054
771.864	1038
772.592	1032
773.32	1046
774.048	1062
774.776	1073
775.503	1053
776.231	1078
776.958	1075
777.686	1087
778.412	1090
779.14	1133
779.867	1128
780.593	1136
781.32	1121
782.047	1128
782.773	1075
783.5	1126
784.226	1102
784.953	1114
785.679	1130
786.405	1112
787.131	1128
787.857	1149
788.583	1144
789.309	1143
790.034	1153
790.76	1151
791.485	1119
792.211	1129
792.936	1135
793.661	1154
794.386	1176
795.111	1117
795.836	1180
796.56	1156
797.285	1179
798.009	1187
798.734	1205
799.458	1217
800.183	1212
800.907	1229
801.631	1253
802.355	1276
803.079	1291
803.802	1264
804.526	1312
805.25	1289
805.973	1250
806.697	1252
807.42	1249
808.143	1273
808.866	1281
809.589	1309
810.312	1264
811.035	1284
811.757	1292
812.481	1290
813.203	1335
813.925	1362
814.647	1372
815.369	1381
816.091	1400
816.814	1406
817.536	1458
818.258	1460
818.979	1532
819.701	1545
820.422	1597
821.144	1602
821.865	1634
822.586	1649
823.307	1664
824.028	1706
824.749	1741
825.471	1776
826.192	1849
826.912	1846
827.633	1927
828.353	1936
829.073	2024
829.793	2020
830.514	2008
831.234	1980
831.954	1961
832.674	1932
833.394	1851
834.114	1843
834.833	1822
835.553	1824
836.272	1791
836.991	1720
837.71	1784
838.43	1692
839.149	1710
839.868	1647
840.586	1599
841.305	1596
842.024	1592
842.743	1563
843.461	1582
844.179	1590
844.898	1579
845.616	1612
846.334	1616
847.052	1666
847.77	1623
848.488	1689
849.205	1742
849.923	1702
850.641	1769
851.358	1784
852.075	1811
852.792	1836
853.51	1893
854.227	1944
854.943	1969
855.661	2026
856.377	2075
857.094	2149
857.81	2216
858.527	2286
859.243	2382
859.959	2456
860.675	2573
861.392	2712
862.107	2756
862.824	2968
863.539	3135
864.255	3242
864.97	3492
865.686	3795
866.401	4003
867.116	4350
867.832	4725
868.547	5122
869.262	5643
869.977	6293
870.692	6851
871.407	7706
872.121	8475
872.836	9539
873.551	10674
874.265	11903
874.979	13312
875.693	14562
876.407	15865
877.121	17190
877.835	18337
878.548	19239
879.263	19999
879.976	20172
880.689	20021
881.403	19650
882.116	18996
882.829	17999
883.543	16931
884.256	15709
884.968	14292
885.681	13076
886.394	11718
887.106	10649
887.819	9423
888.531	8381
889.244	7500
889.957	6734
890.669	6062
891.381	5466
892.093	4918
892.805	4537
893.516	4185
894.228	3857
894.94	3638
895.651	3350
896.363	3181
897.073	2953
897.784	2805
898.496	2731
899.207	2570
899.918	2490
900.629	2433.15
901.34	2311.62
902.05	2254.57
902.761	2107.89
903.471	2077.53
904.181	2049.14
904.892	1996.8
905.602	1963.82
906.312	1915.29
907.022	1807.14
907.732	1805.91
908.442	1796.42
909.151	1726.6
909.861	1703.07
910.57	1677.22
911.28	1636.89
911.989	1601.76
912.698	1576.78
913.407	1573.33
914.117	1560.44
914.826	1524.26
915.534	1503.73
916.243	1479.88
916.951	1489.44
917.66	1463.06
918.369	1479.43
919.077	1449.27
919.786	1421.83
920.493	1436.99
921.202	1405.44
921.91	1391.67
922.618	1408.39
923.326	1416.21
924.033	1391.82
924.741	1368.59
925.448	1402.06
926.156	1374.04
926.863	1383.04
927.571	1387.15
928.278	1380.32
928.985	1356.63
929.692	1375.38
930.399	1352.52
931.105	1347.53
931.812	1357.92
932.519	1330.07
933.225	1316.24
933.932	1327.45
934.638	1312.19
935.344	1318.85
936.051	1311.9
936.756	1306.62
937.462	1296.01
938.168	1294.22
938.874	1270.14
939.579	1256.72
940.285	1261.14
940.991	1274.71
941.696	1260.78
942.401	1226.09
943.106	1226.04
943.812	1232.44
944.517	1217.04
945.221	1243.46
945.926	1221.82
946.63	1231.91
947.336	1237.12
948.04	1228.93
948.745	1219.63
949.449	1219.92
950.153	1217.44
950.857	1203.93
951.561	1196.43
952.265	1182.65
952.969	1175.13
953.673	1199.95
954.377	1173.31
955.08	1174.84
955.784	1177.7
956.487	1166.2
957.191	1183.22
957.894	1188.36
958.597	1207.39
959.3	1188.17
960.003	1156.46
960.706	1155.99
961.409	1171.77
962.111	1174.23
962.813	1160.71
963.516	1161.78
964.218	1149.75
964.921	1142.9
965.623	1146.39
966.325	1144.35
967.027	1116.93
967.729	1129.01
968.43	1137.99
969.132	1145.18
969.834	1158.1
970.536	1169.6
970.759	1173
971.464	1184
972.17	1211
972.875	1205
973.58	1220
974.286	1187
974.99	1202
975.696	1211
976.4	1260
977.105	1275
977.81	1238
978.514	1283
979.219	1273
979.923	1285
980.628	1296
981.332	1310
982.036	1310
982.74	1328
983.444	1288
984.148	1287
984.852	1288
985.555	1302
986.258	1296
986.962	1289
987.666	1342
988.369	1342
989.072	1344
989.775	1345
990.479	1352
991.181	1396
991.885	1384
992.587	1419
993.289	1425
993.993	1420
994.695	1454
995.397	1423
996.1	1491
996.802	1465
997.504	1496
998.206	1493
998.908	1492
999.609	1536
1000.31	1544
1001.01	1519
1001.71	1540
1002.42	1570
1003.12	1577
1003.82	1574
1004.52	1612
1005.22	1640.5
1005.92	1669
1006.62	1639
1007.32	1688
1008.02	1755
1008.73	1797
1009.43	1835
1010.13	1852
1010.83	1888
1011.53	1952
1012.23	1992
1012.93	2094
1013.63	2144.5
1014.33	2195
1015.03	2243
1015.73	2289
1016.43	2341
1017.13	2396
1017.83	2486
1018.52	2569
1019.22	2626
1019.92	2659
1020.62	2835
1021.32	2820
1022.02	2912
1022.72	2990
1023.42	3076
1024.12	3096
1024.81	3187
1025.51	3336
1026.21	3361
1026.91	3466
1027.61	3613
1028.31	3725
1029	3790
1029.7	3921
1030.4	3977
1031.1	3999
1031.8	4099
1032.49	4185
1033.19	4190
1033.89	4273
1034.59	4357
1035.28	4373
1035.98	4433
1036.68	4500
1037.37	4640
1038.07	4705
1038.77	4744
1039.46	4881
1040.16	4953
1040.86	5088
1041.55	5253
1042.25	5354
1042.94	5458
1043.64	5558
1044.34	5632
1045.03	5779
1045.73	5842
1046.43	5899
1047.12	5972
1047.82	5864
1048.51	5957
1049.21	5813
1049.9	5847
1050.6	5793
1051.29	5671
1051.99	5490
1052.68	5406
1053.38	5236
1054.07	4968
1054.77	4817
1055.46	4610
1056.16	4440
1056.85	4263
1057.54	4065
1058.24	4025
1058.93	3860
1059.63	3733
1060.32	3679
1061.01	3562
1061.71	3469
1062.4	3426
1063.1	3369
1063.79	3320
1064.48	3257
1065.18	3226
1065.87	3263
1066.56	3241
1067.26	3218
1067.95	3189
1068.64	3234
1069.33	3235
1070.03	3238
1070.72	3250
1071.41	3296
1072.1	3360
1072.8	3360
1073.49	3413
1074.18	3447
1074.87	3535
1075.56	3587
1076.26	3662
1076.95	3747
1077.64	3867
1078.33	3889
1079.02	4010
1079.71	4155
1080.41	4182
1081.1	4362
1081.79	4459
1082.48	4555
1083.17	4672
1083.86	4866
1084.55	4936
1085.24	5160
1085.93	5271
1086.62	5405
1087.31	5535
1088	5739
1088.69	5773
1089.38	5975
1090.07	6059
1090.76	6105
1091.45	6173
1092.14	6241
1092.83	6229
1093.52	6170
1094.21	6088
1094.9	6031
1095.59	5859
1096.28	5717
1096.97	5494
1097.66	5330
1098.35	5143
1099.04	4900
1099.73	4750
1100.41	4571
1101.1	4294
1101.79	4196
1102.48	4053
1103.17	3905
1103.86	3754
1104.54	3635
1105.23	3518
1105.92	3449
1106.61	3379
1107.3	3309
1107.98	3284
1108.67	3229
1109.36	3109
1110.05	3081
1110.73	3097
1111.42	3012
1112.11	2988
1112.8	3005
1113.48	2957
1114.17	2943
1114.86	2911
1115.54	2845
1116.23	2838
1116.92	2824
1117.6	2763
1118.29	2731
1118.98	2709
1119.66	2672
1120.35	2633
1121.03	2577
1121.72	2529
1122.41	2515
1123.09	2495
1123.78	2391
1124.46	2387
1125.15	2309
1125.83	2251
1126.52	2214
1127.2	2197
1127.89	2196
1128.57	2137
1129.26	2088
1129.94	2073
1130.63	1980
1131.31	1969
1132	1958
1132.68	1895
1133.37	1871
1134.05	1800
1134.74	1852
1135.42	1808
1136.1	1797
1136.79	1780
1137.47	1765
1138.16	1708
1138.84	1709
1139.52	1709
1140.21	1687
1140.89	1671
1141.57	1652
1142.26	1674
1142.94	1659
1143.62	1665
1144.31	1616
1144.99	1622
1145.67	1598
1146.35	1583
1147.04	1585
1147.72	1583
1148.4	1572
1149.08	1566
1149.77	1561
1150.45	1569
1151.13	1545
1151.81	1556
1152.5	1562
1153.18	1518
1153.86	1540
1154.54	1543
1155.22	1497
1155.9	1502
1156.58	1485
1157.27	1527
1157.95	1485
1158.63	1477
1159.31	1441
1159.99	1448
1160.67	1461
1161.35	1451
1162.03	1398
1162.71	1430
1163.39	1396
1164.08	1421
1164.76	1422
1165.44	1442
1166.12	1418
1166.8	1378
1167.48	1396
1168.16	1383
1168.84	1370
1169.52	1359
1170.19	1382
1170.87	1355
1171.55	1329
1172.23	1338
1172.91	1331
1173.59	1322
1174.27	1336
1174.95	1366
1175.63	1291
1176.31	1329
1176.99	1301
1177.67	1334
1178.34	1345
1179.02	1337
1179.7	1304
1180.38	1320
1181.06	1325
1181.74	1315
1182.41	1292
1183.09	1329
1183.77	1308
1184.45	1308
1185.13	1319
1185.8	1312
1186.48	1261
1187.16	1290
1187.84	1257
1188.51	1268
1189.19	1282
1189.87	1238
1190.54	1244
1191.22	1225
1191.9	1255
1192.58	1238
1193.25	1288
1193.93	1265
1194.61	1271
1195.28	1268
1195.96	1331
1196.63	1296
1197.31	1314
1197.99	1299
1198.66	1314
1199.34	1320
1200.01	1292
1200.69	1326
1201.36	1320
1202.04	1347
1202.72	1312
1203.39	1348
1204.07	1338
1204.74	1316
1205.42	1322
1206.09	1361
1206.77	1333
1207.44	1312
1208.12	1305
1208.79	1343
1209.47	1353
1210.14	1319
1210.82	1345
1211.49	1373
1212.16	1341
1212.84	1338
1213.51	1351
1214.19	1348
1214.86	1367
1215.53	1350
1216.21	1413
1216.88	1362
1217.55	1346
1218.23	1396
1218.9	1372
1219.57	1372
1220.25	1380
1220.92	1387
1221.59	1421
1222.27	1430
1222.94	1393
1223.61	1420
1224.29	1376
1224.96	1478
1225.63	1439
1226.3	1442
1226.97	1410
1227.65	1458
1228.32	1499
1228.99	1459
1229.66	1454
1230.33	1511
1231.01	1520
1231.68	1475
1232.35	1527
1233.02	1518
1233.69	1523
1234.36	1551
1235.04	1543
1235.71	1548
1236.38	1580
1237.05	1569
1237.72	1549
1238.39	1557
1239.06	1570
1239.73	1597
1240.4	1599
1241.07	1619
1241.74	1662
1242.41	1657
1243.09	1650
1243.75	1638
1244.42	1661
1245.09	1645
1245.77	1711
1246.44	1738
1247.1	1734
1247.77	1745
1248.44	1758
1249.11	1791
1249.78	1806
1250.45	1825
1251.12	1856
1251.79	1902
1252.46	1903
1253.13	1886
1253.8	1945
1254.47	1974
1255.13	2001
1255.8	2042
1256.47	2064
1257.14	2177
1257.81	3265
1258.48	2999
1259.14	2741
1259.81	2677
1260.48	2813
1261.15	2654
1261.82	2441
1262.48	2497
1263.15	2547
1263.82	2674
1264.49	2740
1265.15	2796
1265.82	2853
1266.49	2926
1267.16	3062
1267.82	3135
1268.49	3210
1269.16	3254
1269.82	3306
1270.49	3391
1271.16	3484
1271.82	3433
1272.49	3498
1273.16	3446
1273.82	3486
1274.49	3432
1275.16	3387
1275.82	3385
1276.49	3285
1277.15	3263
1277.82	3172
1278.49	3135
1279.15	3009
1279.82	2968
1280.48	2881
1281.15	2835
1281.81	2795
1282.48	2692
1283.14	2703
1283.81	2618
1284.47	2594
1285.14	2525
1285.8	2471
1286.47	2437
1287.13	2402
1287.8	2329
1288.46	2384
1289.12	2336
1289.79	2305
1290.45	2329
1291.12	2304
1291.78	2238
1292.44	2272
1293.11	2233
1293.77	2234
1294.44	2236
1295.1	2250
1295.76	2229
1296.43	2219
1297.09	2272
1297.75	2163
1298.42	2213
1299.08	2227
1299.74	2193
1300.4	2169
1301.07	2256
1301.73	2229
1302.39	2155
1303.06	2219
1303.72	2195
1304.38	2227
1305.04	2209
1305.7	2209
1306.37	2172
1307.03	2202
1307.69	2245
1308.35	2195
1309.01	2181
1309.68	2193
1310.34	2237
1311	2243
1311.66	2225
1312.32	2227
1312.98	2216
1313.65	2198
1314.31	2223
1314.97	2253
1315.63	2294
1316.29	2265
1316.95	2293
1317.61	2262
1318.27	2268
1318.93	2309
1319.59	2296
1320.25	2324
1320.91	2290
1321.57	2323
1322.23	2333
1322.89	2351
1323.55	2358
1324.21	2355
1324.87	2376
1325.53	2293
1326.19	2357
1326.85	2393
1327.51	2396
1328.17	2407
1328.83	2408
1329.49	2344
1330.15	2468
1330.81	2436
1331.47	2413
1332.12	2419
1332.78	2424
1333.44	2423
1334.1	2413
1334.76	2409
1335.42	2465
1336.07	2463
1336.73	2489
1337.39	2489
1338.05	2473
1338.71	2524
1339.36	2527
1340.02	2491
1340.68	2528
1341.34	2505
1342	2516
1342.65	2511
1343.31	2599
1343.97	2503
1344.62	2563
1345.28	2531
1345.94	2555
1346.6	2507
1347.25	2598
1347.91	2591.5
1348.57	2585
1349.22	2584
1349.88	2598
1350.54	2609
1351.19	2566
1351.85	2581
1352.5	2589
1353.16	2569
1353.82	2622
1354.47	2630
1355.13	2625
1355.78	2644
1356.44	2648
1357.1	2619
1357.75	2643
1358.41	2653
1359.06	2665
1359.72	2653
1360.37	2692
1361.03	2660
1361.68	2705
1362.34	2663
1362.99	2665
1363.65	2745
1364.3	2778
1364.96	2762
1365.61	2765
1366.27	2735
1366.92	2802
1367.57	2779
1368.23	2859
1368.88	2796
1369.54	2886
1370.19	2860
1370.84	2885
1371.5	2863
1372.15	2898
1372.81	2914
1373.46	2934
1374.11	2973
1374.77	3000
1375.42	3039
1376.07	3035
1376.73	3098
1377.38	3050
1378.03	3064
1378.68	3126
1379.34	3089
1379.99	3083
1380.64	3106
1381.29	3104
1381.95	3099.5
1382.6	3095
1383.25	3125
1383.9	3158
1384.56	3109
1385.21	3137
1385.86	3144
1386.51	3098
1387.16	3130
1387.81	3093
1388.47	3119
1389.12	3072
1389.77	3175
1390.42	3210
1391.07	3153
1391.72	3175
1392.37	3231
1393.03	3228
1393.68	3183
1394.33	3219
1394.98	3308
1395.63	3298
1396.28	3304
1396.93	3350
1397.58	3366
1398.23	3386
1398.88	3430
1399.53	3443
1400.18	3446
1400.83	3526
1401.48	3534
1402.13	3571
1402.78	3570
1403.43	3553
1404.08	3539
1404.73	3545
1405.38	3558
1406.03	3527
1406.68	3508
1407.33	3511
1407.98	3547
1408.63	3451
1409.27	3457
1409.92	3501
1410.57	3484
1411.22	3458
1411.87	3555
1412.52	3523
1413.17	3522
1413.81	3506
1414.46	3529
1415.11	3564
1415.76	3556
1416.41	3616
1417.05	3649
1417.7	3591
1418.35	3623
1419	3636
1419.65	3646
1420.29	3706
1420.94	3715
1421.59	3716
1422.24	3778
1422.88	3800
1423.53	3789
1424.18	3872
1424.82	3848
1425.47	3920
1426.12	4007
1426.76	3993
1427.41	4044
1428.06	4075
1428.7	4160
1429.35	4180
1430	4215
1430.64	4252
1431.29	4338
1431.93	4422
1432.58	4446
1433.23	4501
1433.87	4607
1434.52	4576
1435.16	4734
1435.81	4863
1436.46	4948
1437.1	5039
1437.75	5120
1438.39	5294
1439.04	5382
1439.68	5493
1440.33	5733
1440.97	5866
1441.62	5951
1442.26	6084
1442.91	6204
1443.55	6353
1444.19	6549
1444.84	6625
1445.48	6821
1446.13	6931
1446.77	7067
1447.42	7225
1448.06	7291
1448.7	7323
1449.35	7452
1449.99	7501
1450.63	7464
1451.28	7459
1451.92	7610
1452.57	7481
1453.21	7368
1453.85	7315
1454.49	7213
1455.14	7100
1455.78	6914
1456.42	6798
1457.07	6591
1457.71	6420
1458.35	6219
1458.99	6074
1459.64	5852
1460.28	5704
1460.92	5564
1461.56	5406
1462.21	5314
1462.85	5125
1463.49	5073
1464.13	4918
1464.78	4900
1465.42	4803
1466.06	4750
1466.7	4601
1467.34	4594
1467.98	4489
1468.62	4365
1469.27	4417
1469.91	4397
1470.55	4311
1471.19	4273
1471.83	4214
1472.47	4211
1473.11	4204
1473.75	4230
1474.39	4220
1475.03	4236
1475.67	4275
1476.31	4281
1476.95	4196
1477.6	4190
1478.24	4216
1478.88	4216
1479.52	4106
1480.16	4158
1480.8	4078
1481.43	4112
1482.07	3994
1482.71	4006
1483.35	3943
1483.99	3882
1484.63	3839
1485.27	3724
1485.91	3745
1486.55	3615
1487.19	3554
1487.83	3539
1488.47	3461
1489.11	3388
1489.74	3318
1490.38	3271
1491.02	3203
1491.66	3132
1492.3	3115
1492.94	3057
1493.57	3036
1494.21	2964
1494.85	2946
1495.49	2931
1496.13	2913
1496.76	2847
1497.4	2777
1498.04	2774
1498.68	2783
1499.31	2817
1499.95	2762
1500.59	2720
1501.23	2669
1501.86	2712
1502.5	2642
1503.14	2676
1503.77	2658
1504.41	2583
1505.05	2584
1505.69	2514
1506.32	2581
1506.96	2540
1507.59	2565
1508.23	2503
1508.87	2458
1509.5	2480
1510.14	2478
1510.78	2477
1511.41	2434
1512.05	2388
1512.68	2419
1513.32	2386
1513.95	2358
1514.59	2372
1515.23	2352
1515.86	2320
1516.5	2247
1517.13	2299
1517.77	2296
1518.4	2262
1519.04	2256
1519.67	2234
1520.31	2200
1520.94	2181.83
1521.58	2202.48
1522.21	2192.44
1522.85	2174.08
1523.48	2210.59
1524.11	2154.47
1524.75	2167.18
1525.38	2128.56
1526.02	2133.74
1526.65	2143.06
1527.28	2138.75
1527.92	2126.48
1528.55	2109.22
1529.19	2099.33
1529.82	2064.64
1530.45	2070.53
1531.09	2066.94
1531.72	2040.43
1532.35	2037.02
1532.99	2024.88
1533.62	2035.47
1534.25	1974.09
1534.89	1997.66
1535.52	1986.47
1536.15	1984.18
1536.78	1985.48
1537.42	1951.91
1538.05	1955.13
1538.68	1959.28
1539.31	1935.17
1539.95	1966.88
1540.58	1957.51
1541.21	1950.07
1541.84	1972.34
1542.47	1971.43
1543.11	1939.08
1543.74	1935.76
1544.37	1949.87
1545	1941.52
1545.63	1959.74
1546.26	1962.13
1546.9	1946.61
1547.53	1946.53
1548.16	1939.17
1548.79	1922.36
1549.42	1911.39
1550.05	1922.58
1550.68	1893.79
1551.31	1890.15
1551.94	1877.21
1552.58	1889.68
1553.21	1853.57
1553.84	1864.1
1554.47	1887.79
1555.1	1854.32
1555.73	1843.72
1556.36	1834.35
1556.99	1818.62
1557.62	1816.37
1558.25	1798.49
1558.88	1788.27
1559.51	1797.51
1560.14	1769.76
1560.77	1767.97
1561.4	1799.35
1562.03	1788.77
1562.66	1754.92
1563.29	1737.89
1563.92	1734.96
1564.54	1706.02
1565.17	1712.04
1565.8	1714.79
1566.43	1692.41
1567.06	1702.2
1567.69	1697.45
1568.32	1683.86
1568.95	1702.36
1569.57	1722.93
1570.2	1696.55
1570.83	1694.22
1571.46	1702.01
1572.09	1700.95
1572.72	1704.16
1573.34	1709.26
1573.97	1698.29
1574.6	1681.18
1575.23	1638.68
1575.86	1660.64
1576.48	1658.62
1577.11	1618.81
1577.74	1614.16
1578.37	1597.87
1578.99	1588.89
1579.62	1601.41
1580.25	1619.28
1580.88	1626.07
1581.5	1607.19
1582.13	1590.41
1582.76	1625.34
1583.38	1633.82
1584.01	1631.03
1584.64	1616.41
1585.26	1609.05
1585.68	1606
1586.31	1638
1586.94	1617
1587.57	1622
1588.2	1604
1588.83	1570
1589.46	1579
1590.09	1569
1590.72	1629
1591.35	1613
1591.98	1567
1592.61	1602
1593.24	1646
1593.87	1629
1594.5	1601
1595.13	1629
1595.76	1614
1596.39	1608
1597.01	1621
1597.64	1609
1598.27	1617
1598.9	1626
1599.53	1625
1600.16	1613
1600.79	1615
1601.41	1598
1602.04	1613
1602.67	1576
1603.3	1630
1603.93	1596
1604.56	1600
1605.18	1568
1605.81	1571
1606.44	1557
1607.07	1539
1607.69	1499
1608.32	1522
1608.95	1514
1609.58	1525
1610.2	1505
1610.83	1536
1611.46	1478
1612.09	1505
1612.71	1512
1613.34	1529
1613.97	1477
1614.59	1512
1615.22	1547
1615.85	1537
1616.47	1564
1617.1	1590
1617.73	1599
1618.35	1580
1618.98	1614
1619.6	1607
1620.23	1579
1620.86	1568
1621.48	1552
1622.11	1555.5
1622.73	1559
1623.36	1548
1623.99	1513
1624.61	1555
1625.24	1540
1625.86	1536
1626.49	1521
1627.11	1587
1627.74	1591
1628.36	1631
1628.99	1669
1629.61	1666
1630.24	1645
1630.86	1685
1631.49	1745
1632.11	1758
1632.74	1812
1633.36	1820
1633.98	1904
1634.61	1943
1635.23	2000
1635.86	1981
1636.48	2018
1637.11	2055
1637.73	2010
1638.35	1998
1638.98	1954
1639.6	1850
1640.22	1819
1640.85	1737
1641.47	1721
1642.09	1625
1642.72	1602
1643.34	1565
1643.96	1528
1644.59	1488
1645.21	1459
1645.83	1449
1646.46	1423
1647.08	1453
1647.7	1418
1648.32	1420
1648.95	1385
1649.57	1396
1650.19	1384
1650.81	1338
1651.44	1346
1652.06	1345
1652.68	1323
1653.3	1348
1653.92	1354
1654.54	1334
1655.17	1340
1655.79	1345
1656.41	1312
1657.03	1354
1657.65	1356
1658.27	1342
1658.9	1366
1659.52	1355
1660.14	1329
1660.76	1317
1661.38	1308
1662	1348
1662.62	1352
1663.24	1359
1663.86	1387
1664.48	1331
1665.1	1348
1665.72	1370
1666.34	1362
1666.96	1354
1667.59	1344
1668.21	1365
1668.82	1337
1669.44	1349
1670.06	1383
1670.68	1349
1671.3	1369
1671.92	1361
1672.54	1341
1673.16	1365
1673.78	1329
1674.4	1305
1675.02	1320
1675.64	1321
1676.26	1338
1676.88	1335
1677.5	1362
1678.12	1347
1678.73	1367
1679.35	1369
1679.97	1355
1680.59	1354
1681.21	1385
1681.83	1390
1682.45	1312
1683.06	1365
1683.68	1372
1684.3	1365
1684.92	1342
1685.54	1335
1686.15	1327
1686.77	1365
1687.39	1311
1688.01	1368
1688.63	1374
1689.24	1363
1689.86	1351
1690.48	1372
1691.09	1388
1691.71	1403
1692.33	1400
1692.95	1430
1693.56	1414
1694.18	1383
1694.8	1396
1695.41	1404
1696.03	1390
1696.65	1405
1697.26	1409
1697.88	1397
1698.5	1312
1699.11	1381
1699.73	1371
1700.34	1352
1700.96	1367
1701.58	1407
1702.19	1387
1702.81	1399
1703.42	1399
1704.04	1397
1704.66	1374
1705.27	1398
1705.89	1420
1706.5	1372
1707.12	1382
1707.73	1359
1708.35	1367
1708.96	1330
1709.58	1366
1710.19	1323
1710.81	1306
1711.42	1324
1712.04	1319
1712.65	1334
1713.27	1308
1713.88	1344
1714.5	1317
1715.11	1330
1715.72	1346
1716.34	1383
1716.95	1357
1717.57	1360
1718.18	1398
1718.79	1367
1719.41	1373
1720.02	1397
1720.63	1330
1721.25	1375
1721.86	1386
1722.48	1411
1723.09	1427
1723.7	1451
1724.32	1428
1724.93	1438
1725.54	1412
1726.15	1412
1726.77	1397
1727.38	1349
1727.99	1329
1728.6	1274
1729.22	1250
1729.83	1250
1730.44	1186
1731.05	1176
1731.67	1169
1732.28	1170
1732.89	1100
1733.5	1116
1734.12	1097
1734.73	1096
1735.34	1100
1735.95	1065
1736.56	1067
1737.17	1060
1737.79	1069
1738.4	1053
1739.01	1064
1739.62	1064
1740.23	1053
1740.84	1048
1741.45	1056
1742.06	1055
1742.67	1036
1743.29	1052
1743.9	1001
1744.51	1043
1745.12	1007
1745.73	1004
1746.34	993
1746.95	1018
1747.56	992
1748.17	1008
1748.78	1008
1749.39	1018
1750	1018
1750.61	1012
1751.22	987
1751.83	1001
1752.44	1013
1753.05	975
1753.66	990
1754.27	945
1754.88	983
1755.49	977
1756.1	966
1756.7	977
1757.31	991
1757.92	992
1758.53	999
1759.14	1011
1759.75	1004
1760.36	985
1760.97	1004
1761.58	992
1762.18	990
1762.79	980
1763.4	978
1764.01	964
1764.62	954
1765.22	937
1765.83	944
1766.44	911
1767.05	914
1767.66	916
1768.26	930
1768.87	950
1769.48	932
1770.09	928
1770.69	940
1771.3	972
1771.91	972
1772.52	969
1773.12	952
1773.73	965
1774.34	974
1774.94	938
1775.55	950
1776.16	939
1776.77	902
1777.37	930
1777.98	914
1778.58	915
1779.19	911
1779.8	882
1780.4	866
1781.01	870
1781.62	878
1782.22	869
1782.83	851
1783.43	851
1784.04	847
1784.65	848
1785.25	855
1785.86	877
1786.46	874
1787.07	869
1787.67	859
1788.28	847
1788.88	847
1789.49	841
1790.09	846
1790.7	879
1791.3	867
1791.91	854
1792.51	897
1793.12	893
1793.72	876
1794.33	871
1794.93	867
1795.54	869
1796.14	876
1796.74	864
1797.35	855
1797.95	851
1798.56	863
1799.16	866
1799.76	840
1800.37	823
1800.97	876
1801.58	831
1802.18	847
1802.78	865
1803.39	875
1803.99	848
1804.59	836
1805.2	861
1805.8	832
1806.4	821
1807	820
1807.61	809
1808.21	839
1808.81	824
1809.42	819
1810.02	793
1810.62	824
1811.22	817
1811.83	807
1812.43	813
1813.03	808
1813.63	813
1814.23	825
1814.84	824
1815.44	830
1816.04	839
1816.64	839
1817.24	826
1817.85	830
1818.45	819
1819.05	855
1819.65	820
1820.25	841
1820.85	831
1821.45	845
1822.06	830
1822.66	836
1823.26	868
1823.86	812
1824.46	846
1825.06	828
1825.66	831
1826.26	837
1826.86	849
1827.46	831
1828.06	827
1828.66	813
1829.26	803
1829.86	810
1830.46	797
1831.06	812
1831.66	795
1832.26	782
1832.86	793
1833.46	797
1834.06	784
1834.66	800
1835.26	773
1835.86	777
1836.46	804
1837.06	788
1837.66	772
1838.26	813
1838.86	799
1839.46	792
1840.05	804
1840.65	816
1841.25	810
1841.85	821
1842.45	829
1843.05	813
1843.65	806
1844.24	807
1844.84	788
1845.44	793
1846.04	788
1846.64	801
1847.24	772
1847.83	804
1848.43	795
1849.03	799
1849.63	807
1850.22	820
1850.82	841
1851.42	830
1852.02	817
1852.61	828
1853.21	813
1853.81	821
1854.41	834
1855	790
1855.6	825
1856.2	794
1856.79	797
1857.39	799
1857.99	801
1858.58	798
1859.18	798
1859.78	823
1860.37	804
1860.97	789
1861.57	800
1862.16	798
1862.76	793
1863.35	808
1863.95	832
1864.55	793
1865.14	826
1865.74	829
1866.33	857
1866.93	823
1867.52	836
1868.12	828
1868.72	817
1869.31	806
1869.91	786
1870.5	806
1871.1	797
1871.69	766
1872.29	790
1872.88	737
1873.48	799
1874.07	765
1874.67	783
1875.26	772
1875.86	776
1876.45	771
1877.04	793
1877.64	753
1878.23	769
1878.83	786
1879.42	783
1880.01	754
1880.61	743
1881.2	784
1881.8	777
1882.39	753
1882.98	759
1883.58	745
1884.17	762
1884.76	754
1885.36	780
1885.95	762
1886.54	777
1887.14	752
1887.73	787
1888.32	778
1888.92	774
1889.51	776
1890.1	785
1890.69	750
1891.29	766
1891.88	793
1892.47	750
1893.06	764
1893.66	769
1894.25	751
1894.84	761
1895.43	761
1896.03	767
1896.62	741
1897.21	755
1897.8	733
1898.39	746
1898.98	740
1899.58	738
1900.17	753
1900.76	727
1901.35	715
1901.94	705
1902.53	719
1903.12	732
1903.72	723
1904.31	719
1904.9	713
1905.49	729
1906.08	697
1906.67	725
1907.26	726
1907.85	696
1908.44	680
1909.03	678
1909.62	684
1910.21	725
1910.8	679
1911.39	679
1911.98	694
1912.57	695
1913.16	682
1913.75	676
1914.34	692
1914.93	700
1915.52	692
1916.11	665
1916.7	709
1917.29	673
1917.88	668
1918.47	668
1919.06	682
1919.65	684
1920.24	713
1920.83	657
1921.42	672
1922	687
1922.59	695
1923.18	689
1923.77	656
1924.36	677
1924.95	675
1925.54	655
1926.12	656
1926.71	653
1927.3	653
1927.89	684
1928.48	643
1929.06	679
1929.65	673
1930.24	684
1930.83	662
1931.42	657
1932	656
1932.59	667
1933.18	659
1933.77	656
1934.35	650
1934.94	651
1935.53	637
1936.12	639
1936.7	624
1937.29	623
1937.88	637
1938.46	630
1939.05	625
1939.64	633
1940.22	634
1940.81	655
1941.4	630
1941.98	623
1942.57	665
1943.16	649
1943.74	650
1944.33	629
1944.91	647
1945.5	623
1946.09	628
1946.67	637
1947.26	622
1947.84	613
1948.43	622
1949.02	588
1949.6	605
1950.19	611
1950.77	583
1951.36	596
1951.94	600.5
1952.53	605
1953.11	594
1953.7	576
1954.28	566
1954.87	557
1955.45	582
1956.04	568
1956.62	545
1957.21	552
1957.79	532
1958.37	557
1958.96	549
1959.54	547
1960.13	552
1960.71	551
1961.3	558
1961.88	565
1962.46	539
1963.05	531
1963.63	547
1964.21	533
1964.8	547
1965.38	524
1965.97	539
1966.55	543
1967.13	529
1967.72	534
1968.3	518
1968.88	523
1969.47	531
1970.05	519
1970.63	522
1971.21	526
1971.8	509
1972.38	528
1972.96	506
1973.54	504
1974.13	501
1974.71	511
1975.29	492
1975.87	515
1976.46	499
1977.04	501
1977.62	494
1978.2	485
1978.78	467
1979.37	470
1979.95	472
1980.53	479
1981.11	486
1981.69	492
1982.28	449
1982.86	473
1983.44	453
1984.02	474
1984.6	467
1985.18	468
1985.76	459
1986.34	467
1986.92	459
1987.51	459
1988.09	452
1988.67	451
1989.25	448
1989.83	453
1990.41	448
1990.99	466
1991.57	437
1992.15	449
1992.73	439
1993.31	426
1993.89	443
1994.47	417
1995.05	424
1995.63	449
1996.21	446
1996.79	407
1997.37	419
1997.95	418
1998.53	438
1999.11	419
1999.69	430
2000.27	425
2000.85	408
2001.43	411
2002	411
2002.58	401
2003.16	387
2003.74	394
2004.32	390
2004.9	415
2005.48	398
2006.06	418
2006.64	395
2007.21	402
2007.79	376
2008.37	380
2008.95	398
2009.53	415
2010.11	381
2010.68	398
2011.26	382
2011.84	377
2012.42	371
2012.99	375
2013.57	394
2014.15	395
2014.73	381
2015.31	382
2015.88	379
2016.46	379
2017.04	384
2017.61	384
2018.19	394
2018.77	370
2019.35	386
2019.92	363
2020.5	379
2021.08	376
2021.65	373
2022.23	361
2022.81	360
2023.38	348
2023.96	370
2024.54	372
2025.11	365
2025.69	370
2026.26	375
2026.84	364
2027.42	365
2027.99	358
2028.57	350
2029.14	340
2029.72	352
2030.3	341
2030.87	360
2031.45	341
2032.02	340
2032.6	341
2033.17	335
2033.75	351
2034.32	352
2034.9	327
2035.47	347
2036.05	330
2036.62	353
2037.2	346
2037.77	356
2038.35	349
2038.92	359
2039.5	345
2040.07	341
2040.65	330
2041.22	341
2041.79	347
2042.37	334
2042.94	337
2043.52	327
2044.09	318
2044.67	333
2045.24	329
2045.81	318
2046.39	318
2046.96	315
2047.53	337
2048.11	322
2048.68	326
2049.25	317
2049.83	314
2050.4	322
2050.97	321
2051.55	311
2052.12	320
2052.69	319
2053.27	304
2053.84	316
2054.41	323
2054.98	336
2055.56	322
2056.13	324
2056.7	306
2057.27	319
2057.85	326
2058.42	309
2058.99	323
2059.56	315
2060.14	308
2060.71	302
2061.28	307
2061.85	299
2062.42	310
2062.99	295
2063.57	306
2064.14	303
2064.71	306
2065.28	294
2065.85	306
2066.42	299
2066.99	323
2067.57	302
2068.14	302
2068.71	295
2069.28	298
2069.85	305
2070.42	308
2070.99	307
2071.56	309
2072.13	297
2072.7	294
2073.27	296
2073.84	311
2074.41	298
2074.98	282
2075.55	300
2076.12	293
2076.7	292
2077.26	299
2077.83	303.15
2078.4	298.383
2078.97	304.837
2079.54	296.359
2080.11	302.574
2080.68	309.844
2081.25	311.398
2081.82	322.165
2082.39	307.114
2082.96	316.363
2083.53	313.796
2084.1	314.801
2084.67	310.571
2085.24	322.806
2085.81	314.854
2086.38	318.229
2086.94	321.872
2087.51	320.935
2088.08	321.338
2088.65	320.613
2089.22	322.429
2089.79	326.297
2090.36	307.633
2090.92	302.92
2091.49	313.18
2092.06	315.789
2092.63	317.941
2093.2	306.76
2093.76	304.712
2094.33	306.871
2094.9	310.945
2095.47	304.843
2096.04	300.336
2096.6	301.009
2097.17	299.357
2097.74	299.841
2098.31	300.491
2098.87	286.745
2099.44	290.896
2100.01	285.733
2100.57	285.424
2101.14	278.065
2101.71	295.252
2102.28	292.322
2102.84	284.31
2103.41	294.939
2103.98	285.574
2104.54	286.482
2105.11	290.408
2105.68	282.42
2106.24	283.121
2106.81	288.47
2107.38	276.385
2107.94	283.975
2108.51	277.359
2109.07	269.729
2109.64	271.924
2110.21	279.955
2110.77	283.897
2111.34	275.26
2111.9	279.996
2112.47	284.167
2113.04	279.552
2113.6	286.63
2114.17	277.012
2114.73	272.684
2115.3	277.821
2115.86	277.949
2116.43	278.738
2116.99	278.072
2117.56	283.515
2118.12	274.034
2118.69	264.399
2119.25	279.797
2119.82	287.669
2120.38	268.504
2120.95	280.946
2121.51	265.199
2122.08	279.956
2122.64	288.555
2123.21	281.727
2123.77	274.283
2124.33	287.413
2124.9	283.226
2125.46	276.055
2126.03	285.546
2126.59	279.989
2127.15	272.951
2127.72	266.356
2128.28	268.209
2128.85	265.651
2129.41	270.187
2129.97	269.826
2130.54	274.408
2131.1	276.832
2131.66	282.051
2132.23	289.917
2132.79	285.131
2133.35	282.155
2133.92	284.267
2134.48	277.403
2134.69	273
2135.26	279
2135.82	281
2136.39	279
2136.96	261
2137.52	272
2138.09	263
2138.66	269
2139.22	255
2139.79	268
2140.35	259
2140.92	267
2141.49	254
2142.05	259
2142.62	252
2143.18	261
2143.75	258
2144.31	251
2144.88	260
2145.44	268
2146.01	255
2146.57	272
2147.14	262
2147.71	276
2148.27	261
2148.83	262
2149.4	253
2149.97	259
2150.53	282
2151.09	267
2151.66	270
2152.22	276
2152.79	266
2153.35	262
2153.92	264
2154.48	281
2155.05	258
2155.61	268
2156.17	262
2156.74	263
2157.3	270
2157.87	264
2158.43	259
2158.99	250
2159.56	260
2160.12	252
2160.68	254
2161.25	257
2161.81	248
2162.37	239
2162.94	266
2163.5	256
2164.06	254
2164.63	257
2165.19	252
2165.75	258
2166.32	258
2166.88	251
2167.44	259
2168	257
2168.57	260
2169.13	263
2169.69	251
2170.25	255
2170.82	263
2171.38	260
2171.94	265
2172.5	256
2173.07	265
2173.63	249
2174.19	257
2174.75	256
2175.31	256
2175.87	248
2176.44	249
2177	248
2177.56	265
2178.12	253
2178.68	244
2179.24	267
2179.8	253
2180.37	257
2180.93	240
2181.49	250
2182.05	252
2182.61	248
2183.17	263
2183.73	246
2184.29	248
2184.85	259
2185.41	254
2185.97	246
2186.53	232
2187.1	239
2187.66	241
2188.22	235
2188.78	235
2189.34	243
2189.9	255
2190.46	248
2191.02	254
2191.58	236
2192.14	239
2192.7	255
2193.26	242
2193.81	261
2194.37	246
2194.93	269
2195.49	263
2196.05	244
2196.61	244
2197.17	260
2197.73	260
2198.29	260
2198.85	267
2199.41	244
2199.97	237
2200.53	241
2201.08	251
2201.64	234
2202.2	227
2202.76	228
2203.32	231
2203.88	238
2204.44	223
2204.99	246
2205.55	235
2206.11	222
2206.67	230
2207.23	225
2207.78	239
2208.34	231
2208.9	231
2209.46	215
2210.01	234
2210.57	231
2211.13	238
2211.69	230
2212.24	237
2212.8	238
2213.36	248
2213.92	230
2214.47	234
2215.03	238
2215.59	242
2216.15	242
2216.7	238
2217.26	245
2217.82	239
2218.37	256
2218.93	248
2219.49	258
2220.04	246
2220.6	241
2221.16	244
2221.71	234
2222.27	252
2222.82	236
2223.38	236
2223.94	241
2224.49	248
2225.05	236
2225.6	242
2226.16	230
2226.71	233
2227.27	242
2227.83	230
2228.38	217
2228.94	229
2229.49	235
2230.05	227
2230.6	225
2231.16	223
2231.71	248
2232.27	229
2232.82	241
2233.38	215
2233.93	241
2234.49	227
2235.04	215
2235.6	240
2236.15	235
2236.71	241
2237.26	239
2237.82	233
2238.37	231
2238.92	242
2239.48	237
2240.03	248
2240.59	240
2241.14	246
2241.69	244
2242.25	236
2242.8	240
2243.36	249
2243.91	231
2244.46	242
2245.02	259
2245.57	248
2246.12	251
2246.68	245
2247.23	242
2247.78	246
2248.34	245
2248.89	250
2249.44	233
2250	246
2250.55	243
2251.1	245
2251.65	235
2252.21	250
2252.76	242
2253.31	241
2253.86	236
2254.42	248
2254.97	228
2255.52	245
2256.07	235
2256.63	234
2257.18	239
2257.73	218
2258.28	231
2258.83	230
2259.39	242
2259.94	235
2260.49	241
2261.04	243
2261.59	240
2262.14	235
2262.7	257
2263.25	246
2263.8	241
2264.35	233
2264.9	226
2265.45	230
2266	231
2266.55	229
2267.11	227
2267.66	239
2268.21	241
2268.76	227
2269.31	232
2269.86	235
2270.41	239
2270.96	251
2271.51	233
2272.06	221
2272.61	239
2273.16	250
2273.71	247
2274.26	236
2274.81	242
2275.36	244
2275.91	250
2276.46	236
2277.01	242
2277.56	237
2278.11	239
2278.66	223
2279.21	242
2279.76	237
2280.31	232
2280.86	236
2281.41	227
2281.96	238
2282.51	230
2283.05	240
2283.6	241
2284.15	225
2284.7	227
2285.25	221
2285.8	229
2286.35	230
2286.9	232
2287.45	235
2287.99	238
2288.54	244
2289.09	227
2289.64	236
2290.19	243
2290.73	237
2291.28	229
2291.83	242
2292.38	249
2292.93	234
2293.48	244
2294.02	231
2294.57	242
2295.12	224
2295.67	218
2296.21	249
2296.76	226
2297.31	219
2297.86	230
2298.4	224
2298.95	210
2299.5	219
2300.04	227
2300.59	212
2301.14	217
2301.68	222
2302.23	235
2302.78	212
2303.32	226
2303.87	220
2304.42	208
2304.96	212
2305.51	223
2306.06	213
2306.6	200
2307.15	205
2307.7	204
2308.24	211
2308.79	202
2309.33	199
2309.88	224
2310.43	211
2310.97	208
2311.52	214
2312.06	202
2312.61	216
2313.15	210
2313.7	205
2314.25	212
2314.79	213
2315.34	210
2315.88	203
2316.43	224
2316.97	194
2317.52	208
2318.06	216
2318.61	205
2319.15	216
2319.7	210
2320.24	228
2320.78	222
2321.33	218
2321.87	218
2322.42	222
2322.96	220
2323.51	216
2324.05	223
2324.6	223
2325.14	219
2325.68	213
2326.23	219
2326.77	210
2327.31	231
2327.86	209
2328.4	218
2328.95	230
2329.49	218
2330.03	214
2330.58	213
2331.12	219
2331.66	203
2332.21	217
2332.75	219
2333.29	218
2333.84	207
2334.38	209
2334.92	209
2335.47	196
2336.01	220
2336.55	209
2337.09	208
2337.64	199
2338.18	211
2338.72	200
2339.26	205
2339.81	196
2340.35	193
2340.89	196
2341.43	191
2341.97	210
2342.52	198
2343.06	199
2343.6	196
2344.14	204
2344.68	204
2345.23	190
2345.77	196
2346.31	196
2346.85	203
2347.39	189
2347.93	202
2348.48	192
2349.02	190
2349.56	203
2350.1	207
2350.64	193
2351.18	198
2351.72	211
2352.26	198
2352.8	216
2353.34	203
2353.89	208
2354.43	204
2354.97	208
2355.51	201
2356.05	194
2356.59	207
2357.13	206
2357.67	181
2358.21	184
2358.75	186
2359.29	192
2359.83	194
2360.37	188
2360.91	196
2361.45	189
2361.99	184
2362.53	209
2363.07	191
2363.61	205
2364.15	203
2364.69	196
2365.23	183
2365.77	196
2366.3	201
2366.84	189
2367.38	192
2367.92	196
2368.46	178
2369	187
2369.54	189
2370.08	198
2370.62	186
2371.16	195
2371.69	190
2372.23	189
2372.77	181
2373.31	187
2373.85	191
2374.39	189
2374.93	191
2375.46	173
2376	187
2376.54	186
2377.08	171
2377.62	192
2378.15	175
2378.69	190
2379.23	191
2379.77	187
2380.3	181
2380.84	182
2381.38	190
2381.92	189
2382.45	175
2382.99	186
2383.53	186
2384.07	182
2384.6	182
2385.14	176
2385.68	175
2386.21	177
2386.75	184
2387.29	177
2387.82	184
2388.36	176
2388.9	186
2389.43	167
2389.97	182
2390.51	190
2391.04	181
2391.58	179
2392.12	176
2392.65	184
2393.19	185
2393.72	189
2394.26	191
2394.8	194
2395.33	196
2395.87	192
2396.4	203
2396.94	203
2397.47	207
2398.01	206
2398.55	207
2399.08	210
2399.62	198
2400.15	210
2400.69	220
2401.22	213
2401.76	215
2402.29	212
2402.83	215
2403.36	205
2403.9	185
2404.43	193
2404.97	188
2405.5	196
2406.04	178
2406.57	194
2407.11	190
2407.64	206
2408.17	198
2408.71	201
2409.24	189
2409.78	203
2410.31	207
2410.84	202
2411.38	202
2411.91	199
2412.45	198
2412.98	210
2413.51	199
2414.05	202
2414.58	199
2415.11	199
2415.65	202
2416.18	200
2416.72	191
2417.25	204
2417.78	193
2418.31	195
2418.85	205
2419.38	197
2419.91	199
2420.45	219
2420.98	209
2421.51	220
2422.04	219
2422.58	200
2423.11	202
2423.64	202
2424.18	200
2424.71	202
2425.24	211
2425.77	199
2426.3	206
2426.84	197
2427.37	208
2427.9	200
2428.43	194
2428.97	212
2429.5	210
2430.03	219
2430.56	215
2431.09	210
2431.62	228
2432.16	216
2432.69	214
2433.22	220
2433.75	232
2434.28	231
2434.81	221
2435.34	224
2435.87	233
2436.41	224
2436.94	220
2437.47	231
2438	230.5
2438.53	230
2439.06	228
2439.59	225
2440.12	234
2440.65	218
2441.18	238
2441.71	233
2442.24	230
2442.77	239
2443.3	227
2443.83	234
2444.36	232
2444.89	243
2445.42	228
2445.95	248
2446.48	255
2447.01	251
2447.54	238
2448.07	258
2448.6	250
2449.13	253
2449.66	253
2450.19	248
2450.72	237
2451.25	243
2451.78	257
2452.31	241
2452.84	254
2453.37	256
2453.9	261
2454.42	261
2454.95	245
2455.48	263
2456.01	258
2456.54	263
2457.07	272
2457.6	262
2458.13	266
2458.65	287
2459.18	285
2459.71	276
2460.24	288
2460.77	276
2461.3	272
2461.82	278
2462.35	264
2462.88	263
2463.41	273
2463.94	283
2464.46	277
2464.99	264
2465.52	280
2466.05	296
2466.57	280
2467.1	296
2467.63	293
2468.16	278
2468.68	269
2469.21	287
2469.74	299
2470.26	297
2470.79	292
2471.32	304
2471.85	296
2472.37	299
2472.9	293
2473.43	294
2473.95	303
2474.48	291
2475.01	284
2475.53	299
2476.06	298
2476.58	302
2477.11	292
2477.64	296
2478.16	283
2478.69	300
2479.22	314
2479.74	286
2480.27	302
2480.79	284
2481.32	280
2481.85	292
2482.37	287
2482.9	296
2483.42	287
2483.95	285
2484.47	271
2485	281
2485.52	287
2486.05	281
2486.57	277
2487.1	281
2487.62	278
2488.15	280
2488.67	260
2489.2	286
2489.72	285
2490.25	260
2490.77	263
2491.3	267
2491.82	279
2492.35	275
2492.87	264
2493.4	262
2493.92	257
2494.44	263
2494.97	280
2495.49	274
2496.02	274
2496.54	271
2497.07	278
2497.59	283
2498.11	269
2498.64	280
2499.16	281
2499.68	267
2500.21	258
2500.73	274
2501.25	271
2501.78	262
2502.3	254
2502.83	249
2503.35	244
2503.87	257
2504.39	253
2504.92	240
2505.44	249
2505.96	237
2506.49	239
2507.01	250
2507.53	250
2508.05	259
2508.58	238
2509.1	226
2509.62	240
2510.15	238
2510.67	226
2511.19	250
2511.71	239
2512.23	228
2512.76	227
2513.28	224
2513.8	230
2514.32	228
2514.84	234
2515.37	230
2515.89	232
2516.41	229
2516.93	226
2517.45	222
2517.97	220
2518.5	236
2519.02	225
2519.54	225
2520.06	223
2520.58	218
2521.1	226
2521.62	221
2522.14	229
2522.67	219
2523.19	218
2523.71	207
2524.23	220
2524.75	205
2525.27	222
2525.79	234
2526.31	231
2526.83	226
2527.35	227
2527.87	220
2528.39	233
2528.91	237
2529.43	229
2529.95	222
2530.47	225
2530.99	221
2531.51	225
2532.03	212
2532.55	222
2533.07	224
2533.59	219
2534.11	226
2534.63	211
2535.15	221
2535.67	229
2536.19	232
2536.71	228
2537.23	226
2537.75	241
2538.27	243
2538.79	246
2539.31	240
2539.82	246
2540.34	231
2540.86	233
2541.38	238
2541.9	243
2542.42	257
2542.94	231
2543.46	236
2543.97	235
2544.49	225
2545.01	255
2545.53	229
2546.05	248
2546.57	241
2547.08	230
2547.6	230
2548.12	231
2548.64	228
2549.16	232
2549.67	219
2550.19	221
2550.71	219
2551.23	228
2551.74	226
2552.26	219
2552.78	210
2553.3	213
2553.81	205
2554.33	215
2554.85	211
2555.37	224
2555.88	218
2556.4	212
2556.92	197
2557.43	205
2557.95	196
2558.47	198
2558.98	199
2559.5	199
2560.02	205
2560.53	203
2561.05	203
2561.57	199
2562.08	208
2562.6	195
2563.12	200
2563.63	197
2564.15	210
2564.67	194
2565.18	207
2565.7	206
2566.21	205
2566.73	212
2567.24	200
2567.76	209
2568.28	202
2568.79	194
2569.31	200
2569.82	208
2570.34	200
2570.85	196
2571.37	197
2571.88	192
2572.4	201
2572.92	187
2573.43	209
2573.95	197
2574.46	198
2574.97	200
2575.49	200
2576	204
2576.52	184
2577.03	187
2577.55	181
2578.06	182
2578.58	190.083
2579.09	194.201
2579.61	199.315
2580.12	182.967
2580.64	188.799
2581.15	183.341
2581.66	186.82
2582.18	206.27
2582.69	195.319
2583.21	203.264
2583.72	201.731
2584.23	193.51
2584.75	187.547
2585.26	188.84
2585.77	203.408
2586.29	192.145
2586.8	205.465
2587.32	194.82
2587.83	196.133
2588.34	199.508
2588.85	203.036
2589.37	198.693
2589.88	207.854
2590.39	203.891
2590.91	199.612
2591.42	209.381
2591.93	211.55
2592.45	198.133
2592.96	209.176
2593.47	203.792
2593.98	216.876
2594.5	204.022
2595.01	211.471
2595.52	206.049
2596.03	209.16
2596.55	200.33
2597.06	207.118
2597.57	204.363
2598.08	209.681
2598.6	202.338
2599.11	201.955
2599.62	208.134
2600.13	199.601
2600.64	198.926
2601.16	208.246
2601.67	195.497
2602.18	194.952
2602.69	198.112
2603.2	198.456
2603.72	197.146
2604.23	194.446
2604.74	193.733
2605.25	197.383
2605.76	195.409
2606.27	188.491
2606.78	194.165
2607.29	192.579
2607.81	195.454
2608.32	194.624
2608.83	191.583
2609.34	194.195
2609.85	193.363
2610.36	196.495
2610.87	194.007
2611.38	200.685
2611.89	200.838
2612.4	188.525
2612.91	194.748
2613.42	191.4
2613.93	196.309
2614.44	204.709
2614.95	197.256
2615.47	191.666
2615.98	194.699
2616.49	200.427
2617	198.195
2617.51	203.509
2618.02	195.048
2618.53	200.054
2619.03	190.669
2619.54	189.652
2620.05	198.913
2620.56	192.146
2621.07	198.219
2621.58	198.569
2622.09	199.556
2622.6	196.586
2623.11	192.402
2623.62	194.181
2624.13	192.272
2624.64	203.375
2625.15	203.253
2625.66	196.992
2626.17	184.436
2626.67	183.66
2627.18	197.008
2627.69	201.568
2628.2	210.514
2628.71	200.468
2629.22	194.73
2629.73	194.779
2630.24	194.883
2630.75	204
2631.26	200
2631.77	190
2632.28	195
2632.79	197
2633.3	190
2633.82	214
2634.33	200
2634.84	194
2635.35	207
2635.86	205
2636.37	209
2636.88	201
2637.4	199
2637.91	197
2638.42	213
2638.93	226
2639.44	203
2639.95	205
2640.46	194
2640.97	202
2641.48	219
2641.99	202
2642.5	204
2643.01	208
2643.52	196
2644.03	194
2644.54	212
2645.05	211
2645.56	199
2646.07	204
2646.58	202
2647.09	208
2647.6	209
2648.11	198
2648.62	215
2649.13	208
2649.64	204
2650.15	209
2650.66	209
2651.17	191
2651.68	190
2652.19	195
2652.7	204
2653.21	208
2653.72	210
2654.23	203
2654.74	202.5
2655.25	202
2655.76	206
2656.26	210
2656.77	203
2657.28	207
2657.79	204
2658.3	203
2658.81	199
2659.32	189
2659.82	210
2660.33	196
2660.84	198.5
2661.35	201
2661.86	195
2662.37	194
2662.88	196
2663.38	192
2663.89	203
2664.4	199
2664.91	201
2665.42	212
2665.92	211
2666.43	207
2666.94	205
2667.45	216
2667.95	213
2668.46	220
2668.97	225
2669.48	211
2669.98	211
2670.49	221
2671	229
2671.5	229
2672.01	225
2672.52	214
2673.03	227
2673.53	222
2674.04	211
2674.55	225
2675.05	231
2675.56	220
2676.07	232
2676.57	238
2677.08	225
2677.59	228
2678.09	244
2678.6	239
2679.11	247
2679.61	261
2680.12	237
2680.62	246
2681.13	263
2681.64	247
2682.14	250
2682.65	239
2683.15	252
2683.66	283
2684.17	254
2684.67	274
2685.18	263
2685.68	272
2686.19	277
2686.69	283
2687.2	272
2687.71	289
2688.21	289
2688.72	313
2689.22	287
2689.73	301
2690.23	293
2690.74	289
2691.24	324
2691.75	310
2692.25	288
2692.76	311
2693.26	311
2693.77	332
2694.27	355
2694.77	342
2695.28	338
2695.78	336
2696.29	353
2696.79	353
2697.3	355
2697.8	388
2698.3	389
2698.81	391
2699.31	388
2699.82	404
2700.32	409
2700.82	419
2701.33	415
2701.83	446
2702.34	421
2702.84	449
2703.34	436
2703.85	440
2704.35	444
2704.85	459
2705.36	464
2705.86	473
2706.36	476
2706.87	472
2707.37	479
2707.87	485
2708.38	489
2708.88	485
2709.38	501
2709.88	509
2710.39	501
2710.89	486
2711.39	491
2711.9	501
2712.4	493
2712.9	493
2713.4	492
2713.91	504
2714.41	476
2714.91	499
2715.41	523
2715.91	488
2716.42	495
2716.92	508
2717.42	501
2717.92	476
2718.42	494
2718.93	486
2719.43	491
2719.93	494
2720.43	495
2720.93	468
2721.43	453
2721.94	473
2722.44	468
2722.94	443
2723.44	446
2723.94	460
2724.44	455
2724.94	447
2725.44	446
2725.95	449
2726.45	449
2726.95	434
2727.45	409
2727.95	412
2728.45	412
2728.95	415
2729.45	403
2729.95	403
2730.45	412
2730.95	397
2731.45	402
2731.95	410
2732.45	389
2732.95	392
2733.45	389
2733.95	386
2734.45	403
2734.95	394
2735.45	396
2735.95	399
2736.45	409
2736.95	396
2737.45	414
2737.95	399
2738.45	393
2738.95	400
2739.45	415
2739.95	405
2740.45	403
2740.95	403
2741.45	413
2741.95	421
2742.45	400
2742.95	419
2743.45	420
2743.94	398
2744.44	407
2744.94	402
2745.44	408
2745.94	423
2746.44	405
2746.94	402
2747.44	408
2747.93	404
2748.43	400
2748.93	401
2749.43	397
2749.93	398
2750.43	392
2750.92	392
2751.42	374
2751.92	392
2752.42	361
2752.92	361
2753.41	379
2753.91	355
2754.41	377
2754.91	361
2755.41	362
2755.9	342
2756.4	357
2756.9	363
2757.4	340
2757.89	343
2758.39	349
2758.89	354
2759.39	335
2759.88	339
2760.38	348
2760.88	325
2761.37	351
2761.87	325
2762.37	336
2762.86	333
2763.36	332
2763.86	346
2764.35	334
2764.85	332
2765.35	327
2765.84	331
2766.34	345
2766.84	334
2767.33	343
2767.83	355
2768.33	340
2768.82	328
2769.32	316
2769.81	334
2770.31	333
2770.81	326
2771.3	325
2771.8	327
2772.29	327
2772.79	325
2773.28	330
2773.78	325
2774.28	306
2774.77	331
2775.27	310
2775.76	335
2776.26	317
2776.75	317
2777.25	320
2777.74	316
2778.24	302
2778.73	326
2779.23	331
2779.72	305
2780.22	316
2780.71	310
2781.21	301
2781.7	294
2782.2	320
2782.69	304
2783.19	298
2783.68	315
2784.18	317
2784.67	310
2785.16	329
2785.66	307
2786.15	310
2786.65	301
2787.14	300
2787.63	308
2788.13	317
2788.62	318
2789.12	318
2789.61	309
2790.1	307
2790.6	332
2791.09	312
2791.59	326
2792.08	341
2792.57	319
2793.07	322
2793.56	334
2794.05	327
2794.55	325
2795.04	341
2795.53	334
2796.02	347
2796.52	350
2797.01	357
2797.5	348
2798	342
2798.49	363
2798.98	362
2799.48	358
2799.97	353
2800.46	380
2800.95	371
2801.45	373
2801.94	381
2802.43	404
2802.92	400
2803.41	393
2803.91	409
2804.4	410
2804.89	421
2805.38	426
2805.88	422
2806.37	423
2806.86	414
2807.35	451
2807.84	436
2808.33	442
2808.83	447
2809.32	488
2809.81	459
2810.3	493
2810.79	489
2811.28	494
2811.77	493
2812.27	505
2812.76	506
2813.25	511
2813.74	535
2814.23	525
2814.72	548
2815.21	557
2815.7	556
2816.19	548
2816.68	536
2817.18	575
2817.67	547
2818.16	556
2818.65	593
2819.14	611
2819.63	604
2820.12	614
2820.61	640
2821.1	642
2821.59	663
2822.08	680
2822.57	703
2823.06	716
2823.55	699
2824.04	706
2824.53	720
2825.02	753
2825.51	760
2826	761
2826.49	777
2826.98	816
2827.47	815
2827.96	842
2828.45	863
2828.94	857
2829.43	871
2829.92	839
2830.4	859
2830.89	850
2831.38	850
2831.87	857
2832.36	884
2832.85	856
2833.34	879
2833.83	886
2834.32	904
2834.8	874
2835.29	862
2835.78	868
2836.27	863
2836.76	853
2837.25	871
2837.74	841
2838.22	887
2838.71	849
2839.2	846
2839.69	868
2840.18	851
2840.66	870
2841.15	841
2841.64	860
2842.13	865
2842.62	869
2843.1	854
2843.59	871
2844.08	897
2844.57	880
2845.06	889
2845.54	928
2846.03	913
2846.52	917
2847.01	929
2847.49	927
2847.98	951
2848.47	950
2848.95	949
2849.44	972
2849.93	992
2850.41	1013
2850.9	991
2851.39	1028
2851.88	1029
2852.36	1075
2852.85	1084
2853.34	1068
2853.82	1118
2854.31	1162
2854.79	1149
2855.28	1154
2855.77	1193
2856.25	1206
2856.74	1209
2857.23	1287
2857.71	1283
2858.2	1309
2858.68	1364
2859.17	1395
2859.66	1393
2860.14	1449
2860.63	1504
2861.11	1534
2861.6	1579
2862.09	1626
2862.57	1660
2863.06	1692
2863.54	1753
2864.03	1816
2864.51	1863
2865	1920
2865.48	1987
2865.97	2013
2866.45	2087
2866.94	2159
2867.42	2216
2867.91	2289
2868.39	2314
2868.88	2410
2869.36	2489
2869.85	2479
2870.33	2534
2870.82	2610
2871.3	2627
2871.79	2655
2872.27	2739
2872.76	2785
2873.24	2770
2873.73	2806
2874.21	2815
2874.69	2814
2875.18	2839
2875.66	2820
2876.15	2869
2876.63	2877
2877.11	2820
2877.6	2808
2878.08	2833
2878.57	2850
2879.05	2805
2879.53	2804
2880.02	2796
2880.5	2812
2880.98	2730
2881.47	2721
2881.95	2722
2882.43	2667
2882.92	2679
2883.4	2692
2883.88	2680
2884.37	2643
2884.85	2646
2885.33	2550
2885.82	2530
2886.3	2511
2886.78	2567
2887.26	2532
2887.75	2486
2888.23	2480
2888.71	2450
2889.2	2431
2889.68	2388
2890.16	2400
2890.64	2358
2891.13	2384
2891.61	2313
2892.09	2301
2892.57	2282
2893.05	2292
2893.54	2282
2894.02	2238
2894.5	2223
2894.98	2229
2895.46	2210
2895.95	2195
2896.43	2130
2896.91	2106
2897.39	2104
2897.87	2117
2898.35	2119
2898.84	2085
2899.32	2061
2899.8	2077
2900.28	2066
2900.76	2028
2901.24	2029
2901.72	2061
2902.21	2016
2902.69	2031
2903.17	1972
2903.65	2027
2904.13	2012
2904.61	1999
2905.09	1986
2905.57	2040
2906.05	2072
2906.53	2032
2907.01	2058
2907.49	2060
2907.97	2063
2908.46	2113
2908.94	2141
2909.42	2149
2909.9	2166
2910.38	2246
2910.86	2281
2911.34	2317
2911.82	2350
2912.3	2436
2912.78	2471
2913.26	2536
2913.74	2598
2914.22	2697
2914.7	2714
2915.18	2876
2915.66	2889
2916.14	2993
2916.61	3098
2917.09	3181
2917.57	3337
2918.05	3451
2918.53	3569
2919.01	3715
2919.49	3831
2919.97	3972
2920.45	4075
2920.93	4235
2921.41	4349
2921.89	4474
2922.36	4601
2922.84	4759
2923.32	4770
2923.8	4930
2924.28	5007
2924.76	5020
2925.24	5067
2925.72	5097
2926.19	5144
2926.67	5101
2927.15	5043
2927.63	5061
2928.11	4994
2928.59	4828
2929.06	4834
2929.54	4724.5
2930.02	4615
2930.5	4501
2930.98	4413
2931.45	4253
2931.93	4145
2932.41	3975
2932.89	3901
2933.36	3778
2933.84	3698
2934.32	3567
2934.8	3490
2935.27	3311
2935.75	3261
2936.23	3088
2936.71	3109
2937.18	3022
2937.66	2917
2938.14	2860
2938.62	2734
2939.09	2684
2939.57	2588
2940.05	2561
2940.52	2447
2941	2379
2941.48	2311
2941.95	2244
2942.43	2202
2942.91	2162
2943.38	2066
2943.86	2020
2944.34	1951
2944.81	1922
2945.29	1877
2945.76	1843
2946.24	1771
2946.72	1759
2947.19	1725
2947.67	1705
2948.15	1662
2948.62	1591
2949.1	1631
2949.57	1533
2950.05	1550
2950.52	1530
2951	1506
2951.48	1490
2951.95	1506
2952.43	1465
2952.9	1466
2953.38	1454
2953.85	1501
2954.33	1465
2954.8	1438
2955.28	1480
2955.75	1488
2956.23	1404
2956.7	1446
2957.18	1404
2957.65	1487
2958.13	1495
2958.6	1478
2959.08	1512
2959.55	1512
2960.03	1529
2960.5	1556
2960.98	1545
2961.45	1617
2961.93	1610
2962.4	1640
2962.88	1609
2963.35	1705
2963.82	1698
2964.3	1712
2964.77	1749
2965.25	1777
2965.72	1765
2966.19	1828
2966.67	1768
2967.14	1795
2967.62	1854
2968.09	1820
2968.56	1834
2969.04	1817
2969.51	1879
2969.98	1855
2970.46	1839
2970.93	1873
2971.4	1814
2971.88	1838
2972.35	1818
2972.82	1769
2973.3	1758
2973.77	1763
2974.24	1744
2974.72	1685
2975.19	1640
2975.66	1626
2976.14	1640
2976.61	1590
2977.08	1537
2977.55	1453
2978.03	1453
2978.5	1383
2978.97	1396
2979.44	1332
2979.92	1284
2980.39	1279
2980.86	1213
2981.33	1174
2981.81	1135
2982.28	1138
2982.75	1098
2983.22	1050
2983.69	1007
2984.17	1009
2984.64	983
2985.11	936
2985.58	923
2986.05	900
2986.52	891
2987	841
2987.47	833
2987.94	805
2988.41	765
2988.88	759
2989.35	750
2989.83	715
2990.3	704
2990.77	681
2991.24	660
2991.71	661
2992.18	653
2992.65	635
2993.12	622
2993.59	613
2994.07	620
2994.54	596
2995.01	579
2995.48	593
2995.95	565
2996.42	541
2996.89	543
2997.36	514
2997.83	534
2998.3	505
2998.77	491
2999.24	503
2999.71	490
3000.18	461
3000.65	459
3001.12	456
3001.59	464
3002.06	442
3002.53	436
3003	406
3003.47	427
3003.94	422
3004.41	398
3004.88	412
3005.35	408
3005.82	397
3006.29	404
3006.76	381
3007.23	363
3007.7	384
3008.17	355
3008.64	378
3009.11	363
3009.57	358
3010.04	351
3010.51	346
3010.98	354
3011.45	353
3011.92	354
3012.39	343
3012.86	330
3013.33	344
3013.79	316
3014.26	323
3014.73	319
3015.2	325
3015.67	325
3016.14	326
3016.61	320
3017.07	312
3017.54	309
3018.01	309
3018.48	300
3018.95	305
3019.41	314
3019.88	294
3020.35	289
3020.82	298
3021.29	318
3021.75	289
3022.22	292
3022.69	306
3023.16	296
3023.62	273
3024.09	284
3024.56	280
3025.03	284
3025.49	281
3025.96	269
3026.43	280
3026.89	275
3027.36	283
3027.83	274
3028.3	270
3028.76	263
3029.23	269
3029.7	253
3030.16	261
3030.63	254
3031.1	248
3031.56	225.151
3032.03	251.976
3032.5	238.575
3032.96	253.796
3033.43	247.003
3033.9	234.095
3034.36	244.291
3034.83	246.842
3035.3	241.023
3035.76	231.66
3036.23	225.065
3036.7	224.477
3037.16	225.622
3037.63	223.654
3038.09	216.469
3038.56	228.346
3039.02	219.97
3039.49	217.036
3039.96	222.192
3040.42	214.638
3040.89	215.479
3041.35	211.846
3041.82	212.213
3042.28	205.022
3042.75	212.807
3043.21	208.031
3043.68	210.931
3044.15	204.313
3044.61	207.744
3045.08	201.729
3045.54	202.002
3046.01	209.957
3046.47	197.698
3046.94	196.828
3047.4	196.123
3047.87	204.147
3048.33	192.698
3048.79	191.513
3049.26	194.092
3049.72	198.94
3050.19	197.311
3050.65	199.315
3051.12	197.369
3051.58	190.903
3052.05	195.212
3052.51	199.599
3052.98	190.024
3053.44	188.593
3053.9	186.437
3054.37	187.852
3054.83	184.6
3055.3	186.525
3055.76	190.154
3056.22	189.805
3056.69	192.175
3057.15	186.231
3057.62	182.334
3058.08	193.589
3058.54	188.148
3059.01	194.56
3059.47	183.812
3059.93	182.39
3060.4	192.564
3060.86	187.572
3061.32	183.145
3061.79	185.421
3062.25	187.029
3062.71	185.762
3063.18	185.19
3063.64	186.193
3064.1	182.303
3064.57	183.695
3065.03	182.789
3065.49	183.129
3065.96	183.964
3066.42	183.052
3066.88	191.64
3067.34	187.557
3067.81	179.263
3068.27	181.666
3068.73	181.371
3069.19	181.619
3069.66	175.671
3070.12	169.504
3070.58	173.308
3071.04	173.681
3071.5	173.721
3071.97	178.272
3072.43	175.012
3072.89	177.362
3073.35	179.908
3073.82	174.198
3074.28	170.207
3074.74	170.133
3075.2	173.54
3075.66	177.543
3076.12	175.582
3076.59	175.584
3077.05	170.985
3077.51	168.919
3077.97	170.049
3078.43	170.202
3078.89	163.986
3079.17	160
3079.63	171
3080.09	164
3080.56	152
3081.02	168
3081.49	154
3081.95	152
3082.42	156
3082.88	168
3083.34	152
3083.81	176
3084.27	153
3084.74	156
3085.2	152
3085.66	148
3086.13	152
3086.59	151
3087.06	155
3087.52	146
3087.98	154
3088.45	140
3088.91	149
3089.37	149
3089.84	146
3090.3	159
3090.76	139
3091.23	150
3091.69	155
3092.15	151
3092.62	154
3093.08	148
3093.54	148
3094.01	152
3094.47	140
3094.93	152
3095.39	148
3095.86	154
3096.32	150
3096.78	150
3097.24	152
3097.71	147
3098.17	167
3098.63	167
3099.09	144
3099.56	143
3100.02	151
3100.48	155
3100.94	159
3101.41	172
3101.87	156
3102.33	147
3102.79	160
3103.25	164
3103.71	163
3104.18	150
3104.64	155
3105.1	153
3105.56	161
3106.02	158.5
3106.49	156
3106.95	153
3107.41	153
3107.87	164
3108.33	160
3108.79	152
3109.25	153
3109.71	151
3110.18	157
3110.64	156
3111.1	153
3111.56	142
3112.02	147
3112.48	153
3112.94	143
3113.4	140
3113.86	143
3114.32	137
3114.79	142
3115.25	137
3115.71	136
3116.17	131
3116.63	132
3117.09	149
3117.55	135
3118.01	135
3118.47	141
3118.93	123
3119.39	135
3119.85	117
3120.31	137
3120.77	125
3121.23	134
3121.69	134
3122.15	128
3122.61	127
3123.07	126
3123.53	131
3123.99	124
3124.45	122
3124.91	125
3125.37	124
3125.83	134
3126.29	117
3126.75	119
3127.2	122
3127.66	113
3128.12	129
3128.58	117
3129.04	123
3129.5	119
3129.96	123
3130.42	114
3130.88	121
3131.34	123
3131.8	116
3132.25	117
3132.71	114
3133.17	116
3133.63	125
3134.09	124
3134.55	113
3135.01	129
3135.46	118
3135.92	113
3136.38	115
3136.84	122
3137.3	117
3137.76	120
3138.21	118
3138.67	123
3139.13	119
3139.59	114
3140.05	123
3140.5	111
3140.96	125
3141.42	121
3141.88	125
3142.33	123
3142.79	120
3143.25	116
3143.71	124
3144.16	123
3144.62	117
3145.08	125
3145.54	119
3145.99	126
3146.45	130
3146.91	125
3147.37	119
3147.82	120
3148.28	135
3148.74	131
3149.19	128
3149.65	130
3150.11	135
3150.56	133
3151.02	119
3151.48	124
3151.93	133
3152.39	127
3152.85	132
3153.3	134
3153.76	126
3154.22	128
3154.67	139
3155.13	126
3155.59	130
3156.04	128
3156.5	133
3156.95	132
3157.41	124
3157.87	125
3158.32	141
3158.78	129
3159.23	133
3159.69	130
3160.15	124
3160.6	143
3161.06	131
3161.51	123
3161.97	134
3162.42	123
3162.88	132
3163.33	130
3163.79	133
3164.24	133
3164.7	119
3165.16	120
3165.61	135
3166.07	124
3166.52	121
3166.98	123
3167.43	127
3167.89	134
3168.34	122
3168.79	125
3169.25	121
3169.7	125
3170.16	123
3170.61	127
3171.07	122
3171.52	119
3171.98	126
3172.43	110
3172.89	130
3173.34	122
3173.79	116
3174.25	114
3174.7	120
3175.16	118
3175.61	114
3176.06	120
3176.52	116
3176.97	123
3177.43	132
3177.88	122
3178.33	118
3178.79	123
3179.24	113
3179.69	116
3180.15	118
3180.6	113
3181.06	125
3181.51	118
3181.96	124
3182.42	111
3182.87	127
3183.32	125
3183.78	124
3184.23	121
3184.68	123
3185.13	117
3185.59	128
3186.04	133
3186.49	128
3186.95	126
3187.4	133
3187.85	134
3188.3	126
3188.76	124
3189.21	120
3189.66	130
3190.11	134
3190.57	123
3191.02	123
3191.47	136
3191.92	126
3192.38	134
3192.83	125
3193.28	135
3193.73	140
3194.18	131
3194.64	131
3195.09	133
3195.54	130
3195.99	141
3196.44	135
3196.9	139
3197.35	130
3197.8	130
3198.25	135
3198.7	137
3199.15	140
3199.6	137
3200.06	146
3200.51	128
3200.96	141
3201.41	140
3201.86	141
3202.31	132
3202.76	137
3203.22	148
3203.67	136
3204.12	133
3204.57	139
3205.02	134
3205.47	142
3205.92	122
3206.37	135
3206.82	146
3207.27	140
3207.72	137
3208.17	142
3208.62	149
3209.07	150
3209.52	148
3209.98	137
3210.43	151
3210.88	134
3211.33	142
3211.78	136
3212.23	139
3212.68	150
3213.13	137
3213.58	138
3214.03	138
3214.48	129
3214.93	137
3215.38	147
3215.82	143
3216.27	133
3216.72	143
3217.17	147
3217.62	139
3218.07	138
3218.52	151
3218.97	145
3219.42	138
3219.87	136
3220.32	140
3220.77	145
3221.22	129
3221.67	139
3222.11	150
3222.56	144
3223.01	134
3223.46	137
3223.91	136
3224.36	142
3224.81	143
3225.26	136
3225.71	147
3226.15	139
3226.6	153
3227.05	149
3227.5	139
3227.95	139
3228.4	143
3228.84	152
3229.29	145
3229.74	146
3230.19	143
3230.64	141
3231.08	142
3231.53	141
3231.98	144
3232.43	147
3232.88	152
3233.32	148
3233.77	152
3234.22	151
3234.67	151
3235.11	135
3235.56	148
3236.01	143
3236.46	149
3236.91	134
3237.35	152
3237.8	152
3238.25	142
3238.69	141
3239.14	145
3239.59	144
3240.03	145
3240.48	139
3240.93	145
3241.38	152
3241.82	159
3242.27	141
3242.72	136
3243.16	150
3243.61	139
3244.06	151
3244.5	142
3244.95	149
3245.4	137
3245.84	143
3246.29	152
3246.74	137
3247.18	160
3247.63	138
3248.07	151
3248.52	152
3248.97	137
3249.41	149
3249.86	144
3250.3	140
3250.75	144
3251.2	136
3251.64	140
3252.09	145
3252.53	148
3252.98	148
3253.42	139
3253.87	153
3254.32	143
3254.76	145
3255.21	137
3255.65	143
3256.1	143
3256.54	139
3256.99	145
3257.43	143
3257.88	150
3258.32	136
3258.77	142
3259.21	142
3259.66	144
3260.1	145
3260.55	144
3260.99	140
3261.44	137
3261.88	142
3262.33	139
3262.77	136
3263.22	147
3263.66	148
3264.1	148
3264.55	131
3264.99	143
3265.44	140
3265.88	143
3266.33	135
3266.77	148
3267.22	138
3267.66	147
3268.1	145
3268.55	141
3268.99	141
3269.43	147
3269.88	144
3270.32	141
3270.77	151
3271.21	139
3271.65	139
3272.1	146
3272.54	153
3272.98	141
3273.43	148
3273.87	146
3274.31	147
3274.76	147
3275.2	146
3275.64	154
3276.09	149
3276.53	148
3276.97	143
3277.42	150
3277.86	150
3278.3	147
3278.75	137
3279.19	145
3279.63	144
3280.07	149
3280.52	141
3280.96	138
3281.4	149
3281.84	129
3282.29	141
3282.73	147
3283.17	144
3283.61	137
3284.06	151
3284.5	133
3284.94	142
3285.38	143
3285.82	137
3286.27	141
3286.71	148
3287.15	141
3287.59	143
3288.03	137
3288.48	148
3288.92	144
3289.36	133
3289.8	139
3290.24	141
3290.68	140
3291.13	140
3291.57	137
3292.01	136
3292.45	129
3292.89	129
3293.33	127
3293.77	141
3294.22	132
3294.66	131
3295.1	128
3295.54	127
3295.98	140
3296.42	130
3296.86	130
3297.3	125
3297.74	133
3298.18	133
3298.62	129
3299.06	123
3299.51	124
3299.95	130
3300.39	134
3300.83	123
3301.27	120
3301.71	117
3302.15	124
3302.59	129
3303.03	126
3303.47	126
3303.91	122
3304.35	134
3304.79	132
3305.23	135
3305.67	136
3306.11	127
3306.55	121
3306.99	136
3307.43	121
3307.87	123
3308.31	128
3308.75	120
3309.19	127
3309.63	136
3310.07	123
3310.5	126
3310.94	127
3311.38	127
3311.82	132
3312.26	129
3312.7	134
3313.14	124
3313.58	132
3314.02	126
3314.46	122
3314.9	134
3315.34	125
3315.77	133
3316.21	128
3316.65	134
3317.09	134
3317.53	127
3317.97	134
3318.41	130
3318.85	129
3319.28	128
3319.72	137
3320.16	125
3320.6	123
3321.04	135
3321.48	136
3321.91	127
3322.35	129
3322.79	124
3323.23	118
3323.67	137
3324.1	133
3324.54	131
3324.98	135
3325.42	130
3325.85	125
3326.29	127
3326.73	130
3327.17	133
3327.61	129
3328.04	125
3328.48	123
3328.92	131
3329.36	121
3329.79	129
3330.23	126
3330.67	121
3331.1	133
3331.54	126
3331.98	123
3332.42	118
3332.85	125
3333.29	116
3333.73	129
3334.16	131
3334.6	118
3335.04	123
3335.47	128
3335.91	126
3336.35	113
3336.78	121
3337.22	123
3337.66	118
3338.09	119
3338.53	110
3338.97	120
3339.4	113
3339.84	117
3340.28	115
3340.71	113
3341.15	112
3341.58	114
3342.02	112
3342.46	112
3342.89	115
3343.33	116
3343.76	116
3344.2	121
3344.63	126
3345.07	119
3345.51	112
3345.94	112
3346.38	107
3346.81	114
3347.25	116
3347.68	119
3348.12	113
3348.55	108
3348.99	114
3349.43	113
3349.86	115
3350.3	110.5
3350.73	106
3351.17	113
3351.6	110
3352.03	105
3352.47	107
3352.91	112
3353.34	106
3353.78	112
3354.21	108
3354.64	113
3355.08	113
3355.51	112
3355.95	108
3356.38	109
3356.82	105
3357.25	108
3357.69	110
3358.12	117
3358.55	118
3358.99	121
3359.42	99
3359.86	108
3360.29	102
3360.72	104
3361.16	100
3361.59	107
3362.03	107
3362.46	112
3362.89	112
3363.33	118
3363.76	113
3364.19	96
3364.63	107
3365.06	111
3365.5	111
3365.93	104
3366.36	109
3366.8	111
3367.23	115
3367.66	112
3368.09	109
3368.53	104
3368.96	108
3369.4	108
3369.83	116
3370.26	111
3370.69	112
3371.13	113
3371.56	110
3371.99	109
3372.43	115
3372.86	105
3373.29	108
3373.72	113
3374.16	109
3374.59	110
3375.02	110
3375.45	98
3375.89	114
3376.32	101
3376.75	108
3377.18	106
3377.61	122
3378.05	109
3378.48	104
3378.91	108
3379.34	97
3379.77	100
3380.21	107
3380.64	99
3381.07	101
3381.5	101
3381.93	98
3382.36	95
3382.8	108
3383.23	105
3383.66	100
3384.09	103
3384.52	111
3384.96	103
3385.39	95
3385.82	102
3386.25	97
3386.68	91
3387.11	91
3387.54	89
3387.97	94
3388.4	94
3388.84	106
3389.27	99
3389.7	95
3390.13	98
3390.56	104
3390.99	99
3391.42	92
3391.85	99
3392.28	113
3392.71	95
3393.14	96
3393.57	97
3394	98
3394.43	89
3394.86	100
3395.29	92
3395.72	104
3396.15	98
3396.58	93
3397.01	99
3397.44	97
3397.88	104
3398.3	96
3398.73	99
3399.17	98
3399.59	102
3400.02	92
3400.45	94
3400.88	102
3401.31	92
3401.74	97
3402.17	96
3402.6	95
3403.03	98
3403.46	101
3403.89	99
3404.32	102
3404.75	95
3405.18	98
3405.61	100
3406.04	93
3406.47	103
3406.89	90
3407.32	91
3407.75	100
3408.18	93
3408.61	100
3409.04	96
3409.47	106
3409.9	88
3410.33	99
3410.75	87
3411.18	95.1667
3411.61	97.3333
3412.04	96.5
3412.47	88.6667
3412.9	101.833
3413.32	102
3413.75	91
3414.18	98
3414.61	94
3415.04	91
3415.47	90
3415.89	98
3416.32	92
3416.75	86
3417.18	91
3417.61	87
3418.03	100
3418.46	95
3418.89	93
3419.32	92
3419.74	86
3420.17	87
3420.6	93
3421.03	94
3421.45	94
3421.88	86
3422.31	85
3422.74	90
3423.16	87
3423.59	81
3424.02	86
3424.44	93
3424.87	88
3425.3	90
3425.73	82
3426.15	90
3426.58	89
3427.01	87
3427.43	78
3427.86	88
3428.29	78
3428.71	78
3429.14	91
3429.57	87
3429.99	84
3430.42	86
3430.85	82
3431.27	89
3431.7	83
3432.13	88
3432.55	89
3432.98	96
3433.4	83
3433.83	82
3434.26	75
3434.68	90
3435.11	91
3435.54	82
3435.96	85
3436.39	83
3436.81	79
3437.24	92
3437.66	93
3438.09	88
3438.52	83
3438.94	85
3439.37	86
3439.79	89
3440.22	85
3440.64	93
3441.07	95
3441.49	87
3441.92	80
3442.34	95
3442.77	89.9952
3443.19	85.9964
3443.62	89.8403
3444.04	81.1315
3444.47	84.4398
3444.89	89.463
3445.32	93.9566
3445.74	85.0378
3446.17	87.7552
3446.59	81.7655
3447.02	81.0511
3447.44	85.7457
3447.87	82.1657
3448.29	87.4073
3448.72	81.2198
3449.14	84.6454
3449.57	83.1251
3449.99	84.8281
3450.42	73.9294
3450.84	80.3028
3451.26	81.8743
3451.69	83.2913
3452.11	85.9391
3452.54	83.118
3452.96	81.9861
3453.38	80.5898
3453.81	78.0464
3454.23	82.5889
3454.66	77.0401
3455.08	78.8922
3455.5	74.3447
3455.93	81.5942
3456.35	86.054
3456.77	87.092
3457.2	85.2794
3457.62	84.1745
3458.05	81.861
3458.47	82.0096
3458.89	81.3733
3459.32	82.1003
3459.74	85.0806
3460.16	79.8978
3460.59	80.546
3461.01	73.7191
3461.43	76.028
3461.86	72.6875
3462.28	74.367
3462.7	78.6983
3463.12	75.6935
3463.55	79.1582
3463.97	77.592
3464.39	74.6068
3464.82	81.0833
3465.24	76.3054
3465.66	79.8158
3466.08	82.4784
3466.51	76.9699
3466.93	73.5429
3467.35	78.475
3467.77	77.7264
3468.2	75.8655
3468.62	76.77
3469.04	76.9579
3469.46	76.5838
3469.89	76.7578
3470.31	80.7665
3470.73	77.2234
3471.15	76.7762
3471.57	74.3128
3472	76.203
3472.42	77.5285
3472.84	73.5244
3473.26	77.5523
3473.69	80.3245
3474.11	77.3054
3474.53	79.4131
3474.95	77.9472
3475.37	77.193
3475.79	78.5893
3476.22	81.7766
3476.64	79.3092
3477.06	70.7746
3477.48	78.821
3477.9	75.8806
3478.32	75.8854
3478.74	78.6903
3479.17	78.1222
3479.59	84.6305
3480.01	77.0954
3480.43	78.7777
3480.85	78.084
3481.27	81.5845
3481.69	80.3794
3482.11	85.6368
3482.53	82.2692
3482.95	78.5509
3483.38	76.7
3483.8	88.6215
3484.22	78.4102
3484.64	77.2803
3485.06	83.8911
3485.48	76.4533
3485.9	79.6573
3486.32	76.2677
3486.35	76
3486.77	75
3487.19	74
3487.62	73
3488.04	75
3488.46	78
3488.89	77
3489.31	76
3489.73	78
3490.16	81
3490.58	77
3491	72
3491.43	75
3491.85	73
3492.27	78
3492.7	73
3493.12	68
3493.54	77
3493.96	78
3494.39	80
3494.81	77
3495.23	70
3495.65	76
3496.08	77
3496.5	76
3496.92	70
3497.34	82
3497.77	71
3498.19	72
3498.61	69
3499.03	65
3499.45	66
3499.88	73
