51.4629	11350
52.7545	11751
54.0474	12097
55.3386	12227
56.6296	12453
57.9203	12228
59.2108	12063
60.5012	12015
61.7928	11757
63.0827	11665
64.3724	11500
65.6619	11240
66.9511	11147
68.2402	10987
69.5291	10864
70.8177	10774
72.1076	10626
73.3958	10376
74.6838	10332
75.9716	10075
77.2592	9899
78.5466	9744
79.8337	9549
81.1207	9389
82.4074	9099
83.694	9056
84.9803	8873
86.2664	8779
87.5523	8609
88.838	8478
90.1235	8297
91.4087	8278
92.6938	8148
93.9786	8009
95.2633	7900
96.5477	7678
97.8319	7616
99.1159	7465
100.4	7386
101.683	7233
102.967	7161
104.25	7077
105.533	6879
106.814	6787
108.097	6708
109.379	6624
110.661	6492
111.943	6382
113.225	6310
114.506	6196
115.787	6100
117.067	6020
118.348	5894
119.628	5798
120.909	5771
122.189	5553
123.469	5598
124.747	5433
126.027	5353
127.306	5252
128.586	5182
129.865	5103
131.142	5088
132.42	4955
133.699	4927
134.977	4852
136.253	4668
137.531	4666
138.809	4653
140.085	4577
141.362	4515
142.639	4464
143.915	4381
145.19	4310
146.466	4327
147.743	4224
149.017	4165
150.293	4148
151.568	4059
152.842	4106
154.117	4020
155.39	3952
156.665	3847
157.939	3815
159.212	3791
160.486	3725
161.758	3714
163.032	3714
164.305	3601
165.577	3594
166.85	3513
168.121	3529
169.393	3488
170.664	3385
171.936	3461
173.208	3400
174.479	3369
175.75	3383
177.02	3312
178.291	3337
179.56	3332
180.831	3215
182.1	3265
183.369	3179
184.639	3218
185.907	3186
187.177	3159
188.445	3158
189.714	3162
190.981	3168
192.25	3140
193.517	3104
194.784	3129
196.053	3099
197.319	3110
198.587	3106
199.853	3020
201.119	3052
202.386	3044
203.652	2947
204.917	3072
206.183	3029
207.448	2993
208.713	2945
209.979	2955
211.243	2989
212.507	2927
213.771	2921
215.036	2875
216.299	2923
217.563	2899
218.827	2899
220.09	2833
221.353	2809
222.615	2860
223.879	2845
225.141	2768
226.403	2784
227.664	2870
228.925	2833
230.188	2764
231.449	2795
232.71	2759
233.97	2766
235.231	2756
236.491	2810
237.752	2731
239.012	2733
240.272	2711.5
241.531	2690
242.79	2659
244.049	2677
245.308	2673
246.566	2611
247.826	2604
249.084	2635
250.342	2616
251.6	2594
252.857	2628
254.115	2598
255.372	2554
256.629	2510
257.885	2540
259.142	2505
260.398	2517
261.654	2493
262.91	2452
264.166	2505
265.421	2465
266.677	2471
267.932	2476
269.187	2451
270.441	2487
271.696	2421
272.95	2455
274.204	2434
275.458	2417
276.712	2392
277.964	2434
279.217	2396
280.47	2406
281.723	2430
282.975	2434
284.228	2360
285.48	2364
286.732	2390
287.984	2397
289.234	2398
290.485	2351
291.737	2393
292.988	2310
294.239	2366
295.488	2358
296.738	2338
297.988	2331
299.238	2309
300.488	2303
301.736	2302
302.986	2321
304.235	2321
305.484	2274
306.731	2263
307.98	2284
309.228	2237
310.477	2231
311.723	2253
312.971	2277
314.218	2278
315.464	2253
316.712	2247
317.959	2216
319.204	2258
320.451	2205
321.697	2208
322.942	2252
324.188	2217
325.432	2246
326.678	2214
327.923	2229
329.167	2186
330.412	2206
331.655	2217
332.9	2207
334.144	2220
335.387	2243
336.631	2219
337.873	2185
339.117	2221
340.359	2188
341.602	2227
342.843	2211
344.086	2189
345.327	2200
346.57	2202
347.81	2140
349.052	2159
350.293	2213
351.534	2170
352.774	2180
354.016	2166
355.255	2187
356.496	2167
357.735	2177
358.974	2155
360.214	2151
361.453	2111
362.693	2127
363.931	2125
365.169	2175
366.408	2132
367.645	2115
368.883	2119
370.121	2073
371.358	2101
372.595	2086
373.833	2105
375.07	2088
376.306	2090
377.543	2075
378.779	2128
380.014	2064
381.251	2081
382.486	2054
383.721	2074
384.956	2039
386.192	2071
387.427	2039
388.661	2074
389.895	2064
391.129	2059
392.364	2099
393.597	2065
394.83	2122
396.063	2074
397.296	2029
398.53	2096
399.763	2086
400.995	2087
402.227	2111
403.459	2133
404.69	2113
405.922	2158
407.154	2148
408.385	2150
409.616	2144
410.847	2169
412.077	2207
413.308	2203
414.538	2214
415.767	2229
416.997	2213
418.227	2288
419.456	2232
420.685	2292
421.914	2291
423.142	2319
424.371	2313
425.599	2380
426.827	2329
428.055	2350
429.283	2336
430.51	2347
431.738	2361
432.965	2351
434.192	2299
435.418	2345
436.645	2377
437.871	2328
439.097	2291
440.323	2284
441.549	2300
442.773	2258
443.998	2277
445.224	2234
446.449	2215
447.673	2212
448.898	2206
450.122	2215
451.345	2161
452.569	2184
453.793	2173
455.016	2172
456.24	2172
457.461	2146
458.684	2155
459.907	2146
461.13	2136
462.351	2176
463.573	2164
464.795	2108
466.017	2109
467.237	2132
468.459	2115
469.68	2148
470.901	2148
472.12	2107
473.341	2127
474.561	2142
475.78	2094
477	2136
478.22	2094
479.439	2087
480.658	2105
481.877	2126
483.095	2134
484.314	2065
485.531	2088
486.75	2089
487.968	2114
489.185	2129
490.403	2104
491.619	2090
492.837	2095
494.053	2089
495.27	2124
496.485	2100
497.702	2078
498.919	2093
500.134	2117
501.35	2138
502.564	2091
503.779	2126
504.995	2127
506.209	2145
507.424	2112
508.637	2122
509.852	2162
511.065	2155
512.28	2139
513.493	2123
514.707	2125
515.919	2142
517.132	2170
518.345	2141
519.557	2129
520.769	2139
521.982	2116
523.193	2160
524.406	2130
525.616	2137
526.827	2165
528.039	2174
529.25	2207
530.46	2174
531.67	2205
532.881	2139
534.09	2200
535.3	2172
536.51	2170
537.719	2204
538.928	2217
540.137	2171
541.347	2155
542.555	2135
543.763	2163
544.971	2169
546.179	2115
547.388	2176
548.595	2114
549.802	2153
551.009	2115
552.216	2138
553.422	2111
554.63	2129
555.836	2124
557.042	2087
558.248	2100
559.453	2102
560.659	2094
561.864	2099
563.069	2122
564.274	2065
565.48	2094
566.684	2061
567.888	2080
569.092	2082
570.296	2073
571.5	2073
572.703	2057
573.907	2052
575.11	2118
576.313	2085
577.515	2115
578.718	2089
579.92	2076
581.122	2091
582.324	2138
583.526	2098
584.728	2145
585.929	2097
587.129	2168
588.33	2112
589.531	2123
590.731	2155
591.932	2134
593.132	2159
594.332	2186
595.532	2172
596.732	2138
597.93	2140
599.129	2144
600.328	2149
601.527	2137
602.726	2170
603.924	2157
605.121	2147
606.319	2123
607.517	2210
608.715	2180
609.913	2157
611.109	2154
612.306	2129
613.503	2156
614.699	2167
615.895	2172
617.092	2179
618.288	2187
619.483	2170
620.679	2099
621.874	2169
623.068	2151
624.264	2160
625.459	2164
626.652	2160
627.847	2172
629.042	2166
630.235	2171
631.429	2147
632.623	2156
633.815	2153
635.009	2129
636.201	2168
637.394	2171
638.586	2138
639.779	2137
640.972	2160
642.163	2162
643.355	2167
644.546	2168
645.738	2145
646.928	2173
648.12	2198
649.31	2157
650.501	2183
651.691	2133
652.882	2201
654.071	2171
655.261	2176
656.45	2168
657.639	2189
658.829	2180
660.017	2200
661.207	2206
662.394	2212
663.582	2201
664.771	2216
665.959	2192
667.147	2212
668.334	2216
669.521	2216
670.709	2205
671.896	2240
673.082	2232
674.269	2279
675.455	2271
676.641	2248
677.828	2328
679.013	2241
680.198	2281
681.383	2250
682.569	2309
683.754	2282
684.938	2311
686.123	2276
687.308	2299
688.492	2300
689.676	2332
690.859	2270
692.042	2291
693.227	2266
694.41	2304
695.593	2296
696.775	2283
697.957	2294
699.14	2278
700.323	2346
701.505	2242
702.686	2277
703.868	2290
705.049	2328
706.23	2302
707.411	2298
708.592	2262
709.772	2265
710.953	2275
712.133	2252
713.313	2314
714.493	2255
715.672	2316
716.852	2278
718.031	2255
719.21	2339
720.389	2314
721.567	2321
722.746	2314
723.924	2262
725.102	2301
726.28	2292
727.458	2308
728.636	2316
729.813	2271
730.99	2241
732.167	2286
733.344	2323
734.521	2311
735.697	2299
736.872	2292
738.048	2338
739.224	2331
740.4	2303
741.575	2321
742.751	2285
743.925	2338
745.1	2321
746.274	2329
747.449	2324
748.623	2308
749.796	2386
750.97	2351
752.144	2350
753.318	2329
754.49	2404
755.664	2360
756.837	2384
758.01	2382
759.181	2361
760.354	2420
761.526	2388
762.697	2406
763.869	2389
765.041	2418
766.211	2402
767.383	2459
768.554	2387
769.724	2455
770.895	2448
772.064	2417
773.235	2421
774.405	2458
775.574	2403
776.744	2459
777.913	2440
779.083	2442
780.251	2428
781.42	2424
782.589	2397
783.757	2413
784.926	2419
786.093	2440
787.261	2405
788.428	2464
789.596	2393
790.763	2388
791.93	2471
793.097	2383
794.263	2421
795.43	2428
796.595	2435
797.762	2391
798.927	2449
800.094	2443
801.259	2419
802.423	2388
803.589	2433
804.754	2418
805.918	2398
807.083	2383
808.247	2434
809.41	2386
810.575	2403
811.738	2415
812.902	2389
814.066	2413
815.229	2447
816.391	2435
817.555	2413
818.717	2433
819.879	2403
821.041	2425
822.204	2397
823.365	2466
824.526	2489
825.688	2482
826.848	2486
828.011	2507
829.171	2496
830.331	2488
831.492	2496
832.652	2537
833.811	2446
834.972	2506
836.132	2523
837.291	2464
838.45	2465
839.609	2481
840.768	2510
841.927	2468
843.085	2507
844.243	2451
845.401	2514
846.559	2527
847.717	2531
848.876	2530
850.033	2552
851.19	2574
852.347	2547
853.504	2563
854.66	2576
855.817	2631
856.973	2648
858.128	2647
859.284	2694
860.439	2722
861.595	2716
862.75	2759
863.905	2879
865.06	2911
866.215	3021
867.37	3054
868.524	3222
869.679	3363
870.831	3626
871.985	3804
873.139	3968
874.293	4174
875.446	4332
876.599	4271
877.751	4294
878.904	4239
880.056	4047
881.209	3893
882.361	3674
883.512	3508
884.664	3281
885.816	3159
886.967	3037
888.117	2927
889.269	2832
890.42	2739
891.57	2711
892.72	2621
893.87	2604
895.021	2545
896.17	2547
897.32	2509
898.469	2501
899.618	2464
900.767	2442
901.917	2412
903.064	2419
904.213	2419
905.361	2388
906.509	2423
907.658	2419
908.805	2390
909.953	2404.5
911.099	2419
912.247	2372
913.393	2371
914.54	2357
915.686	2375
916.833	2302
917.979	2373
919.125	2381
920.27	2339
921.417	2393
922.561	2357
923.707	2393
924.852	2387
925.997	2399
927.141	2373
928.285	2371
929.43	2388
930.574	2391
931.719	2403
932.862	2396
934.005	2371
935.149	2398
936.292	2436
937.434	2385
938.578	2473
939.72	2469
940.862	2434
942.005	2421
943.147	2469
944.288	2469
945.431	2412
946.572	2460
947.713	2507
948.853	2494
949.995	2495
951.135	2501
952.276	2462
953.416	2485
954.557	2513
955.697	2512
956.836	2499
957.975	2548
959.115	2545
960.255	2577
961.394	2517
962.532	2553
963.671	2551
964.809	2548
965.947	2546
967.085	2580
968.223	2574
969.362	2569
970.499	2623
971.636	2604
972.773	2631
973.91	2580
975.047	2598
976.183	2666
977.32	2603
978.456	2625
979.592	2669
980.728	2695
981.863	2685
982.999	2711
984.134	2703
985.269	2719
986.404	2800
987.539	2817
988.674	2866
989.808	2841
990.942	2916
992.075	2956
993.209	2935
994.343	3030
995.476	3156
996.61	3198
997.743	3244
998.876	3377
1000.01	3502
1001.14	3578
1002.27	3691
1003.41	3819
1004.54	3999
1005.67	4170
1006.8	4312
1007.93	4503
1009.06	4809
1010.19	4994
1011.33	5208
1012.46	5541
1013.59	5890
1014.72	6286
1015.85	6644
1016.98	7089
1018.11	7533
1019.24	8002
1020.36	8473
1021.49	8871
1022.62	9282
1023.75	9735
1024.88	9991
1026.01	10374
1027.14	10485
1028.27	10700
1029.39	10681
1030.52	10701
1031.65	10678
1032.78	10521
1033.9	10176
1035.03	9860
1036.16	9351
1037.28	8829
1038.41	8324
1039.53	7776
1040.66	7179
1041.79	6622
1042.91	6178
1044.04	5742
1045.16	5346
1046.29	4946
1047.41	4669
1048.54	4449
1049.66	4214
1050.79	4023
1051.91	3858
1053.04	3678
1054.16	3589
1055.28	3509
1056.41	3403
1057.53	3327
1058.65	3228
1059.78	3250
1060.9	3150
1062.02	3127
1063.14	3084
1064.27	3112
1065.39	3015
1066.51	3063
1067.63	3021
1068.75	2984
1069.87	3066
1070.99	3032
1072.12	3021
1073.24	3098
1074.36	3073
1075.48	3002
1076.6	3097
1077.72	3076
1078.84	3104
1079.96	3181
1081.08	3217
1082.19	3204
1083.31	3272
1084.43	3304
1085.55	3332
1086.67	3289
1087.79	3333
1088.91	3330
1090.02	3349
1091.14	3346
1092.26	3321
1093.38	3339
1094.49	3293
1095.61	3310
1096.73	3293
1097.85	3258
1098.96	3296
1100.08	3232
1101.19	3294
1102.31	3272
1103.43	3276
1104.54	3273
1105.66	3196
1106.77	3224
1107.89	3263
1109	3240
1110.12	3196
1111.23	3162
1112.35	3152
1113.46	3197
1114.57	3114
1115.69	3104
1116.8	3100
1117.91	3015
1119.03	3030
1120.14	2983
1121.25	2893
1122.37	2930
1123.48	2853
1124.59	2820
1125.7	2837
1126.82	2794
1127.93	2717
1129.04	2776
1130.15	2714
1131.26	2647
1132.37	2630
1133.48	2648
1134.59	2613
1135.7	2555
1136.81	2567
1137.92	2548
1139.04	2551
1140.14	2535
1141.25	2549
1142.36	2592
1143.47	2538
1144.58	2535
1145.69	2498
1146.8	2571
1147.91	2512
1149.02	2499
1150.12	2504
1151.23	2501
1152.34	2486
1153.45	2519
1154.56	2481.39
1155.66	2481.5
1156.77	2494.46
1157.88	2463.07
1158.98	2425.86
1160.09	2401.09
1161.2	2416.52
1162.3	2329.56
1163.41	2324.58
1164.51	2333.56
1165.62	2289.16
1166.73	2255.17
1167.83	2270.11
1168.94	2209.4
1170.04	2173.79
1171.15	2189.29
1172.25	2177.76
1173.35	2149.22
1174.46	2121.43
1175.56	2135.74
1176.67	2112.17
1177.77	2114.2
1178.87	2074.63
1179.98	2085.51
1181.08	2064.37
1182.18	2036
1183.29	2069.86
1184.39	2039.2
1185.49	2009.94
1186.59	2005.27
1187.7	2029.43
1188.8	2019.23
1189.9	2008.02
1191	2002.34
1192.1	1981.72
1193.2	1983.18
1194.3	1972.3
1195.4	1958.5
1196.51	1990.24
1197.61	1969.93
1198.71	1943.91
1199.81	1963.65
1200.91	1970.57
1202.01	1974.35
1203.11	1926.34
1204.2	1934.04
1205.31	1944.36
1206.4	1934.03
1207.5	1927.21
1208.6	1943.01
1209.7	1916.71
1210.8	1922.51
1211.9	1931.8
1212.99	1955.65
1214.09	1941.31
1215.19	1926.19
1216.29	1929.41
1217.38	1939.37
1218.48	1944.61
1219.58	1939.69
1220.67	1929.73
1221.77	1947.98
1222.87	1937.34
1223.96	1948.43
1225.06	1961.34
1226.16	1977.75
1227.25	1949.13
1228.35	1936.39
1229.44	1911.23
1230.54	1942.95
1231.63	1937.62
1232.73	1935.88
1233.82	1938.54
1234.92	1940.02
1236.01	1941.13
1237.1	1934.3
1238.2	1961.41
1239.29	1920.17
1240.39	1922.14
1241.48	1946.46
1242.57	1928.54
1243.66	1937.7
1244.76	1939.75
1245.85	1945.79
1246.94	1946.68
1248.03	1944.25
1249.13	1961.92
1250.22	1982.74
1251.31	1979.81
1252.4	1998.5
1253.49	2001.65
1254.59	1986.13
1255.68	2015.56
1256.77	2008.84
1257.86	2020.81
1258.95	2052.8
1260.04	2075.83
1261.13	2118.83
1262.22	2116.69
1263.31	2100.83
1264.4	2131.45
1265.49	2163.9
1265.94	2173
1267.03	2189
1268.13	2200
1269.22	2178
1270.31	2158
1271.41	2170
1272.5	2166
1273.6	2153
1274.69	2134
1275.78	2115
1276.88	2146
1277.97	2099
1279.06	2113
1280.15	2056
1281.25	2056
1282.34	2019
1283.43	2023
1284.52	2000
1285.61	2029
1286.71	2009
1287.8	1992
1288.89	1961
1289.98	1965
1291.07	1977
1292.16	1958
1293.25	1973
1294.34	1954
1295.43	1927
1296.52	1890
1297.61	1924
1298.7	1894
1299.79	1954
1300.88	1881
1301.97	1902
1303.06	1930
1304.15	1926
1305.23	1904
1306.32	1896
1307.41	1860
1308.5	1925
1309.59	1926
1310.67	1909
1311.76	1859
1312.85	1888
1313.94	1876
1315.02	1850
1316.11	1877
1317.2	1886
1318.28	1895
1319.37	1910
1320.46	1909
1321.54	1892
1322.63	1844
1323.71	1862
1324.8	1875
1325.88	1888
1326.97	1897
1328.05	1874
1329.14	1896
1330.22	1926
1331.31	1956
1332.39	1926
1333.48	1927
1334.56	1889
1335.64	1939
1336.73	1895
1337.81	1974
1338.89	1910
1339.98	1921
1341.06	1952
1342.14	1975
1343.22	1978
1344.31	1988
1345.39	1952
1346.47	1960
1347.55	1967
1348.63	1988
1349.72	2022
1350.8	2010
1351.88	2040
1352.96	2071
1354.04	2054
1355.12	2049
1356.2	2082
1357.28	2073
1358.36	2045
1359.44	2108
1360.52	2108
1361.6	2127
1362.68	2162
1363.76	2125
1364.84	2186
1365.92	2198
1366.99	2169
1368.07	2191
1369.15	2148
1370.23	2248
1371.31	2201
1372.39	2247
1373.46	2307
1374.54	2282
1375.62	2298
1376.7	2352
1377.77	2312
1378.85	2409
1379.92	2331
1381	2401
1382.08	2375
1383.15	2398
1384.23	2414
1385.31	2410
1386.38	2454
1387.46	2429
1388.53	2472
1389.61	2437
1390.68	2484
1391.76	2520
1392.83	2543
1393.91	2558
1394.98	2559
1396.05	2606
1397.13	2657
1398.2	2622
1399.28	2627
1400.35	2677
1401.42	2657
1402.5	2636
1403.57	2630
1404.64	2646
1405.71	2666
1406.79	2697
1407.86	2736
1408.93	2727
1410	2721
1411.07	2728
1412.14	2663
1413.22	2706
1414.29	2751
1415.36	2816
1416.43	2775
1417.5	2781
1418.57	2784
1419.64	2825
1420.71	2807
1421.78	2890
1422.85	2906
1423.92	2949
1424.99	2962
1426.06	2999
1427.13	3034
1428.2	3053
1429.27	3140
1430.33	3169
1431.4	3245
1432.47	3386
1433.54	3465
1434.61	3582
1435.68	3716
1436.74	3809
1437.81	4064
1438.88	4196
1439.95	4469
1441.01	4644
1442.08	4859
1443.15	5039
1444.21	5249
1445.28	5372
1446.35	5467
1447.41	5482
1448.48	5544
1449.54	5414
1450.61	5478
1451.67	5355
1452.74	5267
1453.8	5272
1454.87	5131
1455.93	5182
1457	5070
1458.06	5044
1459.12	5072
1460.19	5000
1461.25	4948
1462.32	4872
1463.38	4809
1464.44	4818
1465.51	4761
1466.57	4711
1467.63	4628
1468.69	4655
1469.76	4586
1470.82	4515
1471.88	4508
1472.94	4355
1474.01	4360
1475.07	4305
1476.13	4240
1477.19	4211
1478.25	4134
1479.31	4064
1480.37	3930
1481.43	3932
1482.49	3872
1483.55	3740
1484.61	3665
1485.67	3629
1486.73	3593
1487.79	3541
1488.85	3472
1489.91	3354
1490.97	3286
1492.03	3246
1493.09	3170
1494.15	3151
1495.2	3091
1496.26	3076
1497.32	3035
1498.38	3014
1499.44	2934
1500.49	2918
1501.55	2880
1502.61	2877
1503.67	2829
1504.72	2822
1505.78	2760
1506.84	2747
1507.89	2677
1508.95	2671
1510	2660
1511.06	2643
1512.12	2586
1513.17	2603
1514.23	2526
1515.28	2554
1516.34	2530
1517.39	2481
1518.45	2487
1519.5	2440
1520.56	2466
1521.61	2453
1522.66	2417
1523.72	2409
1524.77	2404
1525.82	2347
1526.88	2346
1527.93	2298
1528.99	2310
1530.04	2256
1531.09	2325
1532.14	2295
1533.2	2234
1534.25	2270
1535.3	2281
1536.35	2252
1537.4	2233
1538.45	2204
1539.51	2241
1540.56	2183
1541.61	2195
1542.66	2167
1543.71	2153
1544.76	2155
1545.81	2135
1546.86	2108
1547.91	2114
1548.96	2159
1550.01	2117
1551.06	2064
1552.11	2133
1553.16	2085
1554.21	2033
1555.26	2049
1556.31	2042
1557.35	2057
1558.4	2035
1559.45	2037
1560.5	2003
1561.55	1992
1562.6	2033
1563.64	1979
1564.69	1997
1565.74	1998
1566.79	1974
1567.83	1965
1568.88	1930
1569.93	1937
1570.97	1955
1572.02	1913
1573.06	1960
1574.11	1970
1575.16	1906
1576.2	1929
1577.25	1921
1578.29	1897
1579.34	1895
1580.38	1875
1581.43	1906
1582.47	1890
1583.52	1900
1584.56	1880
1585.61	1878
1586.65	1865
1587.69	1873
1588.74	1846
1589.78	1833
1590.82	1861
1591.87	1838
1592.91	1836
1593.95	1805
1594.99	1819
1596.04	1860
1597.08	1811
1598.12	1801
1599.16	1830
1600.21	1812
1601.25	1839
1602.29	1797
1603.33	1822
1604.37	1836
1605.41	1812
1606.45	1785
1607.49	1778
1608.54	1840
1609.58	1799
1610.62	1781
1611.66	1777
1612.7	1772
1613.74	1805
1614.78	1753
1615.81	1766
1616.85	1757
1617.89	1744
1618.93	1748
1619.97	1762
1621.01	1724
1622.05	1762
1623.09	1723
1624.12	1734
1625.16	1729
1626.2	1723
1627.24	1736
1628.28	1734
1629.31	1679
1630.35	1762
1631.39	1724
1632.42	1717
1633.46	1731
1634.5	1730
1635.53	1738
1636.57	1728
1637.61	1721
1638.64	1681
1639.68	1706
1640.71	1720
1641.75	1638
1642.78	1640
1643.82	1641
1644.85	1635
1645.89	1630
1646.92	1614
1647.96	1633
1648.99	1613
1650.02	1536
1651.06	1564
1652.09	1588
1653.13	1524
1654.16	1562
1655.19	1498
1656.23	1561
1657.26	1572
1658.29	1524
1659.32	1529
1660.36	1495
1661.39	1533
1662.42	1534
1663.45	1543
1664.48	1521
1665.52	1505
1666.55	1505
1667.58	1515
1668.61	1478
1669.64	1475
1670.67	1508
1671.7	1483
1672.73	1456
1673.76	1448
1674.79	1472
1675.82	1451
1676.85	1433
1677.88	1429
1678.91	1455
1679.94	1439
1680.97	1466
1682	1422
1683.03	1432
1684.06	1459
1685.09	1428
1686.12	1438
1687.14	1426
1688.17	1432
1689.2	1425
1690.23	1425
1691.25	1409
1692.28	1427
1693.31	1416
1694.34	1407
1695.36	1428
1696.39	1433
1697.42	1399
1698.44	1427
1699.47	1421
1700.5	1435
1701.52	1410
1702.55	1378
1703.57	1389
1704.6	1417
1705.62	1445
1706.65	1391
1707.68	1391
1708.7	1415
1709.73	1385
1710.75	1348
1711.77	1373
1712.8	1366
1713.82	1357
1714.85	1380
1715.87	1381
1716.89	1379
1717.92	1408
1718.94	1340
1719.96	1393
1720.99	1358
1722.01	1347
1723.03	1380
1724.05	1349
1725.08	1357
1726.1	1390
1727.12	1352
1728.14	1375
1729.17	1347
1730.19	1328
1731.21	1329
1732.23	1332
1733.25	1327
1734.27	1331
1735.29	1318
1736.31	1356
1737.33	1326
1738.35	1346
1739.37	1323
1740.39	1307
1741.41	1343
1742.43	1327
1743.45	1346
1744.47	1324
1745.49	1321
1746.51	1330
1747.53	1315
1748.55	1336
1749.57	1314
1750.58	1357
1751.6	1335
1752.62	1336
1753.64	1325
1754.66	1328
1755.67	1354
1756.69	1367
1757.71	1355
1758.73	1358
1759.74	1349
1760.76	1380
1761.78	1318
1762.79	1329
1763.81	1362
1764.83	1380
1765.84	1359
1766.86	1339
1767.87	1366
1768.89	1342
1769.9	1375
1770.92	1345
1771.93	1373
1772.95	1374
1773.96	1361
1774.98	1362
1775.99	1367
1777.01	1392
1778.02	1376
1779.04	1333
1780.05	1386
1781.06	1375
1782.08	1386
1783.09	1380
1784.1	1399
1785.12	1363
1786.13	1374
1787.14	1377
1788.15	1384
1789.17	1355
1790.18	1353
1791.19	1402
1792.2	1382
1793.21	1391
1794.23	1396
1795.24	1340
1796.25	1353
1797.26	1380
1798.27	1365
1799.28	1411
1800.29	1341
1801.3	1352
1802.31	1358
1803.32	1393
1804.33	1367
1805.34	1373
1806.35	1346
1807.36	1384
1808.37	1379
1809.38	1344
1810.39	1345
1811.4	1366
1812.41	1360
1813.42	1359
1814.42	1352
1815.43	1364
1816.44	1339
1817.45	1372
1818.46	1347
1819.46	1343
1820.47	1326
1821.48	1304
1822.49	1350
1823.49	1325
1824.5	1309
1825.51	1290
1826.51	1317
1827.52	1314
1828.53	1289
1829.53	1286
1830.54	1298
1831.55	1275
1832.55	1292
1833.56	1293
1834.56	1276
1835.57	1318
1836.57	1244
1837.58	1273
1838.58	1267
1839.59	1277
1840.59	1244
1841.59	1225
1842.6	1213
1843.6	1282
1844.61	1260.5
1845.61	1239
1846.61	1204
1847.62	1244
1848.62	1211
1849.62	1217
1850.63	1216
1851.63	1212
1852.63	1226
1853.63	1187
1854.64	1216
1855.64	1188
1856.64	1217
1857.64	1177
1858.64	1170
1859.64	1208
1860.65	1224
1861.65	1184
1862.65	1180
1863.65	1181
1864.65	1180
1865.65	1175
1866.65	1170
1867.65	1179
1868.65	1207
1869.65	1160
1870.65	1189
1871.65	1182
1872.65	1197
1873.65	1211
1874.65	1182
1875.65	1186
1876.65	1227
1877.64	1195
1878.64	1191
1879.64	1150
1880.64	1182
1881.64	1164
1882.64	1170
1883.63	1178
1884.63	1168
1885.63	1189
1886.63	1187
1887.62	1198
1888.62	1200
1889.62	1215
1890.61	1202
1891.61	1187
1892.61	1239
1893.6	1193
1894.6	1196
1895.59	1233
1896.59	1211.5
1897.59	1190
1898.58	1189
1899.58	1210
1900.57	1205
1901.57	1192
1902.56	1192
1903.56	1209
1904.55	1214
1905.55	1203
1906.54	1212
1907.53	1196
1908.53	1211
1909.52	1204
1910.51	1236
1911.51	1203
1912.5	1212
1913.49	1228
1914.49	1216
1915.48	1219
1916.47	1216
1917.47	1212
1918.46	1200
1919.45	1243
1920.44	1226
1921.43	1209
1922.43	1214
1923.42	1230
1924.41	1228
1925.4	1224
1926.39	1230
1927.38	1186
1928.37	1232
1929.36	1224
1930.35	1226
1931.35	1238
1932.34	1225
1933.33	1204
1934.32	1216
1935.31	1222
1936.29	1203
1937.29	1174
1938.27	1212
1939.26	1197
1940.25	1203
1941.24	1234
1942.23	1216
1943.22	1185
1944.21	1209
1945.2	1200
1946.18	1215
1947.17	1188
1948.16	1168
1949.15	1179
1950.13	1193
1951.12	1194
1952.11	1183
1953.1	1181
1954.08	1172
1955.07	1173
1956.06	1169
1957.04	1186
1958.03	1190
1959.02	1157
1960	1206
1960.99	1152
1961.97	1146
1962.96	1136
1963.94	1157
1964.93	1156
1965.91	1179
1966.9	1160
1967.88	1170
1968.87	1167
1969.85	1158
1970.84	1177
1971.82	1136
1972.8	1112
1973.79	1128
1974.77	1158
1975.76	1124
1976.74	1144
1977.72	1104
1978.71	1136
1979.69	1128
1980.67	1125
1981.65	1132
1982.64	1137
1983.62	1123
1984.6	1159
1985.58	1159
1986.57	1135
1987.55	1152
1988.53	1125
1989.51	1161
1990.49	1142
1991.47	1149
1992.45	1166
1993.43	1138
1994.42	1159
1995.4	1132
1996.38	1131
1997.36	1146
1998.34	1164
1999.32	1176
2000.3	1173
2001.28	1132
2002.26	1192
2003.23	1157
2004.21	1142
2005.19	1154
2006.17	1171
2007.15	1171
2008.13	1147
2009.11	1178
2010.09	1193
2011.06	1175
2012.04	1179
2013.02	1178
2014	1201
2014.98	1183
2015.95	1173
2016.93	1191
2017.91	1203
2018.88	1207
2019.86	1186
2020.84	1213
2021.81	1206
2022.79	1220
2023.77	1206
2024.74	1212
2025.72	1181
2026.69	1206
2027.67	1204
2028.65	1210
2029.62	1199
2030.6	1216
2031.57	1197
2032.55	1214
2033.52	1203
2034.5	1227
2035.47	1213
2036.44	1223
2037.42	1218
2038.39	1224
2039.37	1225
2040.34	1209
2041.31	1213
2042.29	1218
2043.26	1184
2044.23	1225
2045.21	1216
2046.18	1238
2047.15	1236
2048.12	1199
2049.1	1226
2050.07	1230
2051.04	1208
2052.01	1171
2052.98	1170
2053.96	1198
2054.93	1197
2055.9	1194
2056.87	1194
2057.84	1181
2058.81	1169
2059.78	1154
2060.75	1185
2061.72	1179
2062.69	1184
2063.66	1194
2064.63	1170
2065.6	1207
2066.57	1197
2067.54	1198
2068.51	1212
2069.48	1191
2070.45	1171
2071.42	1171
2072.39	1196
2073.36	1168
2074.32	1158
2075.29	1174
2076.26	1164
2077.23	1176
2078.2	1199
2079.16	1138
2080.13	1179
2081.1	1141
2082.07	1140
2083.03	1138
2084	1155
2084.97	1146
2085.93	1151
2086.9	1133
2087.87	1117
2088.83	1132
2089.8	1139
2090.77	1145
2091.73	1139
2092.7	1135
2093.66	1120
2094.63	1108
2095.59	1161
2096.56	1133
2097.52	1154
2098.49	1159
2099.45	1142
2100.42	1140
2101.38	1104
2102.35	1163
2103.31	1135
2104.27	1121
2105.24	1108
2106.2	1105
2107.16	1093
2108.13	1154
2109.09	1114
2110.05	1103.64
2111.02	1131.8
2111.98	1096.29
2112.94	1118.56
2113.9	1118.97
2114.87	1130.06
2115.83	1138.47
2116.79	1105.98
2117.75	1130.86
2118.71	1118.6
2119.68	1132.55
2120.64	1096.35
2121.6	1128.32
2122.56	1132
2123.52	1164.38
2124.48	1127.46
2125.44	1156.07
2126.4	1109.76
2127.36	1157.71
2128.32	1116.05
2129.28	1135.77
2130.24	1123.65
2131.2	1130.37
2132.16	1135.92
2133.12	1138.13
2134.08	1144.3
2135.04	1110.05
2136	1125.01
2136.96	1129.14
2137.92	1155.33
2138.88	1135.43
2139.83	1126.31
2140.79	1155.78
2141.75	1167.46
2142.71	1150.92
2143.67	1140.65
2144.62	1137.42
2145.58	1140.37
2146.54	1166.38
2147.5	1134.63
2148.45	1160.87
2149.41	1131.41
2150.37	1169.1
2151.32	1137.78
2152.28	1159.63
2153.24	1164.11
2154.19	1128.42
2155.15	1164.26
2156.11	1141.78
2157.06	1135.96
2158.02	1148.29
2158.97	1140.08
2159.93	1138.42
2160.88	1137.36
2161.84	1152.19
2162.79	1149.21
2163.75	1168.3
2164.7	1154.37
2165.66	1149.49
2166.61	1160.93
2167.57	1159.98
2168.52	1156.91
2169.48	1155.63
2170.43	1150.11
2171.38	1175.4
2172.34	1169.79
2173.29	1164.48
2174.24	1153.99
2175.2	1164.91
2176.15	1154.68
2177.1	1154.48
2178.05	1153.95
2179.01	1163.83
2179.96	1156.27
2180.91	1142.53
2181.86	1151.6
2182.82	1161.57
2183.77	1170.86
2184.72	1155.17
2185.67	1153.24
2186.62	1157.13
2187.57	1157.39
2188.52	1182.52
2189.47	1173.24
2190.43	1172.45
2191.38	1179.14
2192.33	1170.12
2193.28	1165.2
2194.23	1171.64
2195.18	1184.69
2196.13	1185.01
2197.08	1189.69
2198.03	1190.62
2198.98	1175.86
2199.93	1184.3
2200.87	1181.17
2201.82	1192.23
2202.77	1221.44
2203.72	1206.95
2204.67	1206.75
2205.62	1204.66
2205.98	1199
2206.93	1198
2207.88	1210
2208.84	1193
2209.79	1207
2210.74	1209
2211.69	1189
2212.65	1218
2213.6	1230
2214.55	1220
2215.5	1215
2216.45	1198
2217.41	1233
2218.36	1211
2219.31	1179
2220.26	1189
2221.21	1234
2222.16	1194
2223.11	1238
2224.06	1247
2225.01	1195
2225.96	1234
2226.91	1214
2227.86	1222
2228.81	1239
2229.76	1234
2230.71	1206
2231.66	1217
2232.61	1228
2233.56	1221
2234.51	1241
2235.46	1219
2236.41	1274
2237.36	1242
2238.31	1229
2239.25	1232
2240.2	1251
2241.15	1246
2242.1	1208
2243.05	1250
2243.99	1260
2244.94	1245
2245.89	1234
2246.83	1233
2247.78	1209
2248.73	1224
2249.68	1217
2250.62	1196
2251.57	1233.5
2252.52	1271
2253.46	1241
2254.41	1245
2255.35	1195
2256.3	1216
2257.25	1237
2258.19	1231
2259.14	1244
2260.08	1221
2261.03	1238
2261.97	1209
2262.92	1218.5
2263.86	1228
2264.81	1247
2265.75	1249
2266.7	1221
2267.64	1230
2268.58	1252
2269.53	1250
2270.47	1244
2271.41	1244
2272.36	1241
2273.3	1247
2274.24	1234
2275.19	1206
2276.13	1226
2277.07	1254
2278.02	1238
2278.96	1232
2279.9	1240
2280.84	1206
2281.78	1256
2282.73	1245
2283.67	1249
2284.61	1280
2285.55	1255
2286.49	1210
2287.43	1245
2288.38	1246
2289.32	1221
2290.26	1239
2291.2	1256
2292.14	1256
2293.08	1256
2294.02	1225
2294.96	1210
2295.9	1247
2296.84	1222
2297.78	1232
2298.72	1234
2299.66	1231
2300.59	1233
2301.53	1240
2302.47	1226
2303.41	1264
2304.35	1242
2305.29	1267
2306.23	1241
2307.17	1248
2308.1	1253
2309.04	1256
2309.98	1258
2310.92	1248
2311.85	1241
2312.79	1219
2313.73	1221
2314.67	1239
2315.6	1243
2316.54	1261
2317.48	1241
2318.41	1268
2319.35	1256
2320.29	1247
2321.22	1243
2322.16	1264
2323.09	1256
2324.03	1258
2324.97	1258
2325.9	1247
2326.84	1238
2327.77	1244
2328.71	1238
2329.64	1235
2330.58	1260
2331.51	1253
2332.45	1260
2333.38	1230
2334.31	1249
2335.25	1253
2336.18	1227
2337.12	1257
2338.05	1255
2338.98	1273
2339.92	1241
2340.85	1291
2341.78	1261
2342.72	1259
2343.65	1266
2344.58	1261
2345.51	1261
2346.45	1245
2347.38	1261
2348.31	1283
2349.24	1264
2350.17	1262
2351.11	1259
2352.04	1285
2352.97	1250
2353.9	1274
2354.83	1242
2355.76	1254
2356.69	1246
2357.62	1289
2358.55	1272
2359.48	1250
2360.42	1295
2361.35	1277
2362.27	1266
2363.21	1281
2364.13	1277
2365.07	1277
2365.99	1283
2366.92	1286
2367.85	1268
2368.78	1285
2369.71	1312
2370.64	1283
2371.57	1279
2372.5	1268
2373.43	1278
2374.35	1279
2375.28	1287
2376.21	1265
2377.14	1246
2378.07	1271
2378.99	1271
2379.92	1282
2380.85	1272
2381.77	1270
2382.7	1257
2383.63	1279
2384.56	1257
2385.48	1258
2386.41	1286
2387.33	1276
2388.26	1288
2389.19	1265
2390.11	1272
2391.04	1258
2391.96	1257
2392.89	1282
2393.82	1297
2394.74	1268
2395.67	1286
2396.59	1284
2397.51	1267
2398.44	1265
2399.36	1271
2400.29	1284
2401.21	1232
2402.14	1230
2403.06	1236
2403.98	1242
2404.91	1242
2405.83	1258
2406.76	1243
2407.68	1221
2408.6	1283
2409.52	1246
2410.45	1278
2411.37	1252
2412.29	1277
2413.22	1264
2414.14	1233
2415.06	1275
2415.98	1249
2416.9	1291
2417.83	1268
2418.75	1259
2419.67	1259
2420.59	1260
2421.51	1253
2422.43	1262
2423.35	1264
2424.27	1247
2425.2	1235
2426.12	1234
2427.04	1292
2427.96	1239
2428.88	1254
2429.8	1268
2430.72	1257
2431.64	1260
2432.56	1251
2433.48	1233
2434.4	1261
2435.31	1268
2436.23	1249
2437.15	1257
2438.07	1266
2438.99	1247
2439.91	1236
2440.83	1256
2441.75	1258
2442.66	1260
2443.58	1259
2444.5	1267
2445.42	1257
2446.33	1267
2447.25	1273
2448.17	1250
2449.09	1273
2450	1282
2450.92	1278
2451.84	1263
2452.75	1242
2453.67	1280
2454.59	1284
2455.5	1283
2456.42	1278
2457.33	1263
2458.25	1276
2459.17	1287
2460.08	1251
2461	1270
2461.91	1301
2462.83	1311
2463.74	1284
2464.66	1280
2465.57	1287
2466.49	1287
2467.4	1313
2468.31	1287
2469.23	1280
2470.14	1266
2471.06	1313
2471.97	1270
2472.88	1264
2473.8	1260
2474.71	1300
2475.62	1293
2476.54	1284
2477.45	1277
2478.36	1276
2479.28	1281
2480.19	1309
2481.1	1250
2482.01	1312
2482.93	1263
2483.84	1282
2484.75	1267
2485.66	1289
2486.57	1265
2487.49	1277
2488.4	1286
2489.31	1280
2490.22	1269
2491.13	1254
2492.04	1267
2492.95	1269
2493.86	1317
2494.77	1276
2495.68	1285
2496.59	1293
2497.5	1273
2498.41	1268
2499.32	1293
2500.23	1263
2501.14	1282
2502.05	1281
2502.96	1305
2503.87	1277
2504.78	1286
2505.69	1277
2506.6	1244
2507.5	1249
2508.41	1280
2509.32	1283
2510.23	1298
2511.14	1300
2512.04	1311
2512.95	1277
2513.86	1278
2514.77	1284
2515.68	1286
2516.58	1277
2517.49	1296
2518.4	1285
2519.3	1302
2520.21	1296
2521.12	1299
2522.02	1291
2522.93	1293
2523.83	1301
2524.74	1288
2525.65	1293
2526.55	1317
2527.46	1300
2528.36	1326
2529.27	1329
2530.17	1320
2531.08	1292
2531.98	1304
2532.89	1290
2533.79	1332
2534.7	1293
2535.6	1332
2536.51	1295
2537.41	1325
2538.32	1305
2539.22	1321
2540.12	1351
2541.03	1303
2541.93	1331
2542.83	1337
2543.74	1319
2544.64	1349
2545.54	1336
2546.45	1366
2547.35	1337
2548.25	1321
2549.15	1297
2550.06	1324
2550.96	1349
2551.86	1325
2552.76	1318
2553.66	1314
2554.57	1336
2555.47	1343
2556.37	1314
2557.27	1317
2558.17	1338
2559.07	1330
2559.97	1322
2560.87	1325
2561.77	1311
2562.67	1324
2563.57	1290
2564.47	1323
2565.37	1335
2566.27	1321
2567.17	1340
2568.07	1299
2568.97	1299
2569.87	1315
2570.77	1333
2571.67	1281
2572.57	1327
2573.47	1314
2574.37	1348
2575.27	1288
2576.16	1309
2577.06	1359
2577.96	1335
2578.86	1336
2579.76	1290
2580.65	1308
2581.55	1285
2582.45	1305
2583.35	1284
2584.24	1322
2585.14	1343
2586.04	1327
2586.94	1289
2587.83	1281
2588.73	1335
2589.62	1320
2590.52	1325
2591.42	1339
2592.31	1297
2593.21	1293
2594.1	1297
2595	1299
2595.9	1323
2596.79	1331
2597.69	1324
2598.58	1292
2599.48	1324
2600.37	1313
2601.27	1303
2602.16	1301
2603.06	1318
2603.95	1305
2604.84	1293
2605.74	1262
2606.63	1295
2607.53	1298
2608.42	1297
2609.31	1248
2610.21	1280
2611.1	1299
2611.99	1260
2612.89	1257
2613.78	1284
2614.67	1251
2615.57	1253
2616.46	1253
2617.35	1246
2618.24	1248
2619.14	1246
2620.03	1271
2620.92	1225
2621.81	1233
2622.7	1252
2623.59	1249
2624.48	1245
2625.38	1229
2626.27	1234
2627.16	1221
2628.05	1188
2628.94	1217
2629.83	1226
2630.72	1168
2631.61	1167
2632.5	1150
2633.39	1163
2634.28	1153
2635.17	1147
2636.06	1156
2636.95	1154
2637.84	1151
2638.73	1115
2639.62	1162
2640.51	1176
2641.4	1153
2642.28	1153
2643.17	1158
2644.06	1125
2644.95	1144
2645.84	1126
2646.73	1110
2647.61	1135
2648.5	1147
2649.39	1126
2650.28	1108
2651.17	1113
2652.05	1124
2652.94	1091
2653.83	1135
2654.71	1119
2655.6	1117
2656.49	1112
2657.37	1147
2658.26	1109
2659.15	1142
2660.03	1124
2660.92	1109
2661.8	1140
2662.69	1133
2663.58	1173
2664.46	1137
2665.35	1134
2666.23	1156
2667.12	1169
2668	1152
2668.89	1176
2669.77	1138
2670.66	1158
2671.54	1169
2672.43	1188
2673.31	1186
2674.19	1158
2675.08	1168
2675.96	1170
2676.84	1160
2677.73	1149
2678.61	1176
2679.5	1161
2680.38	1153
2681.26	1166
2682.14	1131
2683.03	1147
2683.91	1139
2684.79	1148
2685.68	1166
2686.56	1149
2687.44	1200
2688.32	1167
2689.2	1152
2690.09	1163
2690.97	1171
2691.85	1196
2692.73	1172
2693.61	1200
2694.49	1183
2695.37	1219
2696.25	1179
2697.14	1194
2698.02	1199
2698.9	1210
2699.78	1205
2700.66	1224
2701.54	1208
2702.42	1254
2703.3	1256
2704.18	1236
2705.06	1243
2705.94	1261
2706.81	1276
2707.69	1277
2708.57	1236
2709.45	1275
2710.33	1281
2711.21	1252
2712.09	1268
2712.97	1284
2713.84	1260
2714.72	1288
2715.6	1301
2716.48	1310
2717.36	1338
2718.23	1293
2719.11	1283
2719.99	1287
2720.87	1282
2721.74	1275
2722.62	1266
2723.5	1264
2724.37	1298
2725.25	1313
2726.13	1300
2727	1277
2727.88	1320
2728.76	1303
2729.63	1282
2730.51	1297
2731.38	1282
2732.26	1270
2733.14	1333
2734.01	1322
2734.89	1318
2735.76	1301
2736.64	1300
2737.51	1294
2738.39	1337
2739.26	1342
2740.13	1348
2741.01	1347
2741.88	1356
2742.76	1360
2743.63	1352
2744.5	1388
2745.38	1401
2746.25	1429
2747.13	1389
2748	1399
2748.87	1414
2749.75	1399
2750.62	1474
2751.49	1427
2752.36	1428
2753.24	1415
2754.11	1430
2754.98	1453
2755.85	1445
2756.73	1446
2757.6	1460.5
2758.47	1475
2759.34	1446
2760.21	1507
2761.08	1456
2761.96	1488
2762.83	1491
2763.7	1529
2764.57	1532
2765.44	1509
2766.31	1531
2767.18	1532
2768.05	1539
2768.92	1588
2769.79	1599
2770.66	1547
2771.53	1575
2772.4	1646
2773.27	1635
2774.14	1662
2775.01	1679
2775.88	1733
2776.75	1686
2777.62	1744
2778.49	1731
2779.36	1774
2780.22	1796
2781.09	1811
2781.96	1801
2782.83	1847
2783.7	1843
2784.57	1915
2785.43	1892
2786.3	1970
2787.17	1946
2788.04	2014
2788.9	2022
2789.77	2045
2790.64	2121
2791.5	2130
2792.37	2122
2793.24	2192
2794.1	2283
2794.97	2259
2795.84	2344
2796.7	2356
2797.57	2476
2798.44	2499
2799.3	2566
2800.17	2636
2801.03	2737
2801.9	2818
2802.76	2906
2803.63	2979
2804.5	3117
2805.36	3185
2806.23	3334
2807.09	3474
2807.95	3639
2808.82	3803
2809.68	3992
2810.55	4171
2811.41	4426
2812.28	4669
2813.14	4935
2814	5275
2814.87	5580
2815.73	6032
2816.59	6430
2817.46	6821
2818.32	7367
2819.18	7863
2820.05	8445
2820.91	9022
2821.77	9738
2822.63	10506
2823.5	11258
2824.36	11969
2825.22	12699
2826.08	13372
2826.94	13987
2827.81	14742
2828.67	15172
2829.53	15682
2830.39	15674
2831.25	15733
2832.11	15503
2832.98	15138
2833.84	14609
2834.7	14044
2835.56	13471
2836.42	12700
2837.28	12012
2838.14	11332
2839	10492
2839.86	9789
2840.72	9193
2841.58	8563
2842.44	7972
2843.3	7490
2844.16	7104
2845.02	6771
2845.88	6368
2846.73	5967
2847.59	5754
2848.45	5507
2849.31	5302
2850.17	5092
2851.03	4939
2851.89	4724
2852.74	4623
2853.6	4486
2854.46	4350
2855.32	4351
2856.18	4286
2857.03	4256
2857.89	4144
2858.75	4182
2859.6	4114
2860.46	4139
2861.32	4126
2862.18	4154
2863.03	4126
2863.89	4115
2864.74	4159
2865.6	4221
2866.46	4184
2867.31	4311
2868.17	4335
2869.03	4366
2869.88	4445
2870.74	4404
2871.59	4497
2872.45	4491
2873.3	4524
2874.16	4595
2875.01	4612
2875.87	4630
2876.72	4624
2877.58	4612
2878.43	4601
2879.29	4539
2880.14	4640
2880.99	4645
2881.85	4528
2882.7	4590
2883.55	4640
2884.41	4653
2885.26	4648
2886.12	4695
2886.97	4779
2887.82	4739
2888.68	4732
2889.53	4743
2890.38	4811
2891.23	4853
2892.09	4854
2892.94	4842
2893.79	4897
2894.64	4977
2895.49	5003
2896.35	5075
2897.2	5119
2898.05	5204
2898.9	5260
2899.75	5336
2900.6	5386
2901.45	5561
2902.31	5639
2903.16	5703
2904.01	5901
2904.86	5943
2905.71	6008
2906.56	6111
2907.41	6300
2908.26	6342
2909.11	6573
2909.96	6608
2910.81	6869
2911.66	6905
2912.51	7095
2913.36	7193
2914.21	7296
2915.06	7488
2915.9	7653
2916.75	7851
2917.6	8092
2918.45	8180
2919.3	8525
2920.15	8676
2921	8966
2921.84	9195
2922.69	9505
2923.54	9733
2924.39	10003
2925.24	10202
2926.08	10419
2926.93	10523
2927.78	10622
2928.63	10704
2929.47	10975
2930.32	11132
2931.17	11244
2932.01	11434
2932.86	11476
2933.71	11562
2934.55	11732
2935.4	11771
2936.25	12003
2937.09	11967
2937.94	11998
2938.78	12006
2939.63	11904
2940.47	11836
2941.32	11736
2942.16	11631
2943.01	11568
2943.86	11188.3
2944.7	11049.8
2945.54	10720.1
2946.39	10281.9
2947.23	10008.6
2948.08	9738.23
2948.92	9323.03
2949.77	9026.51
2950.61	8762.2
2951.45	8378.62
2952.3	8054.63
2953.14	7799.77
2953.99	7495.49
2954.83	7297.41
2955.67	7006.88
2956.52	6946.53
2957.36	6680.38
2958.2	6514.49
2959.04	6332.55
2959.89	6288.95
2960.73	6156.94
2961.57	6045.68
2962.41	5954.19
2963.26	5849.38
2964.1	5738.3
2964.94	5692.73
2965.78	5663.09
2966.62	5585.6
2967.47	5606.19
2968.31	5526.36
2969.15	5480.78
2969.99	5440.34
2970.83	5393.48
2971.67	5370.26
2972.51	5340.47
2973.35	5317.84
2974.19	5207.71
2975.04	5149.4
2975.88	5053.4
2976.72	4988.91
2977.56	4980.63
2978.4	4880.05
2979.24	4796.24
2980.08	4750.28
2980.92	4703.71
2981.76	4576.73
2982.6	4488.3
2983.43	4445.54
2984.27	4355.21
2985.11	4235.19
2985.95	4168.4
2986.79	4125.83
2987.63	4026.06
2988.47	3970.68
2989.31	3885.06
2990.14	3805.26
2990.98	3763.41
2991.82	3649.32
2992.66	3636.89
2993.5	3500.53
2994.33	3503.64
2995.17	3374.49
2996.01	3368.14
2996.85	3323.4
2997.68	3268.58
2998.52	3197.53
2999.36	3159.47
3000.2	3057.01
3001.03	3048.79
3001.87	2931.26
3002.71	2908.37
3003.54	2864.95
3004.38	2813.67
3005.21	2752.87
3006.05	2723.25
3006.89	2676.32
3007.72	2641.44
3008.56	2598.08
3009.39	2565.05
3010.23	2561.49
3011.06	2520.88
3011.9	2527.99
3012.74	2451.36
3013.57	2446.57
3014.41	2396.97
3015.24	2376
3016.07	2322.34
3016.91	2296.26
3017.74	2305.53
3018.58	2293.53
3019.41	2270.05
3020.25	2233.01
3021.08	2226.5
3021.91	2236.44
3022.75	2174.62
3023.58	2175.21
3024.41	2159.33
3025.25	2127.55
3026.08	2138.58
3026.91	2098.49
3027.75	2100.07
3028.58	2079.78
3028.73	2075
3029.57	2035
3030.4	2033
3031.24	2026
3032.08	1988
3032.92	1975
3033.75	1966
3034.59	1973
3035.42	1931
3036.26	1954
3037.1	1944
3037.93	1958
3038.77	1909
3039.61	1921
3040.44	1883
3041.28	1911
3042.11	1892
3042.95	1866
3043.78	1828
3044.62	1841
3045.45	1787
3046.29	1838
3047.12	1838
3047.96	1811
3048.79	1796
3049.63	1750
3050.46	1791
3051.29	1765
3052.13	1782
3052.96	1746
3053.8	1752
3054.63	1773
3055.46	1719
3056.3	1727
3057.13	1709
3057.96	1708
3058.8	1744
3059.63	1685
3060.46	1690
3061.3	1678
3062.13	1680
3062.96	1674
3063.79	1672
3064.63	1680
3065.46	1696
3066.29	1620
3067.12	1676
3067.95	1651.5
3068.79	1627
3069.62	1650
3070.45	1624
3071.28	1631
3072.11	1654
3072.94	1608
3073.77	1634
3074.6	1595
3075.44	1627
3076.27	1607
3077.1	1571
3077.93	1560
3078.76	1549
3079.59	1577
3080.42	1617
3081.25	1558
3082.08	1531
3082.91	1580
3083.74	1551
3084.57	1563
3085.4	1518
3086.23	1492
3087.05	1499
3087.88	1517
3088.71	1570
3089.54	1518
3090.37	1496
3091.2	1494
3092.03	1508
3092.86	1525
3093.68	1497
3094.51	1518
3095.34	1503
3096.17	1482
3097	1515
3097.82	1494
3098.65	1498
3099.48	1452
3100.31	1483
3101.13	1482
3101.96	1486
3102.79	1462
3103.61	1444
3104.44	1467
3105.27	1473
3106.09	1461
3106.92	1453
3107.75	1451
3108.57	1470
3109.4	1429
3110.22	1445
3111.05	1432
3111.88	1428
3112.7	1406
3113.53	1430
3114.35	1429
3115.18	1440
3116	1414
3116.83	1396
3117.65	1384
3118.48	1402
3119.3	1362
3120.13	1407
3120.95	1376
3121.77	1377
3122.6	1404
3123.42	1391
3124.25	1368
3125.07	1392
3125.89	1396
3126.72	1405
3127.54	1371
3128.36	1365
3129.19	1353
3130.01	1360
3130.83	1384
3131.66	1353
3132.48	1346
3133.3	1354
3134.13	1353
3134.95	1356
3135.77	1366
3136.59	1342
3137.41	1328
3138.24	1384
3139.06	1363
3139.88	1361
3140.7	1329
3141.52	1345
3142.34	1323
3143.17	1346
3143.99	1296
3144.81	1338
3145.63	1328
3146.45	1333
3147.27	1328
3148.09	1336
3148.91	1317
3149.73	1329
3150.55	1341
3151.37	1340
3152.19	1317
3153.01	1341
3153.83	1311
3154.65	1323
3155.47	1307
3156.29	1336
3157.11	1345
3157.93	1306
3158.75	1327
3159.57	1294
3160.39	1324
3161.2	1332
3162.02	1311
3162.84	1308
3163.66	1283
3164.48	1302
3165.3	1314
3166.12	1310
3166.93	1325
3167.75	1304
3168.57	1304
3169.39	1304
3170.2	1321
3171.02	1334
3171.84	1336
3172.65	1351
3173.47	1315
3174.29	1318
3175.11	1303
3175.92	1327
3176.74	1343
3177.56	1345
3178.37	1333
3179.19	1335
3180	1347
3180.82	1360
3181.64	1338
3182.45	1356
3183.27	1368
3184.08	1367
3184.9	1318
3185.71	1329
3186.53	1362
3187.34	1366
3188.16	1367
3188.97	1347
3189.79	1346
3190.6	1364
3191.42	1386
3192.23	1351
3193.05	1393
3193.86	1357
3194.67	1354
3195.49	1380
3196.3	1368
3197.12	1403
3197.93	1413
3198.74	1393
3199.56	1384
3200.37	1410
3201.18	1387
3202	1397
3202.81	1393
3203.62	1406
3204.43	1443
3205.25	1396
3206.06	1402
3206.87	1433
3207.68	1453
3208.5	1428
3209.31	1429
3210.12	1409
3210.93	1443
3211.74	1443
3212.56	1428
3213.37	1422
3214.18	1457
3214.99	1477
3215.8	1421
3216.61	1454
3217.42	1446
3218.23	1495
3219.04	1484
3219.85	1502
3220.66	1486
3221.47	1474
3222.28	1501
3223.09	1481
3223.91	1457
3224.71	1531
3225.52	1455
3226.33	1511
3227.14	1530
3227.95	1495
3228.76	1471
3229.57	1528
3230.38	1500
3231.19	1489
3232	1511
3232.81	1528
3233.62	1525
3234.42	1533
3235.23	1510
3236.04	1546
3236.85	1496
3237.66	1552
3238.47	1570
3239.27	1522
3240.08	1534
3240.89	1521
3241.7	1562
3242.5	1569
3243.31	1544
3244.12	1603
3244.92	1572
3245.73	1575
3246.54	1563
3247.34	1552
3248.15	1545
3248.96	1554
3249.76	1530
3250.57	1583
3251.38	1563
3252.18	1575
3252.99	1572
3253.79	1569
3254.6	1624
3255.41	1599
3256.21	1596
3257.02	1593
3257.82	1580
3258.63	1628
3259.43	1587
3260.24	1601
3261.04	1576
3261.85	1628
3262.65	1616
3263.46	1610
3264.26	1552
3265.06	1589
3265.87	1612
3266.67	1599
3267.48	1565
3268.28	1620
3269.08	1632
3269.89	1614
3270.69	1611
3271.49	1619
3272.3	1602
3273.1	1659
3273.9	1592
3274.71	1623
3275.51	1613
3276.31	1588
3277.11	1629
3277.92	1572
3278.72	1611
3279.52	1618
3280.32	1619
3281.13	1587
3281.93	1581
3282.73	1656
3283.53	1641
3284.33	1590
3285.13	1616
3285.93	1599
3286.74	1578
3287.54	1592
3288.34	1625
3289.14	1620
3289.94	1601
3290.74	1595
3291.54	1628
3292.34	1606
3293.14	1587
3293.94	1599
3294.74	1577
3295.54	1630
3296.34	1582
3297.14	1583
3297.94	1605
3298.74	1606
3299.54	1625
3300.34	1621
3301.14	1626
3301.94	1614
3302.74	1581
3303.53	1626
3304.33	1603
3305.13	1594
3305.93	1607
3306.73	1606
3307.53	1578
3308.33	1577
3309.12	1597
3309.92	1636
3310.72	1621
3311.52	1600
3312.32	1600
3313.11	1603
3313.91	1612
3314.71	1617
3315.5	1636
3316.3	1624
3317.1	1578
3317.9	1607
3318.69	1607
3319.49	1614
3320.29	1624
3321.08	1622
3321.88	1624
3322.67	1600
3323.47	1629
3324.27	1604
3325.06	1595
3325.86	1620
3326.65	1607
3327.45	1644
3328.24	1613
3329.04	1655
3329.84	1591
3330.63	1615
3331.43	1613
3332.22	1590
3333.01	1591
3333.81	1610
3334.6	1621
3335.4	1596
3336.19	1612
3336.99	1616
3337.78	1594
3338.58	1627
3339.37	1637
3340.16	1595
3340.96	1615
3341.75	1585
3342.54	1614
3343.34	1582
3344.13	1625
3344.92	1610
3345.72	1581
3346.51	1596
3347.3	1614
3348.1	1621
3348.89	1605
3349.68	1592
3350.47	1596
3351.26	1585
3352.06	1586
3352.85	1607
3353.64	1571
3354.43	1569
3355.22	1592
3356.02	1557
3356.81	1591
3357.6	1584
3358.39	1598
3359.18	1560
3359.97	1573
3360.76	1609
3361.55	1596
3362.34	1574
3363.13	1581
3363.93	1564
3364.72	1551
3365.51	1569
3366.3	1573
3367.09	1581
3367.88	1573
3368.67	1544
3369.46	1558
3370.25	1522
3371.03	1569
3371.82	1551
3372.61	1541
3373.4	1558
3374.19	1540
3374.98	1533
3375.77	1519
3376.56	1539
3377.35	1544
3378.14	1532
3378.92	1540
3379.71	1501
3380.5	1522
3381.29	1491
3382.08	1530
3382.86	1525
3383.65	1511
3384.44	1504
3385.23	1512
3386.01	1474
3386.8	1498
3387.59	1480
3388.38	1487
3389.16	1510
3389.95	1472
3390.74	1470
3391.52	1494
3392.31	1468
3393.1	1459
3393.88	1480
3394.67	1467
3395.45	1446
3396.24	1480
3397.03	1471
3397.81	1467
3398.6	1483
3399.38	1447
3400.17	1472
3400.95	1429
3401.74	1443
3402.52	1449
3403.31	1440
3404.09	1427
3404.88	1434
3405.66	1448
3406.45	1404
3407.23	1405
3408.02	1436
3408.8	1395
3409.59	1421
3410.37	1423
3411.15	1419
3411.94	1409
3412.72	1394
3413.51	1396
3414.29	1359
3415.07	1399
3415.86	1399
3416.64	1420
3417.42	1381
3418.2	1394
3418.99	1366
3419.77	1393
3420.55	1392
3421.34	1397
3422.12	1368
3422.9	1384
3423.68	1359
3424.47	1379
3425.25	1358
3426.03	1368
3426.81	1376
3427.59	1334
3428.37	1380
3429.16	1327
3429.94	1320
3430.72	1330
3431.5	1298
3432.28	1360
3433.06	1320
3433.84	1333
3434.62	1311
3435.4	1340
3436.18	1315
3436.96	1333
3437.74	1297
3438.52	1308
3439.3	1304
3440.08	1274
3440.86	1302
3441.64	1311
3442.42	1289
3443.2	1278
3443.98	1322
3444.76	1276
3445.54	1288
3446.32	1310
3447.1	1282
3447.88	1286
3448.66	1277
3449.43	1258
3450.21	1250
3450.99	1242
3451.77	1238
3452.55	1267
3453.33	1256
3454.11	1248
3454.88	1249
3455.66	1210
3456.44	1246
3457.22	1263
3457.99	1247
3458.77	1219
3459.55	1242
3460.32	1204
3461.1	1190
3461.88	1209
3462.66	1226
3463.43	1199
3464.21	1212
3464.99	1206
3465.76	1228
3466.54	1214
3467.31	1204
3468.09	1185
3468.87	1167
3469.64	1177
3470.42	1177
3471.19	1154
3471.97	1170
3472.74	1153
3473.52	1162.5
3474.3	1172
3475.07	1150
3475.85	1153
3476.62	1186
3477.4	1155
3478.17	1147
3478.94	1169
3479.72	1130
3480.49	1121
3481.27	1146
3482.04	1113
3482.82	1138
3483.59	1120
3484.36	1135
3485.14	1109
3485.91	1107
3486.68	1110
3487.46	1123
3488.23	1106
3489	1078
3489.78	1080
3490.55	1097
3491.32	1112
3492.1	1084
3492.87	1088
3493.64	1074
3494.41	1041
3495.19	1070
3495.96	1058
3496.73	1094
3497.5	1090
3498.27	1062
3499.05	1064
3499.82	1059
3500.59	1040
3501.36	1048
3502.13	1029
3502.9	1012
3503.67	1050
3504.45	1034
3505.22	1034
3505.99	996
3506.76	1031
3507.53	1038
3508.3	990
3509.07	1002
3509.84	1013
3510.61	1039
3511.38	1019
3512.15	956
3512.92	981
3513.69	1000
3514.46	1019
3515.23	966
3516	982
3516.77	976
3517.54	972
3518.31	993
3519.08	971
3519.85	962
3520.61	990
3521.38	975
3522.15	981
3522.92	976
3523.69	1001
3524.46	945
3525.22	964
3525.99	947
3526.76	961
3527.53	936
3528.3	947
3529.06	937
3529.83	897
3530.6	936
3531.37	937
3532.13	930
3532.9	946
3533.67	943
3534.44	930
3535.2	922
3535.97	888
3536.74	907
3537.5	910
3538.27	900
3539.04	881
3539.8	912
3540.57	901
3541.33	924
3542.1	886
3542.86	910
3543.63	917
3544.4	908
3545.16	895
3545.93	857
3546.69	885
3547.46	876
3548.22	864
3548.99	867
3549.75	880
3550.52	866
3551.28	862
3552.05	863
3552.81	892
3553.58	884
3554.34	861
3555.1	863
3555.87	844
3556.63	865
3557.4	832
3558.16	854
3558.92	850
3559.69	839
3560.45	842
3561.21	850
3561.98	834
3562.74	863
3563.5	848
3564.27	824
3565.03	819
3565.79	823
3566.55	807
3567.32	818
3568.08	822
3568.84	806
3569.6	783
3570.36	826
3571.13	803
3571.89	813
3572.65	807
3573.41	806
3574.17	805
3574.93	818
3575.7	789
3576.46	789
3577.22	809
3577.98	802
3578.74	776
3579.5	779
3580.26	782
3581.02	797
3581.78	771
3582.54	802
3583.3	768
3584.06	762
3584.82	763
3585.58	801
3586.34	792
3587.1	785
3587.86	774
3588.62	769
3589.38	746
3590.14	765
3590.9	764
3591.66	756
3592.42	741
3593.18	753
3593.94	748
3594.69	764
3595.45	768
3596.21	745
3596.97	737
3597.73	755
3598.49	755
3599.24	728
3600	722
3600.76	747
3601.52	728
3602.28	690
3603.03	743
3603.79	711
3604.55	717
3605.31	713
3606.06	731
3606.82	733
3607.58	736
3608.33	725
3609.09	707
3609.85	707
3610.6	738
3611.36	722
3612.12	722
3612.87	707
3613.63	691
3614.38	695
3615.14	699
3615.9	712
3616.65	702
3617.41	708
3618.16	703
3618.92	700
3619.67	709
3620.43	701
3621.18	702
3621.94	687
3622.69	683
3623.45	709
3624.2	691
3624.96	691
3625.71	689
3626.47	701
3627.22	673
3627.97	676
3628.73	673
3629.48	679
3630.24	679
3630.99	671
3631.74	681
3632.5	676
3633.25	662
3634	664
3634.76	671
3635.51	664
3636.26	660
3637.02	653
3637.77	643
3638.52	659
3639.27	648
3640.03	656
3640.78	643
3641.53	673
3642.28	627
3643.04	643
3643.79	614
3644.54	641
3645.29	635
3646.04	611
3646.79	632
3647.55	640
3648.3	624
3649.05	627
3649.8	618
3650.55	634
3651.3	624
3652.05	594
3652.8	637
3653.55	618
3654.3	632
3655.06	625
3655.81	622
3656.56	629
3657.31	637
3658.06	634
3658.81	641
3659.56	634
3660.31	628
3661.06	636
3661.8	616
3662.55	631
3663.3	615
3664.05	630
3664.8	632
3665.55	624
3666.3	624
3667.05	611
3667.8	614
3668.55	586
3669.29	626
3670.04	609
3670.79	615
3671.54	608
3672.29	610
3673.04	618
3673.78	595
3674.53	635
3675.28	631
3676.03	605
3676.77	630
3677.52	612
3678.27	588
3679.02	596.246
3679.76	599.635
3680.51	603.228
3681.26	579.26
3682	601.541
3682.75	620.273
3683.5	612.666
3684.24	605.223
3684.99	595.785
3685.74	593.102
3686.48	588.145
3687.23	583.745
3687.97	599.742
3688.72	599.282
3689.47	593.73
3690.21	584.476
3690.96	605.04
3691.7	595.25
3692.45	600.653
3693.19	579.854
3693.94	608.39
3694.68	588.653
3695.43	594.124
3696.17	586.508
3696.92	589.11
3697.66	580.33
3698.41	582.417
3699.15	588.235
3699.9	582.224
3700.64	589.053
3701.38	570.099
3702.13	595.931
3702.87	597.642
3703.62	588.063
3704.36	575.755
3705.1	577.35
3705.85	588.842
3706.59	593.981
3707.33	579.968
3708.08	577.842
3708.82	577.252
3709.56	568.392
3710.31	591.122
3711.05	558.275
3711.79	563.355
3712.53	573.092
3713.28	577.592
3714.02	575.208
3714.76	575.788
3715.5	562.901
3716.25	580.616
3716.99	575.82
3717.73	591.677
3718.47	587.176
3719.21	565.916
3719.96	559.102
3720.7	564.602
3721.44	580.869
3722.18	567.927
3722.92	565.982
3723.66	575.263
3724.4	570.638
3725.14	573.32
3725.88	562.292
3726.63	585.391
3727.37	580.766
3728.11	573.639
3728.85	566.672
3729.59	564.896
3730.33	570.27
3731.07	570.264
3731.81	561.53
3732.55	562.879
3733.29	561.687
3734.03	557.573
3734.77	554.66
3735.51	572.608
3736.25	563.156
3736.99	573.892
3737.72	572.896
3738.46	555.667
3739.2	572.656
3739.94	562.305
3740.68	574.013
3741.42	558.332
3742.16	547.252
3742.9	576.365
3743.63	553.582
3744.37	560.142
3745.11	571.817
3745.85	563.709
3746.59	576.149
3747.32	577.708
3748.06	567.374
3748.8	568.561
3749.54	566.579
3750.27	564.458
3751.01	583.333
3751.75	568.023
3752.49	560.077
3753.22	558.817
3753.27	559
3754.01	582
3754.75	570
3755.49	550
3756.23	549
3756.97	561
3757.71	572
3758.45	572
3759.2	576
3759.94	578
3760.68	579
3761.42	577
3762.16	577
3762.9	558
3763.64	554
3764.38	577
3765.12	579
3765.86	577
3766.59	581
3767.33	576
3768.07	577
3768.81	576
3769.55	578
3770.29	566
3771.03	566
3771.77	568
3772.51	573
3773.25	567
3773.99	567
3774.72	547
3775.46	547
3776.2	588
3776.94	579
3777.68	567
3778.41	565
3779.15	575
3779.89	553
3780.63	562
3781.37	548
3782.1	574
3782.84	552
3783.58	551
3784.31	575
3785.05	571
3785.79	575
3786.53	568
3787.26	583
3788	567
3788.74	561
3789.47	555
3790.21	562
3790.94	580
3791.68	565
3792.42	552
3793.15	554
3793.89	575
3794.62	543
3795.36	573
3796.1	564
3796.83	564
3797.57	563.5
3798.3	563
3799.04	593
3799.77	578
3800.51	577
3801.24	559
3801.98	563
3802.71	582
3803.45	569
3804.18	570
3804.92	562
3805.65	572
3806.38	572
3807.12	564
3807.85	557
3808.59	556
3809.32	563
3810.05	564
3810.79	599
3811.52	561
3812.25	576
3812.99	595
3813.72	566
3814.45	580
3815.19	569
3815.92	557
3816.65	582
3817.39	576
3818.12	579
3818.85	575
3819.58	550
3820.32	565
3821.05	567
3821.78	558
3822.51	567
3823.24	581
3823.98	567
3824.71	579
3825.44	561
3826.17	559
3826.9	580
3827.63	546
3828.36	579
3829.1	551
3829.83	543
3830.56	558
3831.29	549
3832.02	544
3832.75	536
3833.48	552
3834.21	560
3834.94	552
3835.67	555
3836.4	547
3837.13	571
3837.86	551
3838.59	546
3839.32	561
3840.05	550
3840.78	550
3841.51	557
3842.24	542
3842.97	533
3843.7	543
3844.43	528
3845.16	524
3845.89	545
3846.62	555
3847.34	560
3848.07	544
3848.8	545
3849.53	552
3850.26	541
3850.99	546
3851.72	538
3852.44	534
3853.17	542
3853.9	551
3854.63	566
3855.36	565
3856.08	528
3856.81	535
3857.54	540
3858.26	530
3858.99	522
3859.72	521
3860.45	530
3861.17	546
3861.9	532
3862.63	549
3863.35	538
3864.08	542
3864.81	530
3865.53	546
3866.26	527
3866.99	536
3867.71	539
3868.44	536
3869.16	533
3869.89	526
3870.61	542
3871.34	520
3872.07	511
3872.79	514
3873.52	525
3874.24	495
3874.97	518
3875.69	546
3876.42	518
3877.14	516
3877.87	516
3878.59	544
3879.31	539
3880.04	528
3880.76	541
3881.49	547
3882.21	520
3882.94	522
3883.66	524
3884.38	514
3885.11	523
3885.83	513
3886.55	512
3887.28	532
3888	533
3888.72	510
3889.45	512
3890.17	527
3890.89	541
3891.62	527
3892.34	530
3893.06	521
3893.79	530
3894.51	490
3895.23	528
3895.95	506
3896.67	483
3897.4	535
3898.12	495
3898.84	523
3899.56	516
3900.28	505
3901.01	511
3901.73	502
3902.45	504
3903.17	496
3903.89	513
3904.61	508
3905.33	514
3906.05	525
3906.78	531
3907.5	523
3908.22	504
3908.94	487
3909.66	503
3910.38	519
3911.1	506
3911.82	514
3912.54	519
3913.26	487
3913.98	520
3914.7	489
3915.42	510
3916.14	506
3916.86	507
3917.58	507
3918.3	512
3919.02	494
3919.73	523
3920.45	499
3921.17	504
3921.89	502
3922.61	508
3923.33	515
3924.05	507
3924.77	511
3925.48	525
3926.2	507
3926.92	515
3927.64	519
3928.36	497
3929.08	501
3929.79	521
3930.51	512
3931.23	504
3931.95	531
3932.66	500
3933.38	499
3934.1	503
3934.82	498
3935.53	511
3936.25	522
3936.97	513
3937.68	524
3938.4	500
3939.12	499
3939.83	507
3940.55	529
3941.27	508
3941.98	502
3942.7	494
3943.41	483
3944.13	508
3944.85	501
3945.56	497
3946.28	484
3946.99	529
3947.71	506
3948.42	499
3949.14	508
3949.85	515
3950.57	489
3951.28	527
3952	512
3952.71	491
3953.43	499
3954.14	514
3954.86	498
3955.57	504
3956.29	496
3957	508
3957.71	493
3958.43	514
3959.14	500
3959.86	515
3960.57	502
3961.28	506
3962	524
3962.71	502
3963.42	506
3964.14	500
3964.85	485
3965.56	501
3966.28	493
3966.99	493
3967.7	515
3968.41	497
3969.13	495
3969.84	505
3970.55	496
3971.26	480
3971.98	482
3972.69	489
3973.4	490
3974.11	497
3974.83	485
3975.54	502
3976.25	482
3976.96	487
3977.67	494
3978.38	489
3979.09	511
3979.81	489
3980.52	487
3981.23	487
3981.94	497
3982.65	499
3983.36	487
3984.07	515
3984.78	479
3985.49	505
3986.2	485
3986.91	493
3987.62	490
3988.33	480
3989.04	489
3989.75	486
3990.46	486
3991.17	466
3991.88	488
3992.59	487
3993.3	498
3994.01	471
3994.72	508
3995.43	487
3996.14	465
3996.85	493
3997.56	473
3998.26	463
3998.97	492
3999.68	497
