51.4629	8733
52.7545	9394
54.0474	9915
55.3386	10418
56.6296	10779
57.9203	10952
59.2108	11069
60.5012	11024
61.7928	10899
63.0827	10757
64.3724	10571
65.6619	10477
66.9511	10281
68.2402	10048
69.5291	9868
70.8177	9703
72.1076	9529
73.3958	9267
74.6838	9208
75.9716	8960
77.2592	8865
78.5466	8664
79.8337	8528
81.1207	8370
82.4074	8045
83.694	7849
84.9803	7765
86.2664	7520
87.5523	7406
88.838	7299
90.1235	7143
91.4087	6887
92.6938	6858
93.9786	6737
95.2633	6486
96.5477	6354
97.8319	6280
99.1159	6158
100.4	6029
101.683	5897
102.967	5771
104.25	5544
105.533	5466
106.814	5295
108.097	5174
109.379	5082
110.661	5038
111.943	4911
113.225	4741
114.506	4748
115.787	4666
117.067	4586
118.348	4453
119.628	4367
120.909	4275
122.189	4189
123.469	4150
124.747	3997
126.027	3939
127.306	3904
128.586	3797
129.865	3810
131.142	3725
132.42	3609
133.699	3606
134.977	3532
136.253	3498
137.531	3448
138.809	3381
140.085	3428
141.362	3338
142.639	3311
143.915	3285
145.19	3278
146.466	3205
147.743	3214
149.017	3229
150.293	3138
151.568	3150
152.842	3082
154.117	3081
155.39	3104
156.665	3038
157.939	3005
159.212	2947
160.486	2952
161.758	2938
163.032	2868
164.305	2832
165.577	2845
166.85	2806
168.121	2852
169.393	2750
170.664	2722
171.936	2769
173.208	2712
174.479	2769
175.75	2716
177.02	2691
178.291	2714
179.56	2675
180.831	2683
182.1	2674
183.369	2623
184.639	2575
185.907	2639
187.177	2628
188.445	2662
189.714	2657
190.981	2653
192.25	2642
193.517	2620
194.784	2600
196.053	2634
197.319	2619
198.587	2639
199.853	2629
201.119	2575
202.386	2583
203.652	2552
204.917	2617
206.183	2618
207.448	2586
208.713	2605
209.979	2553
211.243	2559
212.507	2577
213.771	2638
215.036	2587
216.299	2570
217.563	2524
218.827	2520
220.09	2500
221.353	2542
222.615	2541
223.879	2523
225.141	2502
226.403	2527
227.664	2469
228.925	2503
230.188	2490
231.449	2490
232.71	2488
233.97	2500
235.231	2507
236.491	2502
237.752	2465
239.012	2448
240.272	2464
241.531	2480
242.79	2456
244.049	2472
245.308	2520
246.566	2449
247.826	2454
249.084	2430
250.342	2441
251.6	2420
252.857	2449
254.115	2397
255.372	2426.5
256.629	2456
257.885	2466
259.142	2423
260.398	2448
261.654	2393
262.91	2383
264.166	2417
265.421	2426
266.677	2379
267.932	2434
269.187	2403
270.441	2413
271.696	2414
272.95	2325
274.204	2373
275.458	2373
276.712	2430
277.964	2380
279.217	2415
280.47	2402
281.723	2403
282.975	2418
284.228	2461
285.48	2402
286.732	2424
287.984	2381
289.234	2419
290.485	2380
291.737	2419
292.988	2383
294.239	2414
295.488	2410
296.738	2384
297.988	2428
299.238	2415
300.488	2441
301.736	2413
302.986	2391
304.235	2443
305.484	2466
306.731	2456
307.98	2375
309.228	2395
310.477	2397
311.723	2399
312.971	2419
314.218	2400
315.464	2393
316.712	2388
317.959	2382
319.204	2412
320.451	2373
321.697	2469
322.942	2391
324.188	2449
325.432	2458
326.678	2448
327.923	2405
329.167	2456
330.412	2438
331.655	2425
332.9	2455
334.144	2448
335.387	2471
336.631	2514
337.873	2499
339.117	2505
340.359	2473
341.602	2464
342.843	2499
344.086	2462
345.327	2539
346.57	2525
347.81	2556
349.052	2510
350.293	2531
351.534	2553
352.774	2555
354.016	2543
355.255	2475
356.496	2543
357.735	2525
358.974	2553
360.214	2505
361.453	2507
362.693	2540
363.931	2558
365.169	2590
366.408	2588
367.645	2604
368.883	2593
370.121	2612
371.358	2645
372.595	2640
373.833	2585
375.07	2585
376.306	2564
377.543	2582
378.779	2569
380.014	2560
381.251	2536
382.486	2519
383.721	2485
384.956	2514
386.192	2498
387.427	2522
388.661	2491
389.895	2478
391.129	2463
392.364	2538
393.597	2493
394.83	2533
396.063	2511
397.296	2544
398.53	2565
399.763	2580
400.995	2593
402.227	2580
403.459	2602
404.69	2574
405.922	2645
407.154	2631
408.385	2678
409.616	2683
410.847	2775
412.077	2837
413.308	2839
414.538	2917
415.767	2962
416.997	3021
418.227	3060
419.456	3147
420.685	3214
421.914	3292
423.142	3321
424.371	3436
425.599	3522
426.827	3573
428.055	3689
429.283	3654
430.51	3653
431.738	3711
432.965	3595
434.192	3574
435.418	3551
436.645	3552
437.871	3448
439.097	3425
440.323	3397
441.549	3305
442.773	3346
443.998	3251
445.224	3237
446.449	3146
447.673	3108
448.898	3116
450.122	3016
451.345	2990
452.569	2981
453.793	2911
455.016	2900
456.24	2879
457.461	2863
458.684	2856
459.907	2826
461.13	2815
462.351	2711
463.573	2727
464.795	2780
466.017	2745
467.237	2732
468.459	2739
469.68	2683
470.901	2716
472.12	2680
473.341	2694
474.561	2662
475.78	2678
477	2708
478.22	2638
479.439	2646
480.658	2622
481.877	2652
483.095	2626
484.314	2593
485.531	2644
486.75	2643
487.968	2619
489.185	2591
490.403	2627
491.619	2635
492.837	2594
494.053	2603
495.27	2654
496.485	2596
497.702	2632
498.919	2623
500.134	2597
501.35	2685
502.564	2637
503.779	2666
504.995	2699
506.209	2626
507.424	2654
508.637	2685
509.852	2683
511.065	2710
512.28	2605
513.493	2670
514.707	2616
515.919	2660
517.132	2639
518.345	2580
519.557	2659
520.769	2632
521.982	2611
523.193	2617
524.406	2620
525.616	2632
526.827	2696
528.039	2613
529.25	2684
530.46	2683
531.67	2658
532.881	2664
534.09	2683
535.3	2670
536.51	2623
537.719	2646
538.928	2670
540.137	2716
541.347	2649
542.555	2663
543.763	2691
544.971	2649
546.179	2656
547.388	2673
548.595	2657
549.802	2659
551.009	2605
552.216	2632
553.422	2596
554.63	2622
555.836	2560
557.042	2634
558.248	2612
559.453	2595
560.659	2613
561.864	2571
563.069	2549
564.274	2515
565.48	2576
566.684	2573
567.888	2559
569.092	2559
570.296	2537
571.5	2581
572.703	2620
573.907	2579
575.11	2586
576.313	2585
577.515	2582
578.718	2600
579.92	2618
581.122	2626
582.324	2576
583.526	2647
584.728	2645
585.929	2623
587.129	2693
588.33	2692
589.531	2695
590.731	2749
591.932	2741
593.132	2778
594.332	2756
595.532	2784
596.732	2791
597.93	2750
599.129	2800
600.328	2788
601.527	2784
602.726	2707
603.924	2708
605.121	2690
606.319	2677
607.517	2688
608.715	2675
609.913	2717
611.109	2643
612.306	2646
613.503	2655
614.699	2690
615.895	2660
617.092	2692
618.288	2695
619.483	2697
620.679	2683
621.874	2678
623.068	2700
624.264	2715
625.459	2727
626.652	2729
627.847	2719
629.042	2704
630.235	2694
631.429	2683
632.623	2704
633.815	2726
635.009	2695
636.201	2748
637.394	2796
638.586	2717
639.779	2689
640.972	2726
642.163	2703
643.355	2710
644.546	2712
645.738	2734
646.928	2727
648.12	2760
649.31	2731
650.501	2704
651.691	2771
652.882	2751
654.071	2716
655.261	2780
656.45	2805
657.639	2721
658.829	2781
660.017	2747
661.207	2767
662.394	2759
663.582	2777
664.771	2815
665.959	2785
667.147	2821
668.334	2834
669.521	2820
670.709	2812
671.896	2825
673.082	2816
674.269	2866
675.455	2821
676.641	2843
677.828	2849
679.013	2804
680.198	2902
681.383	2901
682.569	2857
683.754	2920
684.938	2930
686.123	2889
687.308	2912
688.492	2964
689.676	2896
690.859	2947
692.042	2932
693.227	2916
694.41	2917
695.593	2947
696.775	2927
697.957	2913
699.14	2915
700.323	2957
701.505	2958
702.686	2963
703.868	2948
705.049	2974
706.23	2919
707.411	2993
708.592	2923
709.772	2947
710.953	2968
712.133	3065
713.313	2976
714.493	2953
715.672	3018
716.852	3010
718.031	2995
719.21	2985
720.389	2967
721.567	2973
722.746	2975
723.924	3001
725.102	2953
726.28	2965
727.458	2979
728.636	3026
729.813	2952
730.99	2952
732.167	2955
733.344	3016
734.521	2994
735.697	3037
736.872	2948
738.048	3002
739.224	3010
740.4	2962
741.575	2963
742.751	2992
743.925	3040
745.1	3068
746.274	3016
747.449	3044
748.623	3103
749.796	3030
750.97	3101
752.144	3149
753.318	3062
754.49	3089
755.664	3083
756.837	3129
758.01	3127
759.181	3123
760.354	3153
761.526	3198
762.697	3130
763.869	3142
765.041	3177
766.211	3178
767.383	3181
768.554	3207
769.724	3195
770.895	3217
772.064	3201
773.235	3268
774.405	3292
775.574	3236
776.744	3235
777.913	3290
779.083	3245
780.251	3262
781.42	3320
782.589	3280
783.757	3289
784.926	3235
786.093	3302
787.261	3285
788.428	3287
789.596	3338
790.763	3286
791.93	3281
793.097	3313
794.263	3221
795.43	3304
796.595	3387
797.762	3318
798.927	3329
800.094	3279
801.259	3319
802.423	3314
803.589	3308
804.754	3350
805.918	3275
807.083	3400
808.247	3349
809.41	3346
810.575	3303
811.738	3360
812.902	3350
814.066	3356
815.229	3376
816.391	3413
817.555	3377
818.717	3458
819.879	3428
821.041	3460
822.204	3468
823.365	3589
824.526	3508
825.688	3576
826.848	3582
828.011	3628
829.171	3643
830.331	3689
831.492	3661
832.652	3663
833.811	3669
834.972	3699
836.132	3697
837.291	3652
838.45	3657
839.609	3618
840.768	3612
841.927	3605
843.085	3596
844.243	3597
845.401	3688
846.559	3633
847.717	3600
848.876	3648
850.033	3697
851.19	3746
852.347	3715
853.504	3743
854.66	3836
855.817	3817
856.973	3885
858.128	3962
859.284	4097
860.439	4126
861.595	4189
862.75	4300
863.905	4455
865.06	4583
866.215	4897
867.37	5110
868.524	5371
869.679	5718
870.831	6200
871.985	6929
873.139	7558
874.293	8330
875.446	9212
876.599	10198
877.751	11039
878.904	11562
880.056	12065
881.209	12280
882.361	12070
883.512	11653
884.664	11041
885.816	10180
886.967	9229
888.117	8437
889.269	7599
890.42	6855
891.57	6213
892.72	5629
893.87	5245
895.021	4932
896.17	4640
897.32	4507
898.469	4273
899.618	4133
900.767	4040
901.917	3939
903.064	3927
904.213	3785
905.361	3741
906.509	3696
907.658	3636
908.805	3564
909.953	3549
911.099	3534
912.247	3502
913.393	3540
914.54	3462
915.686	3468
916.833	3443
917.979	3417
919.125	3359
920.27	3426
921.417	3410
922.561	3454
923.707	3421
924.852	3392
925.997	3369
927.141	3380
928.285	3403
929.43	3432
930.574	3435
931.719	3405
932.862	3413
934.005	3393
935.149	3388
936.292	3390
937.434	3378
938.578	3375
939.72	3326
940.862	3368
942.005	3388
943.147	3378
944.288	3403
945.431	3399
946.572	3383
947.713	3384
948.853	3358
949.995	3440
951.135	3404
952.276	3390
953.416	3433
954.557	3414
955.697	3380
956.836	3386
957.975	3418
959.115	3418
960.255	3356
961.394	3393
962.532	3393
963.671	3375
964.809	3359
965.947	3382
967.085	3395
968.223	3388
969.362	3387
970.499	3374
971.636	3374
972.773	3332
973.91	3382
975.047	3393
976.183	3411
977.32	3440
978.456	3399
979.592	3385
980.728	3414
981.863	3390
982.999	3371
984.134	3386
985.269	3386
986.404	3365
987.539	3385
988.674	3358
989.808	3374
990.942	3406
992.075	3355
993.209	3369
994.343	3366
995.476	3361
996.61	3352
997.743	3314
998.876	3402
1000.01	3394
1001.14	3332
1002.27	3374
1003.41	3372
1004.54	3386
1005.67	3376
1006.8	3376
1007.93	3441
1009.06	3471
1010.19	3423
1011.33	3418
1012.46	3444
1013.59	3459
1014.72	3520
1015.85	3587
1016.98	3651
1018.11	3600
1019.24	3665
1020.36	3745
1021.49	3819
1022.62	3840
1023.75	3878
1024.88	3894
1026.01	3978
1027.14	4016
1028.27	4064
1029.39	4139
1030.52	4181
1031.65	4242
1032.78	4361
1033.9	4342
1035.03	4403
1036.16	4502
1037.28	4558
1038.41	4623
1039.53	4694
1040.66	4796
1041.79	4900
1042.91	5017
1044.04	5122
1045.16	5214
1046.29	5349
1047.41	5388
1048.54	5393
1049.66	5392
1050.79	5345
1051.91	5326
1053.04	5239
1054.16	5111
1055.28	4964
1056.41	4823
1057.53	4725
1058.65	4551
1059.78	4478
1060.9	4290
1062.02	4209
1063.14	4121
1064.27	4070
1065.39	4028
1066.51	4000
1067.63	3966
1068.75	3950
1069.87	3991
1070.99	4011
1072.12	4001
1073.24	4029
1074.36	4071
1075.48	4030
1076.6	4101
1077.72	4276
1078.84	4228
1079.96	4327
1081.08	4308
1082.19	4441
1083.31	4526
1084.43	4646
1085.55	4817
1086.67	4855
1087.79	5008
1088.91	5073
1090.02	5233
1091.14	5281
1092.26	5330
1093.38	5397
1094.49	5384
1095.61	5310
1096.73	5241
1097.85	5046
1098.96	5019
1100.08	4837
1101.19	4722
1102.31	4547
1103.43	4386
1104.54	4220
1105.66	4137
1106.77	4050
1107.89	4003
1109	3984
1110.12	3892
1111.23	3807
1112.35	3754
1113.46	3760
1114.57	3710
1115.69	3683
1116.8	3683
1117.91	3649
1119.03	3665
1120.14	3566
1121.25	3571
1122.37	3535
1123.48	3493
1124.59	3440
1125.7	3380
1126.82	3387
1127.93	3317
1129.04	3301
1130.15	3256
1131.26	3167
1132.37	3173
1133.48	3165
1134.59	3125
1135.7	3109
1136.81	3049
1137.92	3034
1139.04	3006
1140.14	3045
1141.25	2959
1142.36	2950
1143.47	2955
1144.58	2916
1145.69	2885
1146.8	2862
1147.91	2881
1149.02	2912
1150.12	2817
1151.23	2804
1152.34	2827
1153.45	2783
1154.56	2800.16
1155.66	2764.97
1156.77	2764.08
1157.88	2768.29
1158.98	2746.07
1160.09	2725
1161.2	2702.35
1162.3	2715.67
1163.41	2718.61
1164.51	2700.31
1165.62	2689.86
1166.73	2638.72
1167.83	2655.8
1168.94	2643.34
1170.04	2635.34
1171.15	2596.46
1172.25	2599.97
1173.35	2647.51
1174.46	2607.48
1175.56	2612.28
1176.67	2586.14
1177.77	2595.51
1178.87	2592.89
1179.98	2539.37
1181.08	2563.47
1182.18	2579.12
1183.29	2543.66
1184.39	2579.61
1185.49	2540.33
1186.59	2562.79
1187.7	2568.93
1188.8	2562.87
1189.9	2533.1
1191	2529.18
1192.1	2529.88
1193.2	2550.11
1194.3	2556.25
1195.4	2537.18
1196.51	2530.11
1197.61	2551.62
1198.71	2566.19
1199.81	2554.84
1200.91	2563.88
1202.01	2535.97
1203.11	2548.44
1204.2	2577.17
1205.31	2530.19
1206.4	2553.93
1207.5	2556.17
1208.6	2561.1
1209.7	2519.87
1210.8	2544.03
1211.9	2535.81
1212.99	2541.75
1214.09	2546.61
1215.19	2562.73
1216.29	2580.93
1217.38	2561.69
1218.48	2575.2
1219.58	2594.88
1220.67	2625.21
1221.77	2599.65
1222.87	2597.28
1223.96	2656.79
1225.06	2632.16
1226.16	2631.91
1227.25	2631.86
1228.35	2657.52
1229.44	2661.19
1230.54	2675.04
1231.63	2671.19
1232.73	2684.26
1233.82	2698.08
1234.92	2691.72
1236.01	2678.71
1237.1	2690.22
1238.2	2710.73
1239.29	2725.74
1240.39	2693.58
1241.48	2720.25
1242.57	2703.78
1243.66	2724.95
1244.76	2764.86
1245.85	2750.9
1246.94	2755.85
1248.03	2820.4
1249.13	2838.32
1250.22	2849.77
1251.31	2842.45
1252.4	2863.3
1253.49	2879.36
1254.59	2917.02
1255.68	3009.33
1256.77	3028.58
1257.86	3039.22
1258.95	3092.91
1260.04	3161.25
1261.13	3202.22
1262.22	3267.92
1263.31	3357.57
1264.4	3420.69
1265.49	3506.41
1265.94	3556
1267.03	3591
1268.13	3662
1269.22	3767
1270.31	3758
1271.41	3831
1272.5	3886
1273.6	3849
1274.69	3852
1275.78	3835
1276.88	3755
1277.97	3736
1279.06	3626
1280.15	3514
1281.25	3480
1282.34	3408
1283.43	3336
1284.52	3253
1285.61	3132
1286.71	3087
1287.8	3064
1288.89	3049
1289.98	3020
1291.07	2926
1292.16	2875
1293.25	2846
1294.34	2835
1295.43	2888
1296.52	2868
1297.61	2788
1298.7	2813
1299.79	2769
1300.88	2765
1301.97	2725
1303.06	2725
1304.15	2716
1305.23	2715
1306.32	2700
1307.41	2656
1308.5	2685
1309.59	2672
1310.67	2630
1311.76	2656
1312.85	2625
1313.94	2602
1315.02	2593
1316.11	2625
1317.2	2616.5
1318.28	2608
1319.37	2588
1320.46	2589
1321.54	2621
1322.63	2575
1323.71	2579
1324.8	2546
1325.88	2572
1326.97	2572
1328.05	2579
1329.14	2624
1330.22	2574.5
1331.31	2525
1332.39	2570
1333.48	2574
1334.56	2548
1335.64	2570
1336.73	2543
1337.81	2515
1338.89	2557
1339.98	2578
1341.06	2565
1342.14	2568
1343.22	2552
1344.31	2539
1345.39	2496
1346.47	2564
1347.55	2554
1348.63	2538
1349.72	2552
1350.8	2544
1351.88	2583
1352.96	2573
1354.04	2554
1355.12	2613
1356.2	2611
1357.28	2609
1358.36	2603
1359.44	2623
1360.52	2607
1361.6	2617
1362.68	2613
1363.76	2659
1364.84	2674
1365.92	2681
1366.99	2722
1368.07	2709
1369.15	2746
1370.23	2698
1371.31	2776
1372.39	2794
1373.46	2833
1374.54	2828
1375.62	2867
1376.7	2873
1377.77	2969
1378.85	2950
1379.92	2969
1381	2920
1382.08	2981
1383.15	2989
1384.23	2996
1385.31	3006
1386.38	3010
1387.46	3027
1388.53	3037
1389.61	3011
1390.68	3059
1391.76	3007
1392.83	3115
1393.91	3072
1394.98	3060
1396.05	3157
1397.13	3181
1398.2	3192
1399.28	3193
1400.35	3309
1401.42	3323
1402.5	3326
1403.57	3318
1404.64	3315
1405.71	3368
1406.79	3300
1407.86	3358
1408.93	3322
1410	3356
1411.07	3353
1412.14	3314
1413.22	3341
1414.29	3380
1415.36	3449
1416.43	3393
1417.5	3366
1418.57	3465
1419.64	3461
1420.71	3433
1421.78	3446
1422.85	3476
1423.92	3470
1424.99	3477
1426.06	3613
1427.13	3602
1428.2	3619
1429.27	3681
1430.33	3733
1431.4	3833
1432.47	3880
1433.54	3915
1434.61	4010
1435.68	4085
1436.74	4193
1437.81	4335
1438.88	4458
1439.95	4596
1441.01	4676
1442.08	4833
1443.15	5020
1444.21	5242
1445.28	5326
1446.35	5572
1447.41	5600
1448.48	5717
1449.54	5773
1450.61	5922
1451.67	5966
1452.74	5991
1453.8	5820
1454.87	5814
1455.93	5672
1457	5549
1458.06	5418
1459.12	5201
1460.19	5036
1461.25	4827
1462.32	4702
1463.38	4538
1464.44	4426
1465.51	4302
1466.57	4208
1467.63	4083
1468.69	3992
1469.76	3985
1470.82	3948
1471.88	3878
1472.94	3874
1474.01	3782
1475.07	3883
1476.13	3801
1477.19	3805
1478.25	3866
1479.31	3812
1480.37	3792
1481.43	3829
1482.49	3743
1483.55	3750
1484.61	3727
1485.67	3624
1486.73	3566
1487.79	3520
1488.85	3403
1489.91	3311
1490.97	3331
1492.03	3222
1493.09	3183
1494.15	3113
1495.2	3042
1496.26	2983
1497.32	3002
1498.38	2970
1499.44	2901
1500.49	2826
1501.55	2840
1502.61	2775
1503.67	2804
1504.72	2762
1505.78	2735
1506.84	2740
1507.89	2684
1508.95	2667
1510	2667
1511.06	2643
1512.12	2634
1513.17	2554
1514.23	2576
1515.28	2573
1516.34	2485
1517.39	2551
1518.45	2534
1519.5	2472
1520.56	2474
1521.61	2498
1522.66	2430
1523.72	2349
1524.77	2377
1525.82	2407
1526.88	2374
1527.93	2351
1528.99	2332
1530.04	2315
1531.09	2326
1532.14	2319
1533.2	2315
1534.25	2292
1535.3	2280
1536.35	2263
1537.4	2261
1538.45	2270
1539.51	2254
1540.56	2203
1541.61	2250
1542.66	2219
1543.71	2191
1544.76	2150
1545.81	2214
1546.86	2192
1547.91	2135
1548.96	2117
1550.01	2132
1551.06	2122
1552.11	2124
1553.16	2166
1554.21	2130
1555.26	2130
1556.31	2150
1557.35	2110
1558.4	2069
1559.45	2096
1560.5	2078
1561.55	2088
1562.6	2073
1563.64	2063
1564.69	2027
1565.74	2069
1566.79	2030
1567.83	2089
1568.88	2033
1569.93	2033
1570.97	2050
1572.02	2043
1573.06	2040
1574.11	2072
1575.16	2051
1576.2	2006
1577.25	2086
1578.29	2099
1579.34	2056
1580.38	2096
1581.43	2061
1582.47	2023
1583.52	2050
1584.56	2074
1585.61	2038
1586.65	2054
1587.69	2025
1588.74	2089
1589.78	2034
1590.82	2024
1591.87	2040
1592.91	2061
1593.95	2085
1594.99	2035
1596.04	2129
1597.08	2116
1598.12	2021
1599.16	2096
1600.21	2100
1601.25	2079
1602.29	2091
1603.33	2106
1604.37	2134
1605.41	2101
1606.45	2115
1607.49	2142
1608.54	2134
1609.58	2146
1610.62	2172
1611.66	2149
1612.7	2155
1613.74	2122
1614.78	2156
1615.81	2122
1616.85	2161
1617.89	2183
1618.93	2190
1619.97	2176
1621.01	2120
1622.05	2166
1623.09	2116
1624.12	2173
1625.16	2151
1626.2	2192
1627.24	2145
1628.28	2208
1629.31	2170
1630.35	2238
1631.39	2228
1632.42	2292
1633.46	2338
1634.5	2299
1635.53	2377
1636.57	2454
1637.61	2421
1638.64	2425
1639.68	2462
1640.71	2413
1641.75	2358
1642.78	2314
1643.82	2237
1644.85	2192
1645.89	2208
1646.92	2153
1647.96	2108
1648.99	2070
1650.02	2058
1651.06	2050
1652.09	2011
1653.13	2068
1654.16	2032
1655.19	2027
1656.23	1985
1657.26	2022
1658.29	1996
1659.32	2022
1660.36	1997
1661.39	2025
1662.42	1934
1663.45	1975
1664.48	1989
1665.52	1970
1666.55	1951
1667.58	1948
1668.61	1958
1669.64	1959
1670.67	1973
1671.7	1904
1672.73	1979
1673.76	1919
1674.79	1907
1675.82	1939
1676.85	1906
1677.88	1954
1678.91	1933
1679.94	1957
1680.97	1883
1682	1921
1683.03	1948
1684.06	1935
1685.09	1925
1686.12	1931
1687.14	1904
1688.17	1904
1689.2	1906
1690.23	1935
1691.25	1954
1692.28	1924
1693.31	1900
1694.34	1924
1695.36	1865
1696.39	1948
1697.42	1936
1698.44	1963
1699.47	1986
1700.5	1988
1701.52	1940
1702.55	1992
1703.57	1963
1704.6	1985
1705.62	1959
1706.65	1982
1707.68	1957
1708.7	1925
1709.73	1890
1710.75	1949
1711.77	1966
1712.8	1951
1713.82	1952
1714.85	1912
1715.87	1955
1716.89	1979
1717.92	1962
1718.94	1913
1719.96	1935
1720.99	1916
1722.01	1985
1723.03	1975
1724.05	1959
1725.08	1977
1726.1	1930
1727.12	1996
1728.14	1965
1729.17	1973
1730.19	1940
1731.21	1905
1732.23	1894
1733.25	1854
1734.27	1793
1735.29	1850
1736.31	1854
1737.33	1791
1738.35	1817
1739.37	1799
1740.39	1816
1741.41	1775
1742.43	1805
1743.45	1747
1744.47	1808
1745.49	1768
1746.51	1781
1747.53	1748
1748.55	1777
1749.57	1771
1750.58	1776
1751.6	1769
1752.62	1824
1753.64	1757
1754.66	1782
1755.67	1764
1756.69	1787
1757.71	1805
1758.73	1818
1759.74	1770
1760.76	1798
1761.78	1784
1762.79	1783
1763.81	1800
1764.83	1793
1765.84	1804
1766.86	1801
1767.87	1827
1768.89	1803
1769.9	1813
1770.92	1823
1771.93	1773
1772.95	1785
1773.96	1795
1774.98	1832
1775.99	1798
1777.01	1812
1778.02	1842
1779.04	1830
1780.05	1822
1781.06	1818
1782.08	1872
1783.09	1824
1784.1	1833
1785.12	1843
1786.13	1795
1787.14	1836
1788.15	1823
1789.17	1849
1790.18	1843
1791.19	1809
1792.2	1856
1793.21	1850
1794.23	1831
1795.24	1822
1796.25	1851
1797.26	1836
1798.27	1826
1799.28	1834
1800.29	1811
1801.3	1787
1802.31	1834
1803.32	1799
1804.33	1821
1805.34	1827
1806.35	1846
1807.36	1816
1808.37	1826
1809.38	1809
1810.39	1826
1811.4	1843
1812.41	1805
1813.42	1803
1814.42	1823
1815.43	1807
1816.44	1802
1817.45	1826
1818.46	1761
1819.46	1803
1820.47	1779
1821.48	1778
1822.49	1803
1823.49	1779
1824.5	1783
1825.51	1786
1826.51	1784
1827.52	1794
1828.53	1791
1829.53	1756
1830.54	1739
1831.55	1715
1832.55	1770
1833.56	1723
1834.56	1734
1835.57	1740
1836.57	1726
1837.58	1722
1838.58	1714
1839.59	1725
1840.59	1656
1841.59	1664
1842.6	1642
1843.6	1647
1844.61	1640
1845.61	1633
1846.61	1644
1847.62	1666
1848.62	1633
1849.62	1641
1850.63	1609
1851.63	1629
1852.63	1638
1853.63	1594
1854.64	1587
1855.64	1587
1856.64	1568
1857.64	1622
1858.64	1590
1859.64	1575
1860.65	1565
1861.65	1583
1862.65	1562
1863.65	1590
1864.65	1563
1865.65	1609
1866.65	1553
1867.65	1588
1868.65	1536
1869.65	1588
1870.65	1577
1871.65	1589
1872.65	1535
1873.65	1615
1874.65	1605
1875.65	1525
1876.65	1575
1877.64	1579
1878.64	1573
1879.64	1570
1880.64	1548
1881.64	1546
1882.64	1588
1883.63	1605
1884.63	1526
1885.63	1577
1886.63	1591
1887.62	1536
1888.62	1531
1889.62	1564
1890.61	1590
1891.61	1570
1892.61	1625
1893.6	1610
1894.6	1586
1895.59	1554
1896.59	1563.5
1897.59	1573
1898.58	1573
1899.58	1554
1900.57	1579
1901.57	1598
1902.56	1597
1903.56	1627
1904.55	1554
1905.55	1580
1906.54	1577
1907.53	1601
1908.53	1602
1909.52	1586
1910.51	1596
1911.51	1596
1912.5	1597
1913.49	1580
1914.49	1594
1915.48	1587
1916.47	1588
1917.47	1622
1918.46	1590
1919.45	1582
1920.44	1589
1921.43	1593
1922.43	1605
1923.42	1576
1924.41	1614
1925.4	1586
1926.39	1574
1927.38	1595
1928.37	1608
1929.36	1595
1930.35	1624
1931.35	1611
1932.34	1579
1933.33	1579
1934.32	1589
1935.31	1594
1936.29	1635
1937.29	1597
1938.27	1598
1939.26	1625
1940.25	1625
1941.24	1606
1942.23	1587
1943.22	1566
1944.21	1579
1945.2	1587
1946.18	1553
1947.17	1592
1948.16	1564
1949.15	1580
1950.13	1619
1951.12	1543
1952.11	1552
1953.1	1554
1954.08	1589
1955.07	1565
1956.06	1572
1957.04	1563
1958.03	1533
1959.02	1547
1960	1566
1960.99	1515
1961.97	1510
1962.96	1518
1963.94	1537
1964.93	1507
1965.91	1510
1966.9	1523
1967.88	1519
1968.87	1505
1969.85	1506
1970.84	1505
1971.82	1513
1972.8	1508
1973.79	1473
1974.77	1505
1975.76	1464
1976.74	1446
1977.72	1467
1978.71	1465
1979.69	1452
1980.67	1465
1981.65	1479
1982.64	1466
1983.62	1492
1984.6	1478
1985.58	1497
1986.57	1508
1987.55	1510
1988.53	1487
1989.51	1494
1990.49	1504
1991.47	1455
1992.45	1478
1993.43	1469
1994.42	1482
1995.4	1483
1996.38	1467
1997.36	1462
1998.34	1489
1999.32	1473
2000.3	1513
2001.28	1485
2002.26	1500
2003.23	1526
2004.21	1508
2005.19	1508
2006.17	1496
2007.15	1503
2008.13	1469
2009.11	1517
2010.09	1534
2011.06	1504
2012.04	1506
2013.02	1482
2014	1489
2014.98	1485
2015.95	1526
2016.93	1500
2017.91	1545
2018.88	1521
2019.86	1543
2020.84	1509
2021.81	1546
2022.79	1505
2023.77	1523
2024.74	1556
2025.72	1538
2026.69	1531
2027.67	1526
2028.65	1542
2029.62	1574
2030.6	1549
2031.57	1560
2032.55	1543
2033.52	1550
2034.5	1558
2035.47	1494
2036.44	1562
2037.42	1538
2038.39	1515
2039.37	1564
2040.34	1554
2041.31	1541
2042.29	1582
2043.26	1570
2044.23	1559
2045.21	1567
2046.18	1562
2047.15	1540
2048.12	1551
2049.1	1586
2050.07	1553
2051.04	1550
2052.01	1507
2052.98	1500
2053.96	1529
2054.93	1519
2055.9	1500
2056.87	1501
2057.84	1521
2058.81	1537
2059.78	1465
2060.75	1509
2061.72	1521
2062.69	1540
2063.66	1502
2064.63	1518
2065.6	1497
2066.57	1514
2067.54	1520
2068.51	1526
2069.48	1527
2070.45	1513
2071.42	1548
2072.39	1550
2073.36	1518
2074.32	1505
2075.29	1526
2076.26	1541
2077.23	1528
2078.2	1546
2079.16	1492
2080.13	1505
2081.1	1503
2082.07	1504
2083.03	1488
2084	1444
2084.97	1458
2085.93	1451
2086.9	1483
2087.87	1472
2088.83	1470
2089.8	1449
2090.77	1488
2091.73	1464
2092.7	1474
2093.66	1492
2094.63	1469
2095.59	1482
2096.56	1458
2097.52	1482
2098.49	1456
2099.45	1493
2100.42	1459
2101.38	1466
2102.35	1459
2103.31	1448
2104.27	1459
2105.24	1463
2106.2	1478
2107.16	1461
2108.13	1435
2109.09	1443
2110.05	1407.13
2111.02	1416.35
2111.98	1405.83
2112.94	1405.45
2113.9	1451.89
2114.87	1438.67
2115.83	1453.39
2116.79	1455.93
2117.75	1439.42
2118.71	1459.63
2119.68	1443.4
2120.64	1434.08
2121.6	1427.16
2122.56	1412.62
2123.52	1445.08
2124.48	1430.96
2125.44	1432.72
2126.4	1449.76
2127.36	1435.92
2128.32	1472.77
2129.28	1461.62
2130.24	1461.73
2131.2	1473.66
2132.16	1467.38
2133.12	1449.72
2134.08	1454.03
2135.04	1437.08
2136	1483.8
2136.96	1470.05
2137.92	1465.44
2138.88	1478.05
2139.83	1480.2
2140.79	1481.22
2141.75	1485.31
2142.71	1466.33
2143.67	1473.98
2144.62	1492.4
2145.58	1445.61
2146.54	1478.66
2147.5	1489.47
2148.45	1495.9
2149.41	1457.42
2150.37	1482.62
2151.32	1471.06
2152.28	1486.65
2153.24	1468.79
2154.19	1489.78
2155.15	1486.64
2156.11	1484.48
2157.06	1494.17
2158.02	1469.41
2158.97	1459.68
2159.93	1459.16
2160.88	1491.9
2161.84	1493.8
2162.79	1485.85
2163.75	1499.65
2164.7	1483.29
2165.66	1461.57
2166.61	1501.97
2167.57	1475.35
2168.52	1490.07
2169.48	1494.02
2170.43	1490.95
2171.38	1510.82
2172.34	1482.08
2173.29	1523.91
2174.24	1503.71
2175.2	1498.76
2176.15	1501.52
2177.1	1538.69
2178.05	1513.72
2179.01	1507.58
2179.96	1496.02
2180.91	1490.84
2181.86	1494.84
2182.82	1491.54
2183.77	1515.76
2184.72	1484.13
2185.67	1496.18
2186.62	1514.17
2187.57	1505.78
2188.52	1496.72
2189.47	1487.03
2190.43	1494.66
2191.38	1524.35
2192.33	1517.55
2193.28	1519.05
2194.23	1536.97
2195.18	1509.29
2196.13	1517.37
2197.08	1502.66
2198.03	1534.44
2198.98	1530.7
2199.93	1516.68
2200.87	1548.69
2201.82	1564.28
2202.77	1546.23
2203.72	1547.26
2204.67	1554.49
2205.62	1563.39
2205.98	1569
2206.93	1562
2207.88	1549
2208.84	1506
2209.79	1566
2210.74	1546
2211.69	1545
2212.65	1532
2213.6	1557
2214.55	1538
2215.5	1529
2216.45	1526
2217.41	1542
2218.36	1557
2219.31	1520
2220.26	1560
2221.21	1565
2222.16	1528
2223.11	1532
2224.06	1509
2225.01	1529
2225.96	1569
2226.91	1553
2227.86	1554
2228.81	1609
2229.76	1573
2230.71	1546
2231.66	1532
2232.61	1553
2233.56	1548
2234.51	1560
2235.46	1567
2236.41	1573
2237.36	1554
2238.31	1552
2239.25	1575
2240.2	1604
2241.15	1582
2242.1	1593
2243.05	1599
2243.99	1572
2244.94	1581
2245.89	1594
2246.83	1554
2247.78	1567
2248.73	1579
2249.68	1583
2250.62	1595
2251.57	1587.5
2252.52	1580
2253.46	1617
2254.41	1563
2255.35	1552
2256.3	1608
2257.25	1549
2258.19	1609
2259.14	1556
2260.08	1552
2261.03	1590
2261.97	1571
2262.92	1571.5
2263.86	1572
2264.81	1577
2265.75	1594
2266.7	1557
2267.64	1578
2268.58	1560
2269.53	1542
2270.47	1551
2271.41	1569
2272.36	1581
2273.3	1588
2274.24	1568
2275.19	1561
2276.13	1591
2277.07	1597
2278.02	1594
2278.96	1564
2279.9	1585
2280.84	1562
2281.78	1601
2282.73	1554
2283.67	1569
2284.61	1574
2285.55	1586
2286.49	1545
2287.43	1545
2288.38	1557
2289.32	1567
2290.26	1576
2291.2	1564
2292.14	1569
2293.08	1527
2294.02	1555
2294.96	1571
2295.9	1588
2296.84	1544
2297.78	1535
2298.72	1566
2299.66	1555
2300.59	1542
2301.53	1560
2302.47	1586
2303.41	1555
2304.35	1557
2305.29	1537
2306.23	1589
2307.17	1530
2308.1	1535
2309.04	1525
2309.98	1525
2310.92	1564
2311.85	1549
2312.79	1572
2313.73	1526
2314.67	1533
2315.6	1567
2316.54	1552
2317.48	1535
2318.41	1568
2319.35	1589
2320.29	1562
2321.22	1583
2322.16	1572
2323.09	1553
2324.03	1593
2324.97	1575
2325.9	1592
2326.84	1571
2327.77	1590
2328.71	1574
2329.64	1565
2330.58	1597
2331.51	1559
2332.45	1566
2333.38	1554
2334.31	1549
2335.25	1603
2336.18	1588
2337.12	1563
2338.05	1584
2338.98	1571
2339.92	1610
2340.85	1585
2341.78	1585
2342.72	1591
2343.65	1625
2344.58	1617
2345.51	1615
2346.45	1564
2347.38	1605
2348.31	1576
2349.24	1553
2350.17	1593
2351.11	1608
2352.04	1568
2352.97	1589
2353.9	1592
2354.83	1609
2355.76	1565
2356.69	1573
2357.62	1594
2358.55	1629
2359.48	1601
2360.42	1594
2361.35	1558
2362.27	1644
2363.21	1576
2364.13	1568
2365.07	1621
2365.99	1582
2366.92	1602
2367.85	1604
2368.78	1555
2369.71	1597
2370.64	1578
2371.57	1587
2372.5	1587
2373.43	1587
2374.35	1583
2375.28	1586
2376.21	1588
2377.14	1577
2378.07	1613
2378.99	1625
2379.92	1601
2380.85	1608
2381.77	1593
2382.7	1560
2383.63	1583
2384.56	1565
2385.48	1559
2386.41	1592
2387.33	1593
2388.26	1557
2389.19	1596
2390.11	1591
2391.04	1562
2391.96	1571
2392.89	1584
2393.82	1569
2394.74	1588
2395.67	1581
2396.59	1565
2397.51	1590
2398.44	1570
2399.36	1567
2400.29	1554
2401.21	1587
2402.14	1552
2403.06	1564
2403.98	1541
2404.91	1554
2405.83	1551
2406.76	1579
2407.68	1551
2408.6	1547
2409.52	1573
2410.45	1569
2411.37	1543
2412.29	1542
2413.22	1552
2414.14	1530
2415.06	1569
2415.98	1569
2416.9	1539
2417.83	1573
2418.75	1557
2419.67	1541
2420.59	1531
2421.51	1555
2422.43	1530
2423.35	1543
2424.27	1545
2425.2	1555
2426.12	1573
2427.04	1573
2427.96	1559
2428.88	1540
2429.8	1523
2430.72	1535
2431.64	1529
2432.56	1532
2433.48	1563
2434.4	1550
2435.31	1514
2436.23	1564
2437.15	1535
2438.07	1558
2438.99	1526
2439.91	1516
2440.83	1539
2441.75	1523
2442.66	1526
2443.58	1529
2444.5	1536
2445.42	1555
2446.33	1503
2447.25	1559
2448.17	1547
2449.09	1532
2450	1533
2450.92	1576
2451.84	1548
2452.75	1522
2453.67	1542
2454.59	1559
2455.5	1516
2456.42	1531
2457.33	1536
2458.25	1532
2459.17	1514
2460.08	1574
2461	1529
2461.91	1570
2462.83	1522
2463.74	1531
2464.66	1543
2465.57	1572
2466.49	1537
2467.4	1553
2468.31	1541
2469.23	1542
2470.14	1491
2471.06	1543
2471.97	1531
2472.88	1542
2473.8	1530
2474.71	1536
2475.62	1508
2476.54	1535
2477.45	1536
2478.36	1536
2479.28	1541
2480.19	1568
2481.1	1531
2482.01	1574
2482.93	1517
2483.84	1503
2484.75	1552
2485.66	1520
2486.57	1516
2487.49	1523
2488.4	1503
2489.31	1544
2490.22	1498
2491.13	1503
2492.04	1533
2492.95	1506
2493.86	1520
2494.77	1543
2495.68	1514
2496.59	1514
2497.5	1496
2498.41	1496
2499.32	1534
2500.23	1490
2501.14	1521
2502.05	1508
2502.96	1531
2503.87	1520
2504.78	1550
2505.69	1522
2506.6	1525
2507.5	1487
2508.41	1514
2509.32	1496
2510.23	1513
2511.14	1498
2512.04	1533
2512.95	1542
2513.86	1499
2514.77	1501
2515.68	1523
2516.58	1496
2517.49	1484
2518.4	1530
2519.3	1503
2520.21	1517
2521.12	1493
2522.02	1502
2522.93	1528
2523.83	1519
2524.74	1522
2525.65	1552
2526.55	1520
2527.46	1553
2528.36	1530
2529.27	1530
2530.17	1515
2531.08	1530
2531.98	1533
2532.89	1497
2533.79	1534
2534.7	1542
2535.6	1540
2536.51	1563
2537.41	1565
2538.32	1554
2539.22	1595
2540.12	1546
2541.03	1584
2541.93	1547
2542.83	1586
2543.74	1523
2544.64	1509
2545.54	1545
2546.45	1565
2547.35	1515
2548.25	1540
2549.15	1590
2550.06	1553
2550.96	1542
2551.86	1563
2552.76	1526
2553.66	1551
2554.57	1569
2555.47	1526
2556.37	1524
2557.27	1473
2558.17	1524
2559.07	1513
2559.97	1500
2560.87	1497
2561.77	1510
2562.67	1498
2563.57	1533
2564.47	1491
2565.37	1474
2566.27	1490
2567.17	1477
2568.07	1490
2568.97	1459
2569.87	1487
2570.77	1476
2571.67	1503
2572.57	1513
2573.47	1498
2574.37	1501
2575.27	1497
2576.16	1477
2577.06	1472
2577.96	1472
2578.86	1442
2579.76	1517
2580.65	1473
2581.55	1502
2582.45	1528
2583.35	1462
2584.24	1461
2585.14	1489
2586.04	1481
2586.94	1477
2587.83	1471
2588.73	1466
2589.62	1469
2590.52	1474
2591.42	1485
2592.31	1491
2593.21	1503
2594.1	1488
2595	1491
2595.9	1448
2596.79	1507
2597.69	1447
2598.58	1460
2599.48	1468
2600.37	1452
2601.27	1453
2602.16	1438
2603.06	1476
2603.95	1463
2604.84	1462
2605.74	1448
2606.63	1440
2607.53	1464
2608.42	1472
2609.31	1474
2610.21	1432
2611.1	1451
2611.99	1424
2612.89	1451
2613.78	1457
2614.67	1455
2615.57	1410
2616.46	1432
2617.35	1405
2618.24	1415
2619.14	1427
2620.03	1391
2620.92	1411
2621.81	1427
2622.7	1457
2623.59	1419
2624.48	1421
2625.38	1432
2626.27	1412
2627.16	1437
2628.05	1394
2628.94	1428
2629.83	1426
2630.72	1377
2631.61	1372
2632.5	1371
2633.39	1370
2634.28	1317
2635.17	1318
2636.06	1329
2636.95	1327
2637.84	1301
2638.73	1298
2639.62	1330
2640.51	1292
2641.4	1264
2642.28	1266
2643.17	1318
2644.06	1280
2644.95	1276
2645.84	1279
2646.73	1284
2647.61	1271
2648.5	1312
2649.39	1299
2650.28	1285
2651.17	1277
2652.05	1282
2652.94	1255
2653.83	1300
2654.71	1287
2655.6	1260
2656.49	1271
2657.37	1283
2658.26	1307
2659.15	1258
2660.03	1312
2660.92	1280
2661.8	1305
2662.69	1294
2663.58	1304
2664.46	1311
2665.35	1307
2666.23	1322
2667.12	1356
2668	1331
2668.89	1351
2669.77	1364
2670.66	1361
2671.54	1379
2672.43	1380
2673.31	1397
2674.19	1382
2675.08	1419
2675.96	1408
2676.84	1404
2677.73	1406
2678.61	1412
2679.5	1388
2680.38	1381
2681.26	1411
2682.14	1478
2683.03	1424
2683.91	1447
2684.79	1456
2685.68	1412
2686.56	1441
2687.44	1427
2688.32	1452
2689.2	1467
2690.09	1466
2690.97	1491
2691.85	1532
2692.73	1548
2693.61	1539
2694.49	1576
2695.37	1565
2696.25	1575
2697.14	1647
2698.02	1640
2698.9	1697
2699.78	1704
2700.66	1743
2701.54	1770
2702.42	1773
2703.3	1808
2704.18	1844
2705.06	1844
2705.94	1901
2706.81	1877
2707.69	1939
2708.57	1963
2709.45	1967
2710.33	1949
2711.21	1949
2712.09	1965
2712.97	1981
2713.84	1984
2714.72	2009
2715.6	1986
2716.48	2011
2717.36	1998
2718.23	1985
2719.11	1937
2719.99	1980
2720.87	1962
2721.74	1912
2722.62	1929
2723.5	1901
2724.37	1882
2725.25	1866
2726.13	1900
2727	1861
2727.88	1839
2728.76	1813
2729.63	1830
2730.51	1814
2731.38	1783
2732.26	1770
2733.14	1802
2734.01	1771
2734.89	1780
2735.76	1789
2736.64	1801
2737.51	1781
2738.39	1790
2739.26	1812
2740.13	1810
2741.01	1843
2741.88	1838
2742.76	1828
2743.63	1866
2744.5	1855
2745.38	1885
2746.25	1865
2747.13	1844
2748	1880
2748.87	1881
2749.75	1868
2750.62	1908
2751.49	1848
2752.36	1860
2753.24	1858
2754.11	1809
2754.98	1784
2755.85	1773
2756.73	1775
2757.6	1787.5
2758.47	1800
2759.34	1755
2760.21	1754
2761.08	1709
2761.96	1716
2762.83	1734
2763.7	1730
2764.57	1704
2765.44	1694
2766.31	1679
2767.18	1702
2768.05	1697
2768.92	1684
2769.79	1673
2770.66	1652
2771.53	1695
2772.4	1704
2773.27	1697
2774.14	1649
2775.01	1689
2775.88	1671
2776.75	1714
2777.62	1694
2778.49	1688
2779.36	1711
2780.22	1706
2781.09	1688
2781.96	1700
2782.83	1677
2783.7	1721
2784.57	1715
2785.43	1743
2786.3	1745
2787.17	1735
2788.04	1740
2788.9	1786
2789.77	1749
2790.64	1827
2791.5	1772
2792.37	1791
2793.24	1817
2794.1	1804
2794.97	1825
2795.84	1810
2796.7	1887
2797.57	1880
2798.44	1906
2799.3	1900
2800.17	1911
2801.03	1957
2801.9	1926
2802.76	1986
2803.63	1968
2804.5	2046
2805.36	2056
2806.23	2092
2807.09	2089
2807.95	2087
2808.82	2214
2809.68	2193
2810.55	2189
2811.41	2218
2812.28	2228
2813.14	2308
2814	2372
2814.87	2358
2815.73	2442
2816.59	2499
2817.46	2522
2818.32	2589
2819.18	2676
2820.05	2707
2820.91	2802
2821.77	2783
2822.63	2818
2823.5	2947
2824.36	3002
2825.22	3073
2826.08	3157
2826.94	3221
2827.81	3285
2828.67	3323
2829.53	3403
2830.39	3434
2831.25	3488
2832.11	3519
2832.98	3501
2833.84	3512
2834.7	3493
2835.56	3533
2836.42	3526
2837.28	3571
2838.14	3543
2839	3526
2839.86	3531
2840.72	3546
2841.58	3578
2842.44	3581
2843.3	3636
2844.16	3624
2845.02	3648
2845.88	3692
2846.73	3771
2847.59	3728
2848.45	3818
2849.31	3817
2850.17	3902
2851.03	3950
2851.89	4003
2852.74	4124
2853.6	4159
2854.46	4241
2855.32	4318
2856.18	4426
2857.03	4549
2857.89	4687
2858.75	4848
2859.6	5010
2860.46	5230
2861.32	5420
2862.18	5618
2863.03	5830
2863.89	6113
2864.74	6310
2865.6	6606
2866.46	6873
2867.31	7170
2868.17	7473
2869.03	7766
2869.88	8077
2870.74	8356
2871.59	8565
2872.45	8683
2873.3	8940
2874.16	8937
2875.01	9072
2875.87	9238
2876.72	9349
2877.58	9135
2878.43	9218
2879.29	9125
2880.14	9030
2880.99	9014
2881.85	8887
2882.7	8729
2883.55	8706
2884.41	8628
2885.26	8433
2886.12	8335
2886.97	8270
2887.82	8160
2888.68	8026
2889.53	7862
2890.38	7704
2891.23	7582
2892.09	7470
2892.94	7372
2893.79	7205
2894.64	7135
2895.49	7026
2896.35	6960
2897.2	6746
2898.05	6672
2898.9	6665
2899.75	6467
2900.6	6459
2901.45	6416
2902.31	6411
2903.16	6373
2904.01	6201
2904.86	6298
2905.71	6328
2906.56	6326
2907.41	6389
2908.26	6491
2909.11	6547
2909.96	6625
2910.81	6839
2911.66	7018
2912.51	7186
2913.36	7364
2914.21	7695
2915.06	8066
2915.9	8307
2916.75	8741
2917.6	9154
2918.45	9764
2919.3	10264
2920.15	10684
2921	11357
2921.84	11898
2922.69	12487
2923.54	12968
2924.39	13373
2925.24	13693
2926.08	13909
2926.93	13977
2927.78	13973
2928.63	13878
2929.47	13572
2930.32	13199
2931.17	12767
2932.01	12324
2932.86	11765
2933.71	11203
2934.55	10717
2935.4	10288
2936.25	9750
2937.09	9364
2937.94	8846
2938.78	8484
2939.63	8039
2940.47	7736
2941.32	7342
2942.16	7059
2943.01	6783
2943.86	6483.97
2944.7	6198.89
2945.54	5967.71
2946.39	5742.76
2947.23	5618.83
2948.08	5407.94
2948.92	5303.11
2949.77	5193.79
2950.61	5135.61
2951.45	5062.07
2952.3	5025.63
2953.14	5015.89
2953.99	4959.04
2954.83	4943.93
2955.67	4965.87
2956.52	4967.63
2957.36	5065.95
2958.2	5160.91
2959.04	5201.19
2959.89	5314.86
2960.73	5390.33
2961.57	5524.49
2962.41	5677.08
2963.26	5816.06
2964.1	5941.9
2964.94	6127.57
2965.78	6214.64
2966.62	6369.1
2967.47	6480.28
2968.31	6633.52
2969.15	6632.03
2969.99	6720.85
2970.83	6749.79
2971.67	6725.85
2972.51	6692.71
2973.35	6627.18
2974.19	6549.68
2975.04	6344.76
2975.88	6242.64
2976.72	6109.51
2977.56	5875.64
2978.4	5686.36
2979.24	5521.42
2980.08	5240.89
2980.92	5041.11
2981.76	4872.78
2982.6	4634.86
2983.43	4471.47
2984.27	4252.1
2985.11	4042.31
2985.95	3963.53
2986.79	3826.87
2987.63	3632.05
2988.47	3511.15
2989.31	3415.84
2990.14	3316.74
2990.98	3202.43
2991.82	3145.41
2992.66	3087.13
2993.5	2976.78
2994.33	2925.73
2995.17	2853.94
2996.01	2803.86
2996.85	2713.14
2997.68	2708.59
2998.52	2675.89
2999.36	2598.81
3000.2	2575.85
3001.03	2524.43
3001.87	2440.31
3002.71	2426.08
3003.54	2354.05
3004.38	2318.66
3005.21	2277
3006.05	2241.83
3006.89	2176.83
3007.72	2192.66
3008.56	2152.91
3009.39	2128.52
3010.23	2114.4
3011.06	2084.87
3011.9	2068.88
3012.74	2035.66
3013.57	2009.33
3014.41	1986.7
3015.24	1981.02
3016.07	2004.92
3016.91	1975.58
3017.74	1939.05
3018.58	1946.04
3019.41	1907.83
3020.25	1886.03
3021.08	1881.89
3021.91	1881.99
3022.75	1868.43
3023.58	1825.6
3024.41	1816.13
3025.25	1845.51
3026.08	1789.37
3026.91	1760
3027.75	1765.48
3028.58	1777.25
3028.73	1780
3029.57	1755
3030.4	1688
3031.24	1740
3032.08	1699
3032.92	1716
3033.75	1704
3034.59	1668
3035.42	1643
3036.26	1692
3037.1	1682
3037.93	1669
3038.77	1643
3039.61	1649
3040.44	1666
3041.28	1627
3042.11	1583
3042.95	1618
3043.78	1624
3044.62	1594
3045.45	1568
3046.29	1602
3047.12	1553
3047.96	1567
3048.79	1577
3049.63	1520
3050.46	1534
3051.29	1551
3052.13	1543
3052.96	1549
3053.8	1502
3054.63	1517
3055.46	1532
3056.3	1588
3057.13	1629
3057.96	1656
3058.8	1745
3059.63	1847
3060.46	1844
3061.3	1835
3062.13	1791
3062.96	1798
3063.79	1783
3064.63	1709
3065.46	1584
3066.29	1468
3067.12	1438
3067.95	1417.5
3068.79	1397
3069.62	1359
3070.45	1419
3071.28	1364
3072.11	1388
3072.94	1340
3073.77	1381
3074.6	1336
3075.44	1355
3076.27	1367
3077.1	1326
3077.93	1322
3078.76	1318
3079.59	1309
3080.42	1340
3081.25	1334
3082.08	1321
3082.91	1310
3083.74	1324
3084.57	1326
3085.4	1304
3086.23	1321
3087.05	1310
3087.88	1294
3088.71	1309
3089.54	1289
3090.37	1303
3091.2	1307
3092.03	1275
3092.86	1290
3093.68	1280
3094.51	1287
3095.34	1304
3096.17	1272
3097	1280
3097.82	1291
3098.65	1253
3099.48	1323
3100.31	1293
3101.13	1296
3101.96	1285
3102.79	1298
3103.61	1302
3104.44	1310
3105.27	1294
3106.09	1311
3106.92	1280
3107.75	1310
3108.57	1295
3109.4	1293
3110.22	1308
3111.05	1284
3111.88	1264
3112.7	1256
3113.53	1242
3114.35	1233
3115.18	1274
3116	1233
3116.83	1267
3117.65	1247
3118.48	1234
3119.3	1225
3120.13	1214
3120.95	1219
3121.77	1249
3122.6	1181
3123.42	1193
3124.25	1227
3125.07	1230
3125.89	1215
3126.72	1200
3127.54	1219
3128.36	1198
3129.19	1184
3130.01	1199
3130.83	1190
3131.66	1203
3132.48	1225
3133.3	1181
3134.13	1189
3134.95	1208
3135.77	1176
3136.59	1229
3137.41	1172
3138.24	1207
3139.06	1218
3139.88	1177
3140.7	1205
3141.52	1220
3142.34	1177
3143.17	1188
3143.99	1174
3144.81	1195
3145.63	1168
3146.45	1199
3147.27	1175
3148.09	1212
3148.91	1167
3149.73	1164
3150.55	1170
3151.37	1166
3152.19	1157
3153.01	1191
3153.83	1176
3154.65	1178
3155.47	1180
3156.29	1206
3157.11	1153
3157.93	1182
3158.75	1165
3159.57	1189
3160.39	1175
3161.2	1152
3162.02	1191
3162.84	1179
3163.66	1174
3164.48	1161
3165.3	1191
3166.12	1153
3166.93	1172
3167.75	1188
3168.57	1162
3169.39	1203
3170.2	1188
3171.02	1185
3171.84	1173
3172.65	1159
3173.47	1175
3174.29	1173
3175.11	1153
3175.92	1176
3176.74	1180
3177.56	1193
3178.37	1173
3179.19	1194
3180	1176
3180.82	1193
3181.64	1175
3182.45	1185
3183.27	1173
3184.08	1182
3184.9	1196
3185.71	1190
3186.53	1159
3187.34	1150
3188.16	1206
3188.97	1143
3189.79	1202
3190.6	1195
3191.42	1169
3192.23	1190
3193.05	1217
3193.86	1209
3194.67	1216
3195.49	1254
3196.3	1231
3197.12	1235
3197.93	1217
3198.74	1236
3199.56	1222
3200.37	1240
3201.18	1259
3202	1254
3202.81	1218
3203.62	1254
3204.43	1226
3205.25	1245
3206.06	1228
3206.87	1264
3207.68	1258
3208.5	1303
3209.31	1222
3210.12	1240
3210.93	1226
3211.74	1249
3212.56	1242
3213.37	1256
3214.18	1298
3214.99	1291
3215.8	1302
3216.61	1305
3217.42	1261
3218.23	1268
3219.04	1284
3219.85	1324
3220.66	1300
3221.47	1311
3222.28	1307
3223.09	1291
3223.91	1313
3224.71	1334
3225.52	1298
3226.33	1334
3227.14	1307
3227.95	1342
3228.76	1372
3229.57	1320
3230.38	1311
3231.19	1316
3232	1343
3232.81	1342
3233.62	1345
3234.42	1291
3235.23	1311
3236.04	1326
3236.85	1334
3237.66	1330
3238.47	1314
3239.27	1328
3240.08	1346
3240.89	1342
3241.7	1330
3242.5	1319
3243.31	1299
3244.12	1340
3244.92	1331
3245.73	1333
3246.54	1339
3247.34	1349
3248.15	1321
3248.96	1361
3249.76	1365
3250.57	1358
3251.38	1345
3252.18	1349
3252.99	1353
3253.79	1334
3254.6	1342
3255.41	1364
3256.21	1367
3257.02	1347
3257.82	1361
3258.63	1372
3259.43	1353
3260.24	1344
3261.04	1333
3261.85	1383
3262.65	1348
3263.46	1387
3264.26	1395
3265.06	1378
3265.87	1338
3266.67	1385
3267.48	1380
3268.28	1394
3269.08	1357
3269.89	1370
3270.69	1382
3271.49	1371
3272.3	1385
3273.1	1343
3273.9	1358
3274.71	1346
3275.51	1373
3276.31	1354
3277.11	1349
3277.92	1348
3278.72	1368
3279.52	1361
3280.32	1383
3281.13	1336
3281.93	1346
3282.73	1339
3283.53	1375
3284.33	1353
3285.13	1400
3285.93	1383
3286.74	1359
3287.54	1334
3288.34	1356
3289.14	1307
3289.94	1384
3290.74	1361
3291.54	1352
3292.34	1314
3293.14	1350
3293.94	1365
3294.74	1359
3295.54	1372
3296.34	1351
3297.14	1350
3297.94	1359
3298.74	1341
3299.54	1349
3300.34	1334
3301.14	1359
3301.94	1376
3302.74	1356
3303.53	1321
3304.33	1356
3305.13	1344
3305.93	1345
3306.73	1355
3307.53	1338
3308.33	1368
3309.12	1363
3309.92	1369
3310.72	1349
3311.52	1357
3312.32	1335
3313.11	1367
3313.91	1343
3314.71	1326
3315.5	1350
3316.3	1354
3317.1	1362
3317.9	1349
3318.69	1349
3319.49	1326
3320.29	1355
3321.08	1309
3321.88	1338
3322.67	1361
3323.47	1331
3324.27	1383
3325.06	1306
3325.86	1363
3326.65	1361
3327.45	1392
3328.24	1347
3329.04	1369
3329.84	1356
3330.63	1344
3331.43	1338
3332.22	1365
3333.01	1348
3333.81	1341
3334.6	1338
3335.4	1357
3336.19	1344
3336.99	1335
3337.78	1328
3338.58	1345
3339.37	1337
3340.16	1336
3340.96	1342
3341.75	1332
3342.54	1333
3343.34	1318
3344.13	1335
3344.92	1331
3345.72	1341
3346.51	1337
3347.3	1322
3348.1	1341
3348.89	1334
3349.68	1332
3350.47	1317
3351.26	1318
3352.06	1338
3352.85	1327
3353.64	1321
3354.43	1320
3355.22	1321
3356.02	1315
3356.81	1307
3357.6	1329
3358.39	1302
3359.18	1310
3359.97	1284
3360.76	1299
3361.55	1321
3362.34	1300
3363.13	1306
3363.93	1315
3364.72	1305
3365.51	1302
3366.3	1291
3367.09	1296
3367.88	1304
3368.67	1300
3369.46	1262
3370.25	1311
3371.03	1334
3371.82	1283
3372.61	1292
3373.4	1252
3374.19	1282
3374.98	1274
3375.77	1285
3376.56	1274
3377.35	1267
3378.14	1282
3378.92	1273
3379.71	1265
3380.5	1257
3381.29	1283
3382.08	1279
3382.86	1303
3383.65	1235
3384.44	1273
3385.23	1254
3386.01	1259
3386.8	1272
3387.59	1235
3388.38	1242
3389.16	1251
3389.95	1240
3390.74	1247
3391.52	1205
3392.31	1245
3393.1	1231
3393.88	1229
3394.67	1212
3395.45	1191
3396.24	1184
3397.03	1244
3397.81	1229
3398.6	1213
3399.38	1220
3400.17	1208
3400.95	1192
3401.74	1235
3402.52	1211
3403.31	1207
3404.09	1213
3404.88	1196
3405.66	1181
3406.45	1209
3407.23	1200
3408.02	1179
3408.8	1201
3409.59	1165
3410.37	1173
3411.15	1166
3411.94	1202
3412.72	1178
3413.51	1152
3414.29	1170
3415.07	1178
3415.86	1165
3416.64	1166
3417.42	1131
3418.2	1161
3418.99	1157
3419.77	1160
3420.55	1144
3421.34	1195
3422.12	1152
3422.9	1122
3423.68	1132
3424.47	1145
3425.25	1161
3426.03	1122
3426.81	1120
3427.59	1127
3428.37	1118
3429.16	1116
3429.94	1141
3430.72	1133
3431.5	1134
3432.28	1109
3433.06	1126
3433.84	1087
3434.62	1144
3435.4	1130
3436.18	1109
3436.96	1129
3437.74	1127
3438.52	1077
3439.3	1121
3440.08	1106
3440.86	1097
3441.64	1098
3442.42	1095
3443.2	1113
3443.98	1096
3444.76	1096
3445.54	1111
3446.32	1087
3447.1	1070
3447.88	1087
3448.66	1089
3449.43	1083
3450.21	1086
3450.99	1081
3451.77	1063
3452.55	1055
3453.33	1061
3454.11	1078
3454.88	1055
3455.66	1060
3456.44	1069
3457.22	1057
3457.99	1063
3458.77	1064
3459.55	1054
3460.32	1053
3461.1	1064
3461.88	1054
3462.66	1016
3463.43	1028
3464.21	1009
3464.99	1047
3465.76	1027
3466.54	1018
3467.31	1026
3468.09	1008
3468.87	994
3469.64	1035
3470.42	980
3471.19	996
3471.97	1009
3472.74	988
3473.52	988.5
3474.3	989
3475.07	1001
3475.85	988
3476.62	994
3477.4	1010
3478.17	977
3478.94	994
3479.72	1001
3480.49	989
3481.27	994
3482.04	948
3482.82	974
3483.59	974
3484.36	968
3485.14	978
3485.91	966
3486.68	969
3487.46	990
3488.23	922
3489	956
3489.78	954
3490.55	937
3491.32	969
3492.1	947
3492.87	939
3493.64	975
3494.41	966
3495.19	947
3495.96	963
3496.73	936
3497.5	929
3498.27	933
3499.05	917
3499.82	923
3500.59	920
3501.36	917
3502.13	927
3502.9	924
3503.67	889
3504.45	907
3505.22	849
3505.99	891
3506.76	876
3507.53	925
3508.3	892
3509.07	886
3509.84	888
3510.61	922
3511.38	904
3512.15	888
3512.92	900
3513.69	894.5
3514.46	889
3515.23	892
3516	875
3516.77	859
3517.54	888
3518.31	862
3519.08	887
3519.85	870
3520.61	859
3521.38	885
3522.15	856
3522.92	849
3523.69	862
3524.46	853
3525.22	852
3525.99	858
3526.76	842
3527.53	851
3528.3	852
3529.06	860
3529.83	827
3530.6	831
3531.37	840
3532.13	849
3532.9	852
3533.67	858
3534.44	828
3535.2	820
3535.97	827
3536.74	852
3537.5	838
3538.27	843
3539.04	814
3539.8	803
3540.57	843
3541.33	829
3542.1	809
3542.86	850
3543.63	835
3544.4	825
3545.16	810
3545.93	785
3546.69	793
3547.46	802
3548.22	828
3548.99	790
3549.75	800
3550.52	788
3551.28	797
3552.05	821
3552.81	780
3553.58	779
3554.34	800
3555.1	804
3555.87	784
3556.63	770
3557.4	781
3558.16	807
3558.92	788
3559.69	808
3560.45	783
3561.21	795
3561.98	768
3562.74	786
3563.5	803
3564.27	791
3565.03	802
3565.79	787
3566.55	809
3567.32	796
3568.08	786
3568.84	777
3569.6	761
3570.36	770
3571.13	744
3571.89	742
3572.65	748
3573.41	754
3574.17	754
3574.93	768
3575.7	772
3576.46	773
3577.22	749
3577.98	762
3578.74	751
3579.5	743
3580.26	773
3581.02	761
3581.78	761
3582.54	758
3583.3	773
3584.06	744
3584.82	768
3585.58	751
3586.34	771
3587.1	729
3587.86	741
3588.62	754
3589.38	727
3590.14	727
3590.9	756
3591.66	729
3592.42	738
3593.18	742
3593.94	741
3594.69	737
3595.45	711
3596.21	714
3596.97	730
3597.73	726
3598.49	729
3599.24	729
3600	743
3600.76	727
3601.52	728
3602.28	696
3603.03	690
3603.79	672
3604.55	707
3605.31	712
3606.06	701
3606.82	714
3607.58	719
3608.33	708
3609.09	721
3609.85	743
3610.6	724
3611.36	722
3612.12	713
3612.87	741
3613.63	696
3614.38	698
3615.14	703
3615.9	708
3616.65	713
3617.41	718
3618.16	709
3618.92	716
3619.67	701
3620.43	692
3621.18	697
3621.94	691
3622.69	684
3623.45	698
3624.2	679
3624.96	704
3625.71	679
3626.47	679
3627.22	703
3627.97	675
3628.73	697
3629.48	698
3630.24	691
3630.99	712
3631.74	692
3632.5	666
3633.25	686
3634	660
3634.76	673
3635.51	691
3636.26	701
3637.02	697
3637.77	668
3638.52	682
3639.27	686
3640.03	688
3640.78	640
3641.53	662
3642.28	663
3643.04	646
3643.79	660
3644.54	635
3645.29	631
3646.04	634
3646.79	644
3647.55	640
3648.3	623
3649.05	639
3649.8	643
3650.55	631
3651.3	626
3652.05	643
3652.8	635
3653.55	641
3654.3	658
3655.06	625
3655.81	607
3656.56	618
3657.31	632
3658.06	625
3658.81	645
3659.56	661
3660.31	634
3661.06	642
3661.8	640
3662.55	648
3663.3	638
3664.05	662
3664.8	631
3665.55	624
3666.3	650
3667.05	659
3667.8	639
3668.55	614
3669.29	640
3670.04	620
3670.79	652
3671.54	658
3672.29	639
3673.04	648
3673.78	625
3674.53	641
3675.28	647
3676.03	645
3676.77	643
3677.52	650
3678.27	633
3679.02	641.307
3679.76	628.136
3680.51	648.531
3681.26	619.114
3682	621.391
3682.75	624.969
3683.5	647.825
3684.24	651.214
3684.99	645.116
3685.74	613.96
3686.48	617.766
3687.23	619.086
3687.97	622.84
3688.72	644.267
3689.47	636.491
3690.21	624.979
3690.96	628.458
3691.7	632.821
3692.45	622.82
3693.19	640.503
3693.94	626.782
3694.68	618.674
3695.43	633.756
3696.17	617.441
3696.92	633.915
3697.66	627.777
3698.41	629.886
3699.15	636.326
3699.9	633.059
3700.64	634.746
3701.38	634.642
3702.13	632.493
3702.87	636.745
3703.62	651.902
3704.36	645.414
3705.1	643.65
3705.85	638.321
3706.59	642.339
3707.33	627.641
3708.08	629.275
3708.82	624.553
3709.56	644.893
3710.31	640.028
3711.05	628.568
3711.79	622.045
3712.53	622.368
3713.28	609.919
3714.02	631.301
3714.76	619.18
3715.5	611.826
3716.25	615.6
3716.99	615.115
3717.73	637.033
3718.47	618.742
3719.21	625.662
3719.96	609.21
3720.7	615.863
3721.44	625
3722.18	628.189
3722.92	610.802
3723.66	616.102
3724.4	626.734
3725.14	637.851
3725.88	617.505
3726.63	626.411
3727.37	635.92
3728.11	625.767
3728.85	625.535
3729.59	622.234
3730.33	625.972
3731.07	641.873
3731.81	631.426
3732.55	615.732
3733.29	619.079
3734.03	612.508
3734.77	635.464
3735.51	607.823
3736.25	615.088
3736.99	608.285
3737.72	630.399
3738.46	625.716
3739.2	633.956
3739.94	631.159
3740.68	618.118
3741.42	635.168
3742.16	622.605
3742.9	610.41
3743.63	627.24
3744.37	624.611
3745.11	629.706
3745.85	597.979
3746.59	625.062
3747.32	621.737
3748.06	642.538
3748.8	652.471
3749.54	653.852
3750.27	619.063
3751.01	626.443
3751.75	631.402
3752.49	627.454
3753.22	622.169
3753.27	622
3754.01	616
3754.75	612
3755.49	633
3756.23	628
3756.97	610
3757.71	634
3758.45	643
3759.2	628
3759.94	620
3760.68	624
3761.42	634
3762.16	611
3762.9	624
3763.64	620
3764.38	638
3765.12	631
3765.86	632
3766.59	620
3767.33	647
3768.07	631
3768.81	625
3769.55	608
3770.29	646
3771.03	636
3771.77	636
3772.51	625
3773.25	617
3773.99	618
3774.72	634
3775.46	635
3776.2	623
3776.94	604
3777.68	617
3778.41	635
3779.15	646
3779.89	630
3780.63	636
3781.37	616
3782.1	607
3782.84	640
3783.58	604
3784.31	631
3785.05	635
3785.79	650
3786.53	658
3787.26	643
3788	646
3788.74	642
3789.47	638
3790.21	631
3790.94	640
3791.68	629
3792.42	640
3793.15	641
3793.89	648
3794.62	647
3795.36	627
3796.1	643
3796.83	610
3797.57	618.5
3798.3	627
3799.04	624
3799.77	633
3800.51	630
3801.24	623
3801.98	638
3802.71	614
3803.45	618
3804.18	628
3804.92	627
3805.65	633
3806.38	637
3807.12	622
3807.85	608
3808.59	624
3809.32	629
3810.05	617
3810.79	613
3811.52	625
3812.25	617
3812.99	592
3813.72	636
3814.45	633
3815.19	624
3815.92	649
3816.65	643
3817.39	638
3818.12	626
3818.85	614
3819.58	640
3820.32	617
3821.05	656
3821.78	617
3822.51	612
3823.24	619
3823.98	629
3824.71	640
3825.44	634
3826.17	601
3826.9	615
3827.63	625
3828.36	623
3829.1	613
3829.83	604
3830.56	619
3831.29	597
3832.02	620
3832.75	624
3833.48	616
3834.21	624
3834.94	608
3835.67	613
3836.4	620
3837.13	617
3837.86	614
3838.59	610
3839.32	609
3840.05	597
3840.78	618
3841.51	604
3842.24	620
3842.97	596
3843.7	607
3844.43	619
3845.16	579
3845.89	598
3846.62	604
3847.34	599
3848.07	611
3848.8	605
3849.53	617
3850.26	613
3850.99	606
3851.72	603
3852.44	583
3853.17	598
3853.9	576
3854.63	591
3855.36	588
3856.08	608
3856.81	596
3857.54	590
3858.26	599
3858.99	601
3859.72	590
3860.45	592
3861.17	576
3861.9	589
3862.63	601
3863.35	576
3864.08	564
3864.81	571
3865.53	572
3866.26	547
3866.99	599
3867.71	601
3868.44	552
3869.16	584
3869.89	586
3870.61	593
3871.34	589
3872.07	572
3872.79	589
3873.52	581
3874.24	561
3874.97	580
3875.69	563
3876.42	573
3877.14	551
3877.87	559
3878.59	559
3879.31	563
3880.04	560
3880.76	583
3881.49	577
3882.21	542
3882.94	567
3883.66	567
3884.38	587
3885.11	576
3885.83	588
3886.55	566
3887.28	576
3888	566
3888.72	575
3889.45	557
3890.17	570
3890.89	572
3891.62	569
3892.34	546
3893.06	573
3893.79	539
3894.51	572
3895.23	554
3895.95	553
3896.67	556
3897.4	554
3898.12	540
3898.84	553
3899.56	549
3900.28	564
3901.01	582
3901.73	558
3902.45	578
3903.17	554
3903.89	557
3904.61	540
3905.33	558
3906.05	565
3906.78	562
3907.5	539
3908.22	543
3908.94	589
3909.66	551
3910.38	549
3911.1	580
3911.82	547
3912.54	572
3913.26	541
3913.98	570
3914.7	566
3915.42	564
3916.14	546
3916.86	558
3917.58	559
3918.3	553
3919.02	551
3919.73	544
3920.45	565
3921.17	554
3921.89	565
3922.61	557
3923.33	559
3924.05	551
3924.77	556
3925.48	540
3926.2	575
3926.92	540
3927.64	559
3928.36	543
3929.08	543
3929.79	547
3930.51	553
3931.23	538
3931.95	548
3932.66	560
3933.38	559
3934.1	561
3934.82	564
3935.53	536
3936.25	536
3936.97	574
3937.68	555
3938.4	552
3939.12	567
3939.83	564
3940.55	555
3941.27	542
3941.98	548
3942.7	538
3943.41	550
3944.13	553
3944.85	553
3945.56	548
3946.28	544
3946.99	528
3947.71	534
3948.42	559
3949.14	546
3949.85	545
3950.57	555
3951.28	549
3952	528
3952.71	540
3953.43	541
3954.14	562
3954.86	551
3955.57	536
3956.29	551
3957	517
3957.71	548
3958.43	542
3959.14	550
3959.86	549
3960.57	542
3961.28	517
3962	535
3962.71	553
3963.42	522
3964.14	528
3964.85	529
3965.56	530
3966.28	542
3966.99	560
3967.7	544
3968.41	525
3969.13	527
3969.84	559
3970.55	528
3971.26	538
3971.98	539
3972.69	527
3973.4	540
3974.11	543
3974.83	542
3975.54	507
3976.25	543
3976.96	556
3977.67	535
3978.38	539
3979.09	521
3979.81	521
3980.52	541
3981.23	534
3981.94	518
3982.65	507
3983.36	534
3984.07	534
3984.78	522
3985.49	514
3986.2	499
3986.91	545
3987.62	533
3988.33	538
3989.04	506
3989.75	534
3990.46	523
3991.17	535
3991.88	522
3992.59	518
3993.3	540
3994.01	540
3994.72	524
3995.43	521
3996.14	540
3996.85	523
3997.56	530
3998.26	529
3998.97	523
3999.68	526
