51.4629	14651
52.7545	15506
54.0474	16210
55.3386	16794
56.6296	17139
57.9203	17204
59.2108	17265
60.5012	17162
61.7928	16966
63.0827	16765
64.3724	16665
65.6619	16277
66.9511	16238
68.2402	16048
69.5291	15870
70.8177	15657
72.1076	15508
73.3958	15190
74.6838	15035
75.9716	14795
77.2592	14525
78.5466	14298
79.8337	14048
81.1207	13964
82.4074	13635
83.694	13558
84.9803	13360
86.2664	13047
87.5523	13002
88.838	12851
90.1235	12385
91.4087	12371
92.6938	12290
93.9786	12036
95.2633	11929
96.5477	11705
97.8319	11662
99.1159	11401
100.4	11160
101.683	10999
102.967	10883
104.25	10774
105.533	10674
106.814	10493
108.097	10304
109.379	10148
110.661	10110
111.943	9860
113.225	9829
114.506	9682
115.787	9625
117.067	9496
118.348	9340
119.628	9231
120.909	9143
122.189	8975
123.469	8827
124.747	8782
126.027	8750
127.306	8626
128.586	8595
129.865	8407
131.142	8369
132.42	8264
133.699	8192
134.977	8174
136.253	8061
137.531	8072
138.809	8071
140.085	7993
141.362	7924
142.639	7855
143.915	7765
145.19	7774
146.466	7786
147.743	7795
149.017	7694
150.293	7718
151.568	7618
152.842	7594
154.117	7517
155.39	7525
156.665	7490
157.939	7381
159.212	7399
160.486	7390
161.758	7324
163.032	7282
164.305	7202
165.577	7188
166.85	7222
168.121	7076
169.393	7116
170.664	7037
171.936	7028
173.208	7007
174.479	6942
175.75	6937
177.02	7015
178.291	6953
179.56	6947
180.831	6961
182.1	6857
183.369	6941
184.639	6978
185.907	6859
187.177	6883
188.445	6893
189.714	6915
190.981	6917
192.25	6879
193.517	6922
194.784	6835
196.053	6860
197.319	6925
198.587	6885
199.853	6897
201.119	6840
202.386	6817
203.652	6895
204.917	6919
206.183	6865
207.448	6833
208.713	6787
209.979	6783
211.243	6805
212.507	6764
213.771	6822
215.036	6796
216.299	6743
217.563	6761
218.827	6841
220.09	6861
221.353	6825
222.615	6710
223.879	6762
225.141	6766
226.403	6742
227.664	6717
228.925	6768
230.188	6745
231.449	6759
232.71	6800
233.97	6742
235.231	6753
236.491	6699
237.752	6690
239.012	6745
240.272	6734.5
241.531	6724
242.79	6722
244.049	6712
245.308	6659
246.566	6714
247.826	6675
249.084	6691
250.342	6613
251.6	6635
252.857	6598
254.115	6608
255.372	6592.5
256.629	6577
257.885	6595
259.142	6539
260.398	6534
261.654	6494
262.91	6544
264.166	6441
265.421	6536
266.677	6464
267.932	6467
269.187	6531
270.441	6469
271.696	6526
272.95	6460
274.204	6504
275.458	6559
276.712	6459
277.964	6550
279.217	6549
280.47	6460
281.723	6536
282.975	6543
284.228	6548
285.48	6578
286.732	6570
287.984	6517
289.234	6507
290.485	6631
291.737	6537
292.988	6566
294.239	6563
295.488	6615
296.738	6593
297.988	6535
299.238	6590
300.488	6573
301.736	6656
302.986	6653
304.235	6640
305.484	6668
306.731	6625
307.98	6554
309.228	6516
310.477	6613
311.723	6568
312.971	6631
314.218	6598
315.464	6511
316.712	6629
317.959	6659
319.204	6683
320.451	6578
321.697	6625
322.942	6629
324.188	6607
325.432	6556
326.678	6590
327.923	6575
329.167	6617
330.412	6608
331.655	6649
332.9	6623
334.144	6620
335.387	6611
336.631	6650
337.873	6686
339.117	6629
340.359	6631
341.602	6694
342.843	6738
344.086	6708
345.327	6717
346.57	6645
347.81	6693
349.052	6679
350.293	6699
351.534	6734
352.774	6675
354.016	6649
355.255	6674
356.496	6544
357.735	6665
358.974	6646
360.214	6599
361.453	6652
362.693	6675
363.931	6655
365.169	6597
366.408	6645
367.645	6648
368.883	6572
370.121	6621
371.358	6618
372.595	6578
373.833	6614
375.07	6606
376.306	6649
377.543	6599
378.779	6634
380.014	6491
381.251	6513
382.486	6447
383.721	6489
384.956	6479
386.192	6428
387.427	6438
388.661	6453
389.895	6498
391.129	6431
392.364	6483
393.597	6499
394.83	6559
396.063	6572
397.296	6549
398.53	6592
399.763	6680
400.995	6597
402.227	6687
403.459	6665
404.69	6774
405.922	6790
407.154	6753
408.385	6812
409.616	6827
410.847	6903
412.077	6940
413.308	6950
414.538	7054
415.767	7074
416.997	7201
418.227	7288
419.456	7341
420.685	7415
421.914	7536
423.142	7605
424.371	7691
425.599	7751
426.827	7803
428.055	7765
429.283	7878
430.51	7904
431.738	7809
432.965	7805
434.192	7766
435.418	7693
436.645	7659
437.871	7677
439.097	7590
440.323	7514
441.549	7400
442.773	7345
443.998	7373
445.224	7290
446.449	7289
447.673	7246
448.898	7121
450.122	7107
451.345	7059
452.569	7027
453.793	6934
455.016	6982
456.24	6830
457.461	6954
458.684	6915
459.907	6895
461.13	6785
462.351	6835
463.573	6821
464.795	6848
466.017	6849
467.237	6741
468.459	6742
469.68	6739
470.901	6729
472.12	6695
473.341	6719
474.561	6757
475.78	6612
477	6720
478.22	6665
479.439	6653
480.658	6670
481.877	6604
483.095	6616
484.314	6621
485.531	6651
486.75	6619
487.968	6597
489.185	6629
490.403	6599
491.619	6585
492.837	6703
494.053	6630
495.27	6629
496.485	6688
497.702	6670
498.919	6648
500.134	6729
501.35	6614
502.564	6654
503.779	6670
504.995	6650
506.209	6754
507.424	6694
508.637	6702
509.852	6693
511.065	6660
512.28	6713
513.493	6685
514.707	6730
515.919	6772
517.132	6695
518.345	6738
519.557	6725
520.769	6801
521.982	6702
523.193	6768
524.406	6829
525.616	6744
526.827	6801
528.039	6785
529.25	6724
530.46	6788
531.67	6792
532.881	6826
534.09	6842
535.3	6868
536.51	6854
537.719	6747
538.928	6845
540.137	6810
541.347	6845
542.555	6792
543.763	6804
544.971	6812
546.179	6817
547.388	6702
548.595	6666
549.802	6746
551.009	6727
552.216	6661
553.422	6587
554.63	6663
555.836	6692
557.042	6740
558.248	6614
559.453	6640
560.659	6595
561.864	6629
563.069	6544
564.274	6595
565.48	6559
566.684	6559
567.888	6583
569.092	6491
570.296	6505
571.5	6544
572.703	6546
573.907	6524
575.11	6482
576.313	6479
577.515	6486
578.718	6495
579.92	6527
581.122	6538
582.324	6490
583.526	6617
584.728	6597
585.929	6681
587.129	6553
588.33	6672
589.531	6686
590.731	6627
591.932	6728
593.132	6715
594.332	6805
595.532	6748
596.732	6737
597.93	6697
599.129	6738
600.328	6717
601.527	6657
602.726	6662
603.924	6670
605.121	6661
606.319	6640
607.517	6602
608.715	6696
609.913	6532
611.109	6625
612.306	6652
613.503	6719
614.699	6709
615.895	6678
617.092	6641
618.288	6656
619.483	6634
620.679	6632
621.874	6655
623.068	6649
624.264	6696
625.459	6717
626.652	6698
627.847	6677
629.042	6710
630.235	6705
631.429	6723
632.623	6672
633.815	6702
635.009	6579
636.201	6697
637.394	6698
638.586	6644
639.779	6624
640.972	6745
642.163	6673
643.355	6684
644.546	6604
645.738	6672
646.928	6650
648.12	6717
649.31	6715
650.501	6624
651.691	6695
652.882	6659
654.071	6657
655.261	6696
656.45	6649
657.639	6674
658.829	6701
660.017	6738
661.207	6674
662.394	6689
663.582	6683
664.771	6737
665.959	6774
667.147	6696
668.334	6763
669.521	6755
670.709	6825
671.896	6793
673.082	6756
674.269	6867
675.455	6904
676.641	6866
677.828	6878
679.013	6846
680.198	6882
681.383	6891
682.569	6958
683.754	6910
684.938	6924
686.123	6921
687.308	6968
688.492	6894
689.676	7004
690.859	6986
692.042	6962
693.227	6965
694.41	7010
695.593	7075
696.775	6965
697.957	6997
699.14	7058
700.323	7057
701.505	6957
702.686	7057
703.868	7006
705.049	6963
706.23	6986
707.411	7032
708.592	6963
709.772	7038
710.953	6983
712.133	7027
713.313	7050
714.493	6957
715.672	7016
716.852	6994
718.031	6949
719.21	7051
720.389	6946
721.567	6944
722.746	7000
723.924	6978
725.102	6973
726.28	6941
727.458	6936
728.636	6887
729.813	7029
730.99	6958
732.167	6983
733.344	6999
734.521	6969
735.697	6980
736.872	7018
738.048	7016
739.224	7011
740.4	7008
741.575	7023
742.751	7057
743.925	7084
745.1	7052
746.274	7006
747.449	7084
748.623	7041
749.796	7143
750.97	7079
752.144	7085
753.318	7154
754.49	7152
755.664	7195
756.837	7169
758.01	7125
759.181	7263
760.354	7196
761.526	7272
762.697	7220
763.869	7221
765.041	7249
766.211	7328
767.383	7362
768.554	7281
769.724	7329
770.895	7402
772.064	7320
773.235	7350
774.405	7335
775.574	7458
776.744	7378
777.913	7391
779.083	7420
780.251	7421
781.42	7362
782.589	7382
783.757	7361
784.926	7379
786.093	7452
787.261	7392
788.428	7426
789.596	7424
790.763	7351
791.93	7432
793.097	7402
794.263	7450
795.43	7387
796.595	7362
797.762	7304
798.927	7385
800.094	7418
801.259	7460
802.423	7388
803.589	7460
804.754	7415
805.918	7383
807.083	7364
808.247	7504
809.41	7388
810.575	7383
811.738	7391
812.902	7364
814.066	7410
815.229	7430
816.391	7434
817.555	7494
818.717	7400
819.879	7573
821.041	7469
822.204	7555
823.365	7620
824.526	7640
825.688	7561
826.848	7673
828.011	7769
829.171	7807
830.331	7837
831.492	7683
832.652	7726
833.811	7779
834.972	7734
836.132	7689
837.291	7762
838.45	7692
839.609	7667
840.768	7654
841.927	7513
843.085	7655
844.243	7750
845.401	7695
846.559	7719
847.717	7826
848.876	7751
850.033	7854.5
851.19	7958
852.347	7927
853.504	7913
854.66	8050
855.817	8067
856.973	8237
858.128	8220
859.284	8337
860.439	8380
861.595	8531
862.75	8742
863.905	8864
865.06	9111
866.215	9453
867.37	9796
868.524	10230
869.679	10772
870.831	11536
871.985	12459
873.139	13474
874.293	14488
875.446	15259
876.599	16221
877.751	16774
878.904	16946
880.056	16813
881.209	16231
882.361	15514
883.512	14612
884.664	13582
885.816	12620
886.967	11821
888.117	10993
889.269	10302
890.42	9752
891.57	9293
892.72	8911
893.87	8771
895.021	8461
896.17	8264
897.32	8176
898.469	7963
899.618	7881
900.767	7803
901.917	7781
903.064	7669
904.213	7646
905.361	7556
906.509	7565
907.658	7511
908.805	7486
909.953	7443
911.099	7400
912.247	7292
913.393	7370
914.54	7391
915.686	7411
916.833	7275
917.979	7293
919.125	7391
920.27	7356
921.417	7330
922.561	7334
923.707	7347
924.852	7301
925.997	7364
927.141	7380
928.285	7415
929.43	7407
930.574	7433
931.719	7348
932.862	7359
934.005	7374
935.149	7362
936.292	7363
937.434	7421
938.578	7411
939.72	7390
940.862	7481
942.005	7446
943.147	7491
944.288	7460
945.431	7517
946.572	7543
947.713	7385
948.853	7518
949.995	7444
951.135	7558
952.276	7566
953.416	7555
954.557	7447
955.697	7557
956.836	7608
957.975	7574
959.115	7489
960.255	7578
961.394	7480
962.532	7540
963.671	7573
964.809	7554
965.947	7614
967.085	7549
968.223	7549
969.362	7610
970.499	7597
971.636	7611
972.773	7643
973.91	7596
975.047	7552
976.183	7579
977.32	7583
978.456	7602
979.592	7515
980.728	7540
981.863	7507
982.999	7645
984.134	7531
985.269	7577
986.404	7629
987.539	7519
988.674	7639
989.808	7544
990.942	7611
992.075	7544
993.209	7620
994.343	7604
995.476	7623
996.61	7634
997.743	7592
998.876	7624
1000.01	7684
1001.14	7664
1002.27	7751
1003.41	7760
1004.54	7838
1005.67	7874
1006.8	7941
1007.93	8006
1009.06	8088
1010.19	8098
1011.33	8336
1012.46	8390
1013.59	8512
1014.72	8617
1015.85	8730
1016.98	8977
1018.11	9076
1019.24	9357
1020.36	9505
1021.49	9680
1022.62	9974
1023.75	10107
1024.88	10399
1026.01	10522
1027.14	10787
1028.27	10929
1029.39	11029
1030.52	11047
1031.65	11164
1032.78	11217
1033.9	11129
1035.03	11150
1036.16	11006
1037.28	10822
1038.41	10657
1039.53	10570
1040.66	10431
1041.79	10382
1042.91	10330
1044.04	10216
1045.16	10079
1046.29	10092
1047.41	10045
1048.54	9900
1049.66	9828
1050.79	9858
1051.91	9479
1053.04	9457
1054.16	9212
1055.28	8995
1056.41	8844
1057.53	8769
1058.65	8711
1059.78	8470
1060.9	8486
1062.02	8354
1063.14	8358
1064.27	8240
1065.39	8282
1066.51	8130
1067.63	8246
1068.75	8297
1069.87	8205
1070.99	8288
1072.12	8278
1073.24	8367
1074.36	8394
1075.48	8470
1076.6	8595
1077.72	8624
1078.84	8814
1079.96	8807
1081.08	9005
1082.19	9065
1083.31	9270
1084.43	9317
1085.55	9490
1086.67	9502
1087.79	9648
1088.91	9728
1090.02	9789
1091.14	9782
1092.26	9731
1093.38	9660
1094.49	9611
1095.61	9476
1096.73	9330
1097.85	9131
1098.96	8972
1100.08	8804
1101.19	8771
1102.31	8644
1103.43	8609
1104.54	8480
1105.66	8368
1106.77	8350
1107.89	8309
1109	8240
1110.12	8134
1111.23	8204
1112.35	8193
1113.46	8109
1114.57	8106
1115.69	8037
1116.8	8031
1117.91	7933
1119.03	8012
1120.14	7972
1121.25	7866
1122.37	7891
1123.48	7754
1124.59	7732
1125.7	7696
1126.82	7636
1127.93	7665
1129.04	7528
1130.15	7533
1131.26	7488
1132.37	7463
1133.48	7459
1134.59	7423
1135.7	7342
1136.81	7355
1137.92	7264
1139.04	7346
1140.14	7269
1141.25	7251
1142.36	7145
1143.47	7249
1144.58	7197
1145.69	7234
1146.8	7251
1147.91	7109
1149.02	7105
1150.12	7049
1151.23	7117
1152.34	7076
1153.45	7078
1154.56	7074.96
1155.66	6916.42
1156.77	6961.41
1157.88	7025.13
1158.98	6919.05
1160.09	6848.86
1161.2	6820.01
1162.3	6860.28
1163.41	6836.73
1164.51	6770.66
1165.62	6850.1
1166.73	6706.57
1167.83	6813.51
1168.94	6708.56
1170.04	6680.65
1171.15	6658.78
1172.25	6590.66
1173.35	6656.05
1174.46	6586.08
1175.56	6555.27
1176.67	6590.75
1177.77	6576.2
1178.87	6552.77
1179.98	6438.41
1181.08	6469.07
1182.18	6499.9
1183.29	6460.69
1184.39	6454.93
1185.49	6388.35
1186.59	6385.19
1187.7	6435.63
1188.8	6421.48
1189.9	6409.26
1191	6441.62
1192.1	6399.55
1193.2	6357.81
1194.3	6363.54
1195.4	6424.09
1196.51	6353.85
1197.61	6338.29
1198.71	6376.05
1199.81	6376.77
1200.91	6331.49
1202.01	6376.74
1203.11	6393.11
1204.2	6388.67
1205.31	6327.3
1206.4	6343.21
1207.5	6359.7
1208.6	6332.38
1209.7	6356.88
1210.8	6367.11
1211.9	6343.05
1212.99	6356.74
1214.09	6352.86
1215.19	6351.46
1216.29	6342.88
1217.38	6367.03
1218.48	6316.32
1219.58	6388.58
1220.67	6402.29
1221.77	6363.21
1222.87	6405.32
1223.96	6399.57
1225.06	6396.89
1226.16	6365.8
1227.25	6388.77
1228.35	6378.56
1229.44	6437.45
1230.54	6454.04
1231.63	6473.47
1232.73	6483.7
1233.82	6514.71
1234.92	6486.25
1236.01	6456.37
1237.1	6524.19
1238.2	6546.28
1239.29	6529.91
1240.39	6527.23
1241.48	6520.76
1242.57	6513.63
1243.66	6534.31
1244.76	6575.25
1245.85	6603.06
1246.94	6587.41
1248.03	6613.5
1249.13	6662.85
1250.22	6662.48
1251.31	6701.48
1252.4	6712.23
1253.49	6707.8
1254.59	6731.69
1255.68	6780.54
1256.77	6833.15
1257.86	6898.72
1258.95	6920.39
1260.04	6935.17
1261.13	7048.13
1262.22	7116.17
1263.31	7197.12
1264.4	7300.05
1265.49	7313.8
1265.94	7298
1267.03	7469
1268.13	7480
1269.22	7649
1270.31	7610
1271.41	7610
1272.5	7613
1273.6	7568
1274.69	7522
1275.78	7493
1276.88	7379
1277.97	7382
1279.06	7272
1280.15	7196
1281.25	7145
1282.34	7054
1283.43	7010
1284.52	6862
1285.61	6729
1286.71	6827
1287.8	6701
1288.89	6597
1289.98	6616
1291.07	6525
1292.16	6524
1293.25	6498
1294.34	6475
1295.43	6555
1296.52	6460
1297.61	6435
1298.7	6408
1299.79	6448
1300.88	6389
1301.97	6350
1303.06	6341
1304.15	6341
1305.23	6356
1306.32	6364
1307.41	6280
1308.5	6197
1309.59	6260
1310.67	6298
1311.76	6247
1312.85	6167
1313.94	6215
1315.02	6192
1316.11	6142
1317.2	6154.5
1318.28	6167
1319.37	6183
1320.46	6122
1321.54	6188
1322.63	6148
1323.71	6164
1324.8	6160
1325.88	6184
1326.97	6207
1328.05	6202
1329.14	6155
1330.22	6128.5
1331.31	6102
1332.39	6137
1333.48	6105
1334.56	6111
1335.64	6189
1336.73	6128
1337.81	6167
1338.89	6129
1339.98	6132
1341.06	6136
1342.14	6232
1343.22	6121
1344.31	6187
1345.39	6214
1346.47	6151
1347.55	6109
1348.63	6262
1349.72	6237
1350.8	6203
1351.88	6225
1352.96	6288
1354.04	6265
1355.12	6306
1356.2	6256
1357.28	6393
1358.36	6313
1359.44	6380
1360.52	6371
1361.6	6377
1362.68	6420
1363.76	6433
1364.84	6447
1365.92	6481
1366.99	6519
1368.07	6514
1369.15	6537
1370.23	6638
1371.31	6667
1372.39	6701
1373.46	6726
1374.54	6745
1375.62	6776
1376.7	6814
1377.77	6843
1378.85	6868
1379.92	6866
1381	6868
1382.08	6815
1383.15	6833
1384.23	7016
1385.31	6857
1386.38	6938
1387.46	6917
1388.53	6986
1389.61	7004
1390.68	7027
1391.76	7100
1392.83	7127
1393.91	7114
1394.98	7165
1396.05	7205
1397.13	7241
1398.2	7394
1399.28	7258
1400.35	7529
1401.42	7367
1402.5	7391
1403.57	7415
1404.64	7391
1405.71	7458
1406.79	7330
1407.86	7404
1408.93	7408
1410	7436
1411.07	7341
1412.14	7443
1413.22	7435
1414.29	7437
1415.36	7437
1416.43	7463
1417.5	7461
1418.57	7489
1419.64	7531
1420.71	7588
1421.78	7598
1422.85	7594
1423.92	7673
1424.99	7711
1426.06	7657
1427.13	7794
1428.2	7846
1429.27	7812
1430.33	7989
1431.4	8095
1432.47	8111
1433.54	8172
1434.61	8410
1435.68	8453
1436.74	8714
1437.81	8754
1438.88	8970
1439.95	9270
1441.01	9467
1442.08	9753
1443.15	9835
1444.21	10133
1445.28	10257
1446.35	10361
1447.41	10485
1448.48	10502
1449.54	10519
1450.61	10663
1451.67	10661
1452.74	10489
1453.8	10447
1454.87	10267
1455.93	10057
1457	9958
1458.06	9790
1459.12	9478
1460.19	9405
1461.25	9260
1462.32	9094
1463.38	8991
1464.44	8782
1465.51	8730
1466.57	8661
1467.63	8537
1468.69	8497
1469.76	8483
1470.82	8430
1471.88	8412
1472.94	8385
1474.01	8262
1475.07	8308
1476.13	8276
1477.19	8303
1478.25	8260
1479.31	8202
1480.37	8180
1481.43	8083
1482.49	8051
1483.55	7949
1484.61	7962
1485.67	7868
1486.73	7679
1487.79	7708
1488.85	7493
1489.91	7433
1490.97	7447
1492.03	7359
1493.09	7313
1494.15	7278
1495.2	7123
1496.26	7120
1497.32	7077
1498.38	7017
1499.44	6970
1500.49	6912
1501.55	6802
1502.61	6782
1503.67	6765
1504.72	6710
1505.78	6727
1506.84	6722
1507.89	6613
1508.95	6682
1510	6559
1511.06	6539
1512.12	6495
1513.17	6446
1514.23	6531
1515.28	6390
1516.34	6386
1517.39	6368
1518.45	6265
1519.5	6315
1520.56	6302
1521.61	6283
1522.66	6253
1523.72	6251
1524.77	6239
1525.82	6116
1526.88	6094
1527.93	6156
1528.99	6105
1530.04	6136
1531.09	6103
1532.14	6092
1533.2	6040
1534.25	5915
1535.3	5906
1536.35	5938
1537.4	5903
1538.45	5917
1539.51	5900
1540.56	5862
1541.61	5855
1542.66	5766
1543.71	5831
1544.76	5819
1545.81	5739
1546.86	5723
1547.91	5725
1548.96	5779
1550.01	5670
1551.06	5727
1552.11	5729
1553.16	5647
1554.21	5636
1555.26	5715
1556.31	5734
1557.35	5704
1558.4	5597
1559.45	5652
1560.5	5597
1561.55	5676
1562.6	5612
1563.64	5639
1564.69	5572
1565.74	5581
1566.79	5580
1567.83	5616
1568.88	5597
1569.93	5606
1570.97	5545
1572.02	5562
1573.06	5635
1574.11	5627
1575.16	5577
1576.2	5601
1577.25	5645
1578.29	5629
1579.34	5640
1580.38	5677
1581.43	5597
1582.47	5640
1583.52	5641
1584.56	5613
1585.61	5600
1586.65	5627
1587.69	5640
1588.74	5628
1589.78	5696
1590.82	5709
1591.87	5706
1592.91	5649
1593.95	5615
1594.99	5695
1596.04	5697
1597.08	5747
1598.12	5717
1599.16	5755
1600.21	5807
1601.25	5739
1602.29	5795
1603.33	5769
1604.37	5792
1605.41	5809
1606.45	5770
1607.49	5807
1608.54	5798
1609.58	5833
1610.62	5837
1611.66	5787
1612.7	5903
1613.74	5825
1614.78	5804
1615.81	5876
1616.85	5768
1617.89	5843
1618.93	5855
1619.97	5862
1621.01	5873
1622.05	5827
1623.09	5824
1624.12	5784
1625.16	5924
1626.2	5758
1627.24	5936
1628.28	5902
1629.31	5929
1630.35	5947
1631.39	5918
1632.42	5999
1633.46	6054
1634.5	6068
1635.53	6085
1636.57	6134
1637.61	6096
1638.64	6056
1639.68	6023
1640.71	5966
1641.75	5872
1642.78	5910
1643.82	5746
1644.85	5718
1645.89	5700
1646.92	5708
1647.96	5622
1648.99	5586
1650.02	5617
1651.06	5599
1652.09	5532
1653.13	5518
1654.16	5582
1655.19	5479
1656.23	5558
1657.26	5452
1658.29	5434
1659.32	5505
1660.36	5440
1661.39	5424
1662.42	5399
1663.45	5405
1664.48	5337
1665.52	5401
1666.55	5400
1667.58	5369
1668.61	5406
1669.64	5366
1670.67	5391
1671.7	5323
1672.73	5339
1673.76	5298
1674.79	5292
1675.82	5284
1676.85	5262
1677.88	5276
1678.91	5278
1679.94	5322
1680.97	5266
1682	5249
1683.03	5235
1684.06	5183
1685.09	5233
1686.12	5152
1687.14	5266
1688.17	5248
1689.2	5259
1690.23	5186
1691.25	5207
1692.28	5179
1693.31	5197
1694.34	5142
1695.36	5278
1696.39	5203
1697.42	5254
1698.44	5179
1699.47	5228
1700.5	5213
1701.52	5203
1702.55	5289
1703.57	5236
1704.6	5152
1705.62	5150
1706.65	5187
1707.68	5191
1708.7	5189
1709.73	5174
1710.75	5111
1711.77	5187
1712.8	5126
1713.82	5122
1714.85	5139
1715.87	5089
1716.89	5129
1717.92	5147
1718.94	5123
1719.96	5162
1720.99	5140
1722.01	5157
1723.03	5135
1724.05	5193
1725.08	5191
1726.1	5163
1727.12	5132
1728.14	5072
1729.17	5124
1730.19	5037
1731.21	5071
1732.23	5034
1733.25	5015
1734.27	5043
1735.29	4973
1736.31	4991
1737.33	5019
1738.35	4987
1739.37	5028
1740.39	4957
1741.41	4921
1742.43	4989
1743.45	5022
1744.47	4920
1745.49	4953
1746.51	5033
1747.53	5007
1748.55	4924
1749.57	4956
1750.58	5057
1751.6	4964
1752.62	4980
1753.64	5025
1754.66	4991
1755.67	4924
1756.69	4958
1757.71	4947
1758.73	5000
1759.74	5016
1760.76	5046
1761.78	4973
1762.79	5047
1763.81	5012
1764.83	5028
1765.84	5069
1766.86	5043
1767.87	5072
1768.89	5004
1769.9	5064
1770.92	5105
1771.93	5073
1772.95	5089
1773.96	5134
1774.98	5066
1775.99	5067
1777.01	5118
1778.02	5130
1779.04	5176
1780.05	5169
1781.06	5178
1782.08	5150
1783.09	5141
1784.1	5186
1785.12	5161
1786.13	5175
1787.14	5123
1788.15	5162
1789.17	5124
1790.18	5114
1791.19	5279
1792.2	5174
1793.21	5163
1794.23	5212
1795.24	5179
1796.25	5199
1797.26	5213
1798.27	5206
1799.28	5176
1800.29	5191
1801.3	5147
1802.31	5202
1803.32	5139
1804.33	5169
1805.34	5175
1806.35	5161
1807.36	5209
1808.37	5104
1809.38	5157
1810.39	5134
1811.4	5164
1812.41	5129
1813.42	5121
1814.42	5100
1815.43	5166
1816.44	5127
1817.45	5020
1818.46	5001
1819.46	5076
1820.47	5062
1821.48	5053
1822.49	5092
1823.49	5058
1824.5	5094
1825.51	5012
1826.51	4963
1827.52	4998
1828.53	4973
1829.53	4965
1830.54	4954
1831.55	4910
1832.55	4961
1833.56	4927
1834.56	4963
1835.57	4857
1836.57	4809
1837.58	4876
1838.58	4752
1839.59	4811
1840.59	4855
1841.59	4817
1842.6	4810
1843.6	4799
1844.61	4776.5
1845.61	4754
1846.61	4679
1847.62	4688
1848.62	4774
1849.62	4712
1850.63	4655
1851.63	4756
1852.63	4609
1853.63	4633
1854.64	4626
1855.64	4664
1856.64	4649
1857.64	4546
1858.64	4595
1859.64	4634
1860.65	4658
1861.65	4586
1862.65	4564
1863.65	4551
1864.65	4594
1865.65	4572
1866.65	4532
1867.65	4552
1868.65	4552
1869.65	4570
1870.65	4514
1871.65	4548
1872.65	4573
1873.65	4520
1874.65	4525
1875.65	4547
1876.65	4549
1877.64	4583
1878.64	4522
1879.64	4566
1880.64	4479
1881.64	4511
1882.64	4556
1883.63	4529
1884.63	4566
1885.63	4536
1886.63	4548
1887.62	4642
1888.62	4623
1889.62	4560
1890.61	4566
1891.61	4594
1892.61	4545
1893.6	4582
1894.6	4595
1895.59	4566
1896.59	4605.5
1897.59	4645
1898.58	4541
1899.58	4571
1900.57	4616
1901.57	4632
1902.56	4570
1903.56	4647
1904.55	4608
1905.55	4626
1906.54	4641
1907.53	4562
1908.53	4602
1909.52	4672
1910.51	4628
1911.51	4639
1912.5	4561
1913.49	4613
1914.49	4642
1915.48	4736
1916.47	4622
1917.47	4622
1918.46	4640
1919.45	4618
1920.44	4666
1921.43	4588
1922.43	4650
1923.42	4604
1924.41	4681
1925.4	4639
1926.39	4624
1927.38	4629
1928.37	4636
1929.36	4559
1930.35	4624
1931.35	4636
1932.34	4563
1933.33	4603
1934.32	4577
1935.31	4586
1936.29	4617
1937.29	4509
1938.27	4549
1939.26	4582
1940.25	4595
1941.24	4516
1942.23	4601
1943.22	4551
1944.21	4457
1945.2	4483
1946.18	4494
1947.17	4549
1948.16	4529
1949.15	4486
1950.13	4507
1951.12	4457
1952.11	4476
1953.1	4454
1954.08	4431
1955.07	4435
1956.06	4462
1957.04	4455
1958.03	4453
1959.02	4451
1960	4429
1960.99	4446
1961.97	4403
1962.96	4367
1963.94	4425
1964.93	4360
1965.91	4408
1966.9	4388
1967.88	4303
1968.87	4332
1969.85	4334
1970.84	4335
1971.82	4296
1972.8	4311
1973.79	4257
1974.77	4270
1975.76	4238
1976.74	4330
1977.72	4325
1978.71	4291
1979.69	4280
1980.67	4238
1981.65	4252
1982.64	4297
1983.62	4266
1984.6	4310
1985.58	4297
1986.57	4299
1987.55	4254
1988.53	4274
1989.51	4287
1990.49	4297
1991.47	4271
1992.45	4269
1993.43	4295
1994.42	4250
1995.4	4280
1996.38	4281
1997.36	4273
1998.34	4341
1999.32	4311
2000.3	4334
2001.28	4295
2002.26	4340
2003.23	4352
2004.21	4391
2005.19	4402
2006.17	4317
2007.15	4314
2008.13	4340
2009.11	4338
2010.09	4357
2011.06	4388
2012.04	4428
2013.02	4343
2014	4372
2014.98	4348
2015.95	4427
2016.93	4435
2017.91	4365
2018.88	4435
2019.86	4405
2020.84	4478
2021.81	4437
2022.79	4449
2023.77	4425
2024.74	4503
2025.72	4463
2026.69	4429
2027.67	4430
2028.65	4463
2029.62	4419
2030.6	4435
2031.57	4431
2032.55	4462
2033.52	4452
2034.5	4447
2035.47	4478
2036.44	4490
2037.42	4506
2038.39	4502
2039.37	4470
2040.34	4435
2041.31	4500
2042.29	4455
2043.26	4494
2044.23	4449
2045.21	4438
2046.18	4488
2047.15	4443
2048.12	4504
2049.1	4445
2050.07	4477
2051.04	4454
2052.01	4483
2052.98	4466
2053.96	4438
2054.93	4452
2055.9	4339
2056.87	4449
2057.84	4421
2058.81	4416
2059.78	4377
2060.75	4460
2061.72	4371
2062.69	4386
2063.66	4408
2064.63	4332
2065.6	4386
2066.57	4434
2067.54	4423
2068.51	4348
2069.48	4376
2070.45	4388
2071.42	4404
2072.39	4365
2073.36	4374
2074.32	4280
2075.29	4334
2076.26	4322
2077.23	4315
2078.2	4297
2079.16	4281
2080.13	4262
2081.1	4337
2082.07	4306
2083.03	4278
2084	4256
2084.97	4313
2085.93	4268
2086.9	4256
2087.87	4279
2088.83	4287
2089.8	4233
2090.77	4256
2091.73	4268
2092.7	4224
2093.66	4192
2094.63	4228
2095.59	4271
2096.56	4249
2097.52	4259
2098.49	4167
2099.45	4176
2100.42	4226
2101.38	4167
2102.35	4150
2103.31	4081
2104.27	4120
2105.24	4137
2106.2	4147
2107.16	4111
2108.13	4173
2109.09	4123
2110.05	4174.86
2111.02	4142.02
2111.98	4140.56
2112.94	4129.1
2113.9	4127.98
2114.87	4065.33
2115.83	4092.38
2116.79	4103.89
2117.75	4085.15
2118.71	4133.95
2119.68	4069.96
2120.64	4070.18
2121.6	4069.89
2122.56	4037.27
2123.52	4041.86
2124.48	4083.03
2125.44	4071.54
2126.4	4028.42
2127.36	4085.12
2128.32	4009.06
2129.28	4041.91
2130.24	4017.25
2131.2	4054.71
2132.16	4028.02
2133.12	4019.18
2134.08	4049.93
2135.04	3984.91
2136	3976.46
2136.96	3984.87
2137.92	4044.57
2138.88	4052
2139.83	4010.48
2140.79	4002.92
2141.75	3986.14
2142.71	4034.79
2143.67	4008.24
2144.62	4004.08
2145.58	3957.95
2146.54	3986
2147.5	3999.06
2148.45	3967.77
2149.41	3950.57
2150.37	3972.31
2151.32	3932.5
2152.28	3953.03
2153.24	3948.26
2154.19	3971.59
2155.15	3931.24
2156.11	3931.4
2157.06	3927.66
2158.02	3935.11
2158.97	3917.03
2159.93	3931.07
2160.88	3909.01
2161.84	3947.28
2162.79	3921.51
2163.75	3910.08
2164.7	3884.55
2165.66	3894.31
2166.61	3926.06
2167.57	3885.72
2168.52	3861.35
2169.48	3869.67
2170.43	3875.58
2171.38	3898.94
2172.34	3888.74
2173.29	3871.15
2174.24	3864.52
2175.2	3877.88
2176.15	3854.23
2177.1	3857.17
2178.05	3858.02
2179.01	3862.85
2179.96	3865.65
2180.91	3830.55
2181.86	3830.28
2182.82	3814.51
2183.77	3802.15
2184.72	3824.25
2185.67	3846.49
2186.62	3849.98
2187.57	3870.55
2188.52	3849.58
2189.47	3804.5
2190.43	3807.36
2191.38	3844.49
2192.33	3839.29
2193.28	3796.92
2194.23	3812.86
2195.18	3786.9
2196.13	3796.13
2197.08	3827.88
2198.03	3843.95
2198.98	3797.85
2199.93	3825.61
2200.87	3840.87
2201.82	3863.13
2202.77	3840.13
2203.72	3805.26
2204.67	3787.11
2205.62	3812.62
2205.98	3831
2206.93	3776
2207.88	3867
2208.84	3829
2209.79	3825
2210.74	3821
2211.69	3806
2212.65	3762
2213.6	3813
2214.55	3881
2215.5	3878
2216.45	3846
2217.41	3812
2218.36	3819
2219.31	3854
2220.26	3812
2221.21	3817
2222.16	3847
2223.11	3870
2224.06	3906
2225.01	3840
2225.96	3831
2226.91	3865
2227.86	3888
2228.81	3875
2229.76	3926
2230.71	3854
2231.66	3856
2232.61	3855
2233.56	3898
2234.51	3856
2235.46	3857
2236.41	3911
2237.36	3913
2238.31	3869
2239.25	3922
2240.2	3878
2241.15	3829
2242.1	3933
2243.05	3879
2243.99	3952
2244.94	3870
2245.89	3894
2246.83	3890
2247.78	3921
2248.73	3859
2249.68	3919
2250.62	3892
2251.57	3894
2252.52	3896
2253.46	3927
2254.41	3884
2255.35	3925
2256.3	3909
2257.25	3852
2258.19	3859
2259.14	3904
2260.08	3804
2261.03	3888
2261.97	3851
2262.92	3858.5
2263.86	3866
2264.81	3881
2265.75	3879
2266.7	3862
2267.64	3799
2268.58	3900
2269.53	3924
2270.47	3932
2271.41	3934
2272.36	3872
2273.3	3823
2274.24	3919
2275.19	3865
2276.13	3928
2277.07	3902
2278.02	3851
2278.96	3886
2279.9	3891
2280.84	3859
2281.78	3854
2282.73	3894
2283.67	3831
2284.61	3886
2285.55	3814
2286.49	3863
2287.43	3833
2288.38	3855
2289.32	3887
2290.26	3831
2291.2	3841
2292.14	3852
2293.08	3859
2294.02	3829
2294.96	3892
2295.9	3860
2296.84	3847
2297.78	3817
2298.72	3794
2299.66	3862
2300.59	3809
2301.53	3879
2302.47	3855
2303.41	3877
2304.35	3887
2305.29	3829
2306.23	3826
2307.17	3872
2308.1	3841
2309.04	3846
2309.98	3919
2310.92	3859
2311.85	3852
2312.79	3829
2313.73	3824
2314.67	3847
2315.6	3858
2316.54	3849
2317.48	3906
2318.41	3838
2319.35	3861
2320.29	3912
2321.22	3905
2322.16	3895
2323.09	3848
2324.03	3821
2324.97	3884
2325.9	3910
2326.84	3885
2327.77	3879
2328.71	3937
2329.64	3888
2330.58	3893
2331.51	3907
2332.45	3892
2333.38	3927
2334.31	3892
2335.25	3936
2336.18	3887
2337.12	3989
2338.05	3964
2338.98	3908
2339.92	3950
2340.85	3961
2341.78	3939
2342.72	3935
2343.65	3948
2344.58	3896
2345.51	3959
2346.45	3943
2347.38	3941
2348.31	3887
2349.24	3911
2350.17	3917
2351.11	3984
2352.04	3990
2352.97	3999
2353.9	3994
2354.83	3985
2355.76	3987
2356.69	4014
2357.62	3919
2358.55	3965
2359.48	3990
2360.42	3963
2361.35	4042
2362.27	4002
2363.21	3969
2364.13	3968
2365.07	3988
2365.99	3981
2366.92	3949
2367.85	4008
2368.78	3984
2369.71	3990
2370.64	3956
2371.57	3992
2372.5	3971
2373.43	3940
2374.35	3921
2375.28	3954
2376.21	3895
2377.14	3958
2378.07	3952
2378.99	3936
2379.92	3917
2380.85	3952
2381.77	3897
2382.7	3912
2383.63	3949
2384.56	3964
2385.48	3914
2386.41	3937
2387.33	3987
2388.26	3856
2389.19	3911
2390.11	3879
2391.04	3881
2391.96	3935
2392.89	3959
2393.82	3895
2394.74	3907
2395.67	3884
2396.59	3886
2397.51	3859
2398.44	3932
2399.36	3895
2400.29	3896
2401.21	3941
2402.14	3852
2403.06	3855
2403.98	3892
2404.91	3876
2405.83	3893
2406.76	3859
2407.68	3932
2408.6	3846
2409.52	3837
2410.45	3906
2411.37	3891
2412.29	3791
2413.22	3841
2414.14	3858
2415.06	3867
2415.98	3806
2416.9	3826
2417.83	3883
2418.75	3819
2419.67	3823
2420.59	3813
2421.51	3815
2422.43	3845
2423.35	3835
2424.27	3812
2425.2	3811
2426.12	3784
2427.04	3810
2427.96	3790
2428.88	3758
2429.8	3870
2430.72	3819
2431.64	3758
2432.56	3813
2433.48	3838
2434.4	3810
2435.31	3779
2436.23	3804
2437.15	3825
2438.07	3793
2438.99	3757
2439.91	3759
2440.83	3764
2441.75	3791
2442.66	3752
2443.58	3810
2444.5	3832
2445.42	3822
2446.33	3791
2447.25	3805
2448.17	3805
2449.09	3813
2450	3819
2450.92	3834
2451.84	3825
2452.75	3830
2453.67	3844
2454.59	3760
2455.5	3781
2456.42	3788
2457.33	3770
2458.25	3781
2459.17	3754
2460.08	3782
2461	3790
2461.91	3767
2462.83	3748
2463.74	3748
2464.66	3865
2465.57	3755
2466.49	3812
2467.4	3775
2468.31	3819
2469.23	3732
2470.14	3724
2471.06	3822
2471.97	3767
2472.88	3788
2473.8	3753
2474.71	3767
2475.62	3785
2476.54	3706
2477.45	3799
2478.36	3759
2479.28	3774
2480.19	3749
2481.1	3762
2482.01	3734
2482.93	3781
2483.84	3679
2484.75	3788
2485.66	3690
2486.57	3725
2487.49	3792
2488.4	3750
2489.31	3774
2490.22	3719
2491.13	3672
2492.04	3713
2492.95	3737
2493.86	3788
2494.77	3744
2495.68	3751
2496.59	3735
2497.5	3658
2498.41	3717
2499.32	3729
2500.23	3739
2501.14	3689
2502.05	3660
2502.96	3666
2503.87	3700
2504.78	3642
2505.69	3724
2506.6	3711
2507.5	3718
2508.41	3697
2509.32	3664
2510.23	3659
2511.14	3723
2512.04	3707
2512.95	3630
2513.86	3712
2514.77	3696
2515.68	3665
2516.58	3686
2517.49	3694
2518.4	3685
2519.3	3710
2520.21	3669
2521.12	3697
2522.02	3616
2522.93	3659
2523.83	3710
2524.74	3679
2525.65	3680
2526.55	3716
2527.46	3665
2528.36	3697
2529.27	3664
2530.17	3716
2531.08	3707
2531.98	3688
2532.89	3720
2533.79	3664
2534.7	3633
2535.6	3698
2536.51	3690
2537.41	3683
2538.32	3735
2539.22	3679
2540.12	3699
2541.03	3716
2541.93	3709
2542.83	3703
2543.74	3683
2544.64	3676
2545.54	3637
2546.45	3630
2547.35	3645
2548.25	3678
2549.15	3705
2550.06	3692
2550.96	3684
2551.86	3705
2552.76	3625
2553.66	3662
2554.57	3629
2555.47	3648
2556.37	3645
2557.27	3618
2558.17	3638
2559.07	3590
2559.97	3558
2560.87	3579
2561.77	3606
2562.67	3628
2563.57	3603
2564.47	3558
2565.37	3595
2566.27	3597
2567.17	3574
2568.07	3535
2568.97	3607
2569.87	3587
2570.77	3549
2571.67	3591
2572.57	3564
2573.47	3531
2574.37	3573
2575.27	3506
2576.16	3526
2577.06	3535
2577.96	3538
2578.86	3546
2579.76	3566
2580.65	3511
2581.55	3546
2582.45	3546
2583.35	3490
2584.24	3557
2585.14	3539
2586.04	3529
2586.94	3479
2587.83	3488
2588.73	3530
2589.62	3509
2590.52	3508
2591.42	3541
2592.31	3496
2593.21	3463
2594.1	3528
2595	3501
2595.9	3505
2596.79	3578
2597.69	3507
2598.58	3505
2599.48	3498
2600.37	3431
2601.27	3505
2602.16	3497
2603.06	3479
2603.95	3502
2604.84	3455
2605.74	3472
2606.63	3441
2607.53	3437
2608.42	3448
2609.31	3464
2610.21	3492
2611.1	3415
2611.99	3395
2612.89	3471
2613.78	3470
2614.67	3420
2615.57	3447
2616.46	3417
2617.35	3406
2618.24	3378
2619.14	3420
2620.03	3439
2620.92	3385
2621.81	3446
2622.7	3359
2623.59	3423
2624.48	3351
2625.38	3373
2626.27	3364
2627.16	3361
2628.05	3398
2628.94	3305
2629.83	3310
2630.72	3295
2631.61	3236
2632.5	3279
2633.39	3277
2634.28	3142
2635.17	3247
2636.06	3279
2636.95	3268
2637.84	3232
2638.73	3242
2639.62	3215
2640.51	3252
2641.4	3269
2642.28	3217
2643.17	3225
2644.06	3252
2644.95	3224
2645.84	3245
2646.73	3235
2647.61	3195
2648.5	3244
2649.39	3242
2650.28	3196
2651.17	3227
2652.05	3200
2652.94	3191
2653.83	3217
2654.71	3188
2655.6	3180
2656.49	3140
2657.37	3187
2658.26	3200
2659.15	3204
2660.03	3197
2660.92	3168
2661.8	3229
2662.69	3217
2663.58	3207
2664.46	3186
2665.35	3245
2666.23	3231
2667.12	3205
2668	3217
2668.89	3247
2669.77	3244
2670.66	3266
2671.54	3269
2672.43	3281
2673.31	3273
2674.19	3275
2675.08	3260
2675.96	3211
2676.84	3252
2677.73	3271
2678.61	3286
2679.5	3240
2680.38	3252
2681.26	3312
2682.14	3281
2683.03	3228
2683.91	3230
2684.79	3269
2685.68	3298
2686.56	3259
2687.44	3271
2688.32	3361
2689.2	3345
2690.09	3311
2690.97	3331
2691.85	3343
2692.73	3372
2693.61	3380
2694.49	3419
2695.37	3432
2696.25	3473
2697.14	3424
2698.02	3516
2698.9	3534
2699.78	3590
2700.66	3514
2701.54	3573
2702.42	3558
2703.3	3672
2704.18	3675
2705.06	3683
2705.94	3719
2706.81	3671
2707.69	3726
2708.57	3770
2709.45	3719
2710.33	3781
2711.21	3713
2712.09	3767
2712.97	3821
2713.84	3727
2714.72	3749
2715.6	3773
2716.48	3758
2717.36	3765
2718.23	3800
2719.11	3734
2719.99	3649
2720.87	3714
2721.74	3670
2722.62	3599
2723.5	3731
2724.37	3609
2725.25	3670
2726.13	3574
2727	3588
2727.88	3582
2728.76	3574
2729.63	3563
2730.51	3578
2731.38	3601
2732.26	3585
2733.14	3522
2734.01	3551
2734.89	3544
2735.76	3563
2736.64	3517
2737.51	3621
2738.39	3524
2739.26	3563
2740.13	3594
2741.01	3600
2741.88	3597
2742.76	3588
2743.63	3683
2744.5	3734
2745.38	3643
2746.25	3684
2747.13	3631
2748	3689
2748.87	3661
2749.75	3596
2750.62	3675
2751.49	3625
2752.36	3636
2753.24	3616
2754.11	3592
2754.98	3595
2755.85	3634
2756.73	3592
2757.6	3600.5
2758.47	3609
2759.34	3555
2760.21	3547
2761.08	3520
2761.96	3526
2762.83	3519
2763.7	3540
2764.57	3507
2765.44	3476
2766.31	3469
2767.18	3533
2768.05	3536
2768.92	3495
2769.79	3502
2770.66	3578
2771.53	3506
2772.4	3467
2773.27	3534
2774.14	3568
2775.01	3503
2775.88	3540
2776.75	3528
2777.62	3586
2778.49	3477
2779.36	3600
2780.22	3538
2781.09	3630
2781.96	3658
2782.83	3563
2783.7	3625
2784.57	3638
2785.43	3677
2786.3	3679
2787.17	3676
2788.04	3709
2788.9	3722
2789.77	3780
2790.64	3764
2791.5	3807
2792.37	3767
2793.24	3841
2794.1	3860
2794.97	3841
2795.84	4007
2796.7	3917
2797.57	3969
2798.44	4033
2799.3	4035
2800.17	4067
2801.03	4195
2801.9	4214
2802.76	4227
2803.63	4257
2804.5	4380
2805.36	4379
2806.23	4458
2807.09	4502
2807.95	4672
2808.82	4668
2809.68	4803
2810.55	4930
2811.41	4985
2812.28	5126
2813.14	5307
2814	5427
2814.87	5547
2815.73	5745
2816.59	5891
2817.46	6156
2818.32	6288
2819.18	6575
2820.05	6719
2820.91	6982
2821.77	7248
2822.63	7501
2823.5	7756
2824.36	8038
2825.22	8435
2826.08	8720
2826.94	8877
2827.81	9086
2828.67	9225
2829.53	9346
2830.39	9439
2831.25	9518
2832.11	9385
2832.98	9357
2833.84	9196
2834.7	8999
2835.56	8754
2836.42	8666
2837.28	8374
2838.14	8213
2839	7996
2839.86	7809
2840.72	7635
2841.58	7447
2842.44	7241
2843.3	7137
2844.16	7083
2845.02	6904
2845.88	6820
2846.73	6848
2847.59	6769
2848.45	6763
2849.31	6672
2850.17	6672
2851.03	6663
2851.89	6674
2852.74	6694
2853.6	6842
2854.46	6809
2855.32	6872
2856.18	7044
2857.03	7096
2857.89	7306
2858.75	7408
2859.6	7624
2860.46	7715
2861.32	8056
2862.18	8222
2863.03	8390
2863.89	8638
2864.74	8994
2865.6	9198
2866.46	9585
2867.31	9886
2868.17	10112
2869.03	10329
2869.88	10657
2870.74	11006
2871.59	11200
2872.45	11201
2873.3	11382
2874.16	11531
2875.01	11478
2875.87	11619
2876.72	11530
2877.58	11493
2878.43	11436
2879.29	11358
2880.14	11263
2880.99	11248
2881.85	11102
2882.7	11043
2883.55	10892
2884.41	10781
2885.26	10687
2886.12	10532
2886.97	10520
2887.82	10321
2888.68	10125
2889.53	10057
2890.38	9989
2891.23	9863
2892.09	9777
2892.94	9537
2893.79	9669
2894.64	9467
2895.49	9392
2896.35	9285
2897.2	9241
2898.05	9166
2898.9	9206
2899.75	9136
2900.6	9029
2901.45	9071
2902.31	9068
2903.16	9051
2904.01	9194
2904.86	9153
2905.71	9252
2906.56	9373
2907.41	9459
2908.26	9634
2909.11	9746
2909.96	9973
2910.81	10146
2911.66	10377
2912.51	10757
2913.36	10939
2914.21	11290
2915.06	11704
2915.9	12237
2916.75	12649
2917.6	13293
2918.45	13818
2919.3	14432
2920.15	15030
2921	15721
2921.84	16269
2922.69	16776
2923.54	17341
2924.39	17542
2925.24	17893
2926.08	17990
2926.93	18085
2927.78	17672
2928.63	17600
2929.47	17246
2930.32	16813
2931.17	16386
2932.01	15829
2932.86	15412
2933.71	14886
2934.55	14546
2935.4	14089
2936.25	13579
2937.09	13141
2937.94	12808
2938.78	12503
2939.63	12237
2940.47	11806
2941.32	11410
2942.16	11208
2943.01	10867
2943.86	10580.1
2944.7	10229.1
2945.54	10034.1
2946.39	9730.35
2947.23	9501.73
2948.08	9289.93
2948.92	8956.64
2949.77	8753.88
2950.61	8720.56
2951.45	8585.84
2952.3	8394.38
2953.14	8278.71
2953.99	8292.73
2954.83	8148.27
2955.67	8145.35
2956.52	8094.68
2957.36	8070.66
2958.2	8168.39
2959.04	8111.67
2959.89	8159.17
2960.73	8283.63
2961.57	8397.6
2962.41	8359.24
2963.26	8553.66
2964.1	8672.19
2964.94	8772.38
2965.78	8822.3
2966.62	9019.52
2967.47	9070.37
2968.31	9169.32
2969.15	9175.27
2969.99	9169.63
2970.83	9161.88
2971.67	9167.35
2972.51	9028.45
2973.35	8895.63
2974.19	8782.04
2975.04	8579.73
2975.88	8423.11
2976.72	8223.66
2977.56	8080.9
2978.4	7795.94
2979.24	7589.99
2980.08	7301.52
2980.92	7089.62
2981.76	6840.8
2982.6	6663.02
2983.43	6439.24
2984.27	6290.37
2985.11	6062.86
2985.95	5898.37
2986.79	5715.07
2987.63	5606.52
2988.47	5467.33
2989.31	5407.14
2990.14	5272.09
2990.98	5149.91
2991.82	5077.02
2992.66	4990.11
2993.5	4884.81
2994.33	4833
2995.17	4773.77
2996.01	4674.43
2996.85	4598.74
2997.68	4509.38
2998.52	4477.63
2999.36	4352.55
3000.2	4328.97
3001.03	4228.94
3001.87	4192.01
3002.71	4160.85
3003.54	4081.81
3004.38	4040.64
3005.21	3979.15
3006.05	3923.5
3006.89	3876.55
3007.72	3850.75
3008.56	3808.36
3009.39	3767.12
3010.23	3738.49
3011.06	3723.13
3011.9	3709.08
3012.74	3609.81
3013.57	3654
3014.41	3568.03
3015.24	3573.08
3016.07	3564.51
3016.91	3535.63
3017.74	3506.53
3018.58	3491.67
3019.41	3446.13
3020.25	3429.36
3021.08	3427.78
3021.91	3432.09
3022.75	3378.85
3023.58	3329.36
3024.41	3294.29
3025.25	3281.79
3026.08	3277.4
3026.91	3282.81
3027.75	3237.32
3028.58	3248.37
3028.73	3253
3029.57	3192
3030.4	3199
3031.24	3123
3032.08	3140
3032.92	3170
3033.75	3136
3034.59	3089
3035.42	3056
3036.26	3135
3037.1	3106
3037.93	3123
3038.77	3093
3039.61	3046
3040.44	3053
3041.28	3092
3042.11	2957
3042.95	2997
3043.78	2976
3044.62	2948
3045.45	3000
3046.29	3002
3047.12	2943
3047.96	2956
3048.79	2917
3049.63	2904
3050.46	2889
3051.29	2939
3052.13	2867
3052.96	2885
3053.8	2839
3054.63	2873
3055.46	2855
3056.3	2867
3057.13	2801
3057.96	2739
3058.8	2796
3059.63	2806
3060.46	2724
3061.3	2801
3062.13	2744
3062.96	2734
3063.79	2797
3064.63	2737
3065.46	2766
3066.29	2742
3067.12	2673
3067.95	2703.5
3068.79	2734
3069.62	2713
3070.45	2704
3071.28	2705
3072.11	2666
3072.94	2659
3073.77	2628
3074.6	2675
3075.44	2634
3076.27	2668
3077.1	2660
3077.93	2632.5
3078.76	2605
3079.59	2673
3080.42	2618
3081.25	2592
3082.08	2639
3082.91	2590
3083.74	2605
3084.57	2635
3085.4	2597
3086.23	2561
3087.05	2593
3087.88	2590
3088.71	2561
3089.54	2603
3090.37	2605
3091.2	2607
3092.03	2503
3092.86	2567
3093.68	2566
3094.51	2531
3095.34	2573
3096.17	2545
3097	2551
3097.82	2510
3098.65	2567
3099.48	2553
3100.31	2540
3101.13	2543
3101.96	2534
3102.79	2569
3103.61	2531
3104.44	2508
3105.27	2540
3106.09	2532
3106.92	2548
3107.75	2578
3108.57	2565
3109.4	2478
3110.22	2486
3111.05	2474
3111.88	2468
3112.7	2504
3113.53	2478
3114.35	2459
3115.18	2450
3116	2424
3116.83	2436
3117.65	2387
3118.48	2476
3119.3	2427
3120.13	2420
3120.95	2402
3121.77	2435
3122.6	2445
3123.42	2427
3124.25	2425
3125.07	2408
3125.89	2407
3126.72	2410
3127.54	2361
3128.36	2354
3129.19	2370
3130.01	2356
3130.83	2376
3131.66	2383
3132.48	2378
3133.3	2371
3134.13	2377
3134.95	2315
3135.77	2369
3136.59	2385
3137.41	2404
3138.24	2323
3139.06	2339
3139.88	2358
3140.7	2302
3141.52	2326
3142.34	2350
3143.17	2296
3143.99	2345
3144.81	2336
3145.63	2333
3146.45	2315
3147.27	2303
3148.09	2300
3148.91	2362
3149.73	2350
3150.55	2314
3151.37	2276
3152.19	2305
3153.01	2284
3153.83	2283
3154.65	2313
3155.47	2237
3156.29	2297
3157.11	2316
3157.93	2305
3158.75	2313
3159.57	2316
3160.39	2309
3161.2	2272
3162.02	2309
3162.84	2270
3163.66	2259
3164.48	2332
3165.3	2293
3166.12	2285
3166.93	2289
3167.75	2283
3168.57	2298
3169.39	2267
3170.2	2282
3171.02	2287
3171.84	2290
3172.65	2308
3173.47	2243
3174.29	2299
3175.11	2271
3175.92	2211
3176.74	2295
3177.56	2280
3178.37	2246
3179.19	2326
3180	2268
3180.82	2254
3181.64	2228
3182.45	2263
3183.27	2276
3184.08	2286
3184.9	2347
3185.71	2249
3186.53	2282
3187.34	2285
3188.16	2294
3188.97	2302
3189.79	2273
3190.6	2293
3191.42	2302
3192.23	2346
3193.05	2276
3193.86	2297
3194.67	2315
3195.49	2307
3196.3	2361
3197.12	2286
3197.93	2300
3198.74	2309
3199.56	2321
3200.37	2307
3201.18	2316
3202	2340
3202.81	2320
3203.62	2329
3204.43	2362
3205.25	2348
3206.06	2366
3206.87	2321
3207.68	2296
3208.5	2350
3209.31	2367
3210.12	2339
3210.93	2357
3211.74	2383
3212.56	2393
3213.37	2346
3214.18	2351
3214.99	2374
3215.8	2390
3216.61	2384
3217.42	2372
3218.23	2415
3219.04	2426
3219.85	2386
3220.66	2411
3221.47	2390
3222.28	2360
3223.09	2461
3223.91	2415
3224.71	2411
3225.52	2445
3226.33	2417
3227.14	2410
3227.95	2426
3228.76	2410
3229.57	2424
3230.38	2405
3231.19	2459
3232	2410
3232.81	2437
3233.62	2431
3234.42	2455
3235.23	2429
3236.04	2427
3236.85	2466
3237.66	2438
3238.47	2416
3239.27	2460
3240.08	2456
3240.89	2462
3241.7	2493
3242.5	2465
3243.31	2469
3244.12	2499
3244.92	2481
3245.73	2468
3246.54	2451
3247.34	2465
3248.15	2515
3248.96	2475
3249.76	2461
3250.57	2500
3251.38	2535
3252.18	2493
3252.99	2464
3253.79	2487
3254.6	2528
3255.41	2515
3256.21	2482
3257.02	2547
3257.82	2449
3258.63	2495
3259.43	2463
3260.24	2483
3261.04	2477
3261.85	2499
3262.65	2513
3263.46	2499
3264.26	2519
3265.06	2508
3265.87	2502
3266.67	2496
3267.48	2505
3268.28	2475
3269.08	2502
3269.89	2553
3270.69	2469
3271.49	2512
3272.3	2502
3273.1	2490
3273.9	2474
3274.71	2501
3275.51	2481
3276.31	2448
3277.11	2496
3277.92	2488
3278.72	2463
3279.52	2506
3280.32	2539
3281.13	2485
3281.93	2481
3282.73	2496
3283.53	2449
3284.33	2510
3285.13	2458
3285.93	2478
3286.74	2471
3287.54	2451
3288.34	2490
3289.14	2450
3289.94	2489
3290.74	2436
3291.54	2420
3292.34	2459
3293.14	2479
3293.94	2494
3294.74	2505
3295.54	2461
3296.34	2464
3297.14	2442
3297.94	2426
3298.74	2472
3299.54	2445
3300.34	2429
3301.14	2482
3301.94	2471
3302.74	2451
3303.53	2429
3304.33	2472
3305.13	2487
3305.93	2464
3306.73	2438
3307.53	2472
3308.33	2439
3309.12	2457
3309.92	2428
3310.72	2434
3311.52	2450
3312.32	2458
3313.11	2457
3313.91	2488
3314.71	2473
3315.5	2468
3316.3	2471
3317.1	2458
3317.9	2452
3318.69	2423
3319.49	2450
3320.29	2416
3321.08	2444
3321.88	2492
3322.67	2439
3323.47	2421
3324.27	2491
3325.06	2421
3325.86	2449
3326.65	2396
3327.45	2451
3328.24	2443
3329.04	2412
3329.84	2501
3330.63	2489
3331.43	2463
3332.22	2419
3333.01	2410
3333.81	2442
3334.6	2420
3335.4	2455
3336.19	2462
3336.99	2426
3337.78	2430
3338.58	2440
3339.37	2408
3340.16	2418
3340.96	2415
3341.75	2399
3342.54	2398
3343.34	2445
3344.13	2377
3344.92	2443
3345.72	2397
3346.51	2422
3347.3	2380
3348.1	2378
3348.89	2397
3349.68	2411
3350.47	2424
3351.26	2388
3352.06	2402
3352.85	2432
3353.64	2359
3354.43	2367
3355.22	2368
3356.02	2439
3356.81	2363
3357.6	2397
3358.39	2329
3359.18	2374
3359.97	2351
3360.76	2345
3361.55	2363
3362.34	2374
3363.13	2373
3363.93	2352
3364.72	2370
3365.51	2365
3366.3	2343
3367.09	2322
3367.88	2312
3368.67	2320
3369.46	2329
3370.25	2313
3371.03	2325
3371.82	2304
3372.61	2326
3373.4	2300
3374.19	2309
3374.98	2331
3375.77	2250
3376.56	2296
3377.35	2317
3378.14	2289
3378.92	2316
3379.71	2278
3380.5	2271
3381.29	2339
3382.08	2270
3382.86	2309
3383.65	2270
3384.44	2248
3385.23	2242
3386.01	2277
3386.8	2261
3387.59	2226
3388.38	2254
3389.16	2248
3389.95	2249
3390.74	2223
3391.52	2242
3392.31	2234
3393.1	2222
3393.88	2206
3394.67	2169
3395.45	2190
3396.24	2188
3397.03	2155
3397.81	2241
3398.6	2181
3399.38	2166
3400.17	2158
3400.95	2165
3401.74	2187
3402.52	2192
3403.31	2124
3404.09	2143
3404.88	2176
3405.66	2119
3406.45	2151
3407.23	2112
3408.02	2112
3408.8	2139
3409.59	2124
3410.37	2111
3411.15	2123
3411.94	2115
3412.72	2140
3413.51	2085
3414.29	2119
3415.07	2113
3415.86	2106
3416.64	2098
3417.42	2099
3418.2	2076
3418.99	2098
3419.77	2132
3420.55	2087
3421.34	2078
3422.12	2075
3422.9	2036
3423.68	2065
3424.47	2099
3425.25	2074
3426.03	2055
3426.81	2073
3427.59	2038
3428.37	2044
3429.16	2065
3429.94	2009
3430.72	2028
3431.5	2039
3432.28	2034
3433.06	2021
3433.84	2029
3434.62	2017
3435.4	2011
3436.18	1992
3436.96	2025
3437.74	1980
3438.52	2005
3439.3	2015
3440.08	2023
3440.86	2016
3441.64	1959
3442.42	2015
3443.2	2026
3443.98	2002
3444.76	2001
3445.54	1949
3446.32	1971
3447.1	1946
3447.88	1988
3448.66	1948
3449.43	1941
3450.21	1950
3450.99	1938
3451.77	1931
3452.55	1958
3453.33	1969.67
3454.11	1959.33
3454.88	1943
3455.66	1939.67
3456.44	1926.33
3457.22	1893
3457.99	1887
3458.77	1873
3459.55	1916
3460.32	1893
3461.1	1903
3461.88	1906
3462.66	1926
3463.43	1923
3464.21	1881
3464.99	1882
3465.76	1908
3466.54	1885
3467.31	1880
3468.09	1854
3468.87	1898
3469.64	1866
3470.42	1849
3471.19	1827
3471.97	1864
3472.74	1832
3473.52	1841.5
3474.3	1851
3475.07	1826
3475.85	1844
3476.62	1852
3477.4	1842
3478.17	1813
3478.94	1868
3479.72	1807
3480.49	1821
3481.27	1806
3482.04	1790
3482.82	1831
3483.59	1784
3484.36	1763
3485.14	1794
3485.91	1825
3486.68	1766
3487.46	1790
3488.23	1795
3489	1763
3489.78	1768
3490.55	1762
3491.32	1785
3492.1	1799
3492.87	1721
3493.64	1724
3494.41	1709
3495.19	1771
3495.96	1747
3496.73	1741
3497.5	1723
3498.27	1731
3499.05	1739
3499.82	1670
3500.59	1707
3501.36	1703
3502.13	1711
3502.9	1688
3503.67	1695
3504.45	1696
3505.22	1676
3505.99	1700
3506.76	1678
3507.53	1666
3508.3	1675
3509.07	1653
3509.84	1688
3510.61	1688
3511.38	1672
3512.15	1638
3512.92	1665
3513.69	1655.5
3514.46	1646
3515.23	1647
3516	1635
3516.77	1661
3517.54	1596
3518.31	1610
3519.08	1635
3519.85	1609
3520.61	1621
3521.38	1629
3522.15	1657
3522.92	1586
3523.69	1614
3524.46	1617
3525.22	1647
3525.99	1579
3526.76	1616
3527.53	1606
3528.3	1614
3529.06	1586
3529.83	1589
3530.6	1587
3531.37	1649
3532.13	1618
3532.9	1562
3533.67	1571
3534.44	1593
3535.2	1553
3535.97	1586
3536.74	1566
3537.5	1551
3538.27	1632
3539.04	1577
3539.8	1555
3540.57	1555
3541.33	1551
3542.1	1538
3542.86	1540
3543.63	1563
3544.4	1525
3545.16	1544
3545.93	1545
3546.69	1554
3547.46	1540
3548.22	1519
3548.99	1493
3549.75	1517
3550.52	1497
3551.28	1512
3552.05	1545
3552.81	1525
3553.58	1522
3554.34	1533
3555.1	1499
3555.87	1488
3556.63	1510
3557.4	1511
3558.16	1534
3558.92	1523
3559.69	1491
3560.45	1518
3561.21	1494
3561.98	1514
3562.74	1532
3563.5	1508
3564.27	1502
3565.03	1491
3565.79	1469
3566.55	1496
3567.32	1483
3568.08	1496
3568.84	1472
3569.6	1493
3570.36	1467
3571.13	1460
3571.89	1477
3572.65	1450
3573.41	1443
3574.17	1459
3574.93	1428
3575.7	1424
3576.46	1490
3577.22	1461
3577.98	1436
3578.74	1454
3579.5	1424
3580.26	1448
3581.02	1469
3581.78	1444
3582.54	1435
3583.3	1452
3584.06	1436
3584.82	1429
3585.58	1411
3586.34	1426
3587.1	1415
3587.86	1396
3588.62	1401
3589.38	1398
3590.14	1453
3590.9	1405
3591.66	1424
3592.42	1415
3593.18	1426
3593.94	1411
3594.69	1427
3595.45	1374
3596.21	1381
3596.97	1399
3597.73	1360
3598.49	1391
3599.24	1394
3600	1364
3600.76	1364
3601.52	1387
3602.28	1378
3603.03	1342
3603.79	1359
3604.55	1394
3605.31	1384
3606.06	1384
3606.82	1384
3607.58	1323
3608.33	1365
3609.09	1384
3609.85	1359
3610.6	1393
3611.36	1325
3612.12	1352
3612.87	1380
3613.63	1358
3614.38	1358
3615.14	1369
3615.9	1372
3616.65	1339
3617.41	1299
3618.16	1359
3618.92	1345
3619.67	1349
3620.43	1325
3621.18	1346
3621.94	1301
3622.69	1326
3623.45	1317
3624.2	1299
3624.96	1325
3625.71	1346
3626.47	1323
3627.22	1298
3627.97	1313
3628.73	1324
3629.48	1326
3630.24	1279
3630.99	1322
3631.74	1297
3632.5	1299
3633.25	1348
3634	1277
3634.76	1272
3635.51	1269
3636.26	1262
3637.02	1290
3637.77	1284
3638.52	1302
3639.27	1314
3640.03	1303
3640.78	1300
3641.53	1244
3642.28	1284
3643.04	1266
3643.79	1253
3644.54	1266
3645.29	1256
3646.04	1208
3646.79	1220
3647.55	1264
3648.3	1216
3649.05	1232
3649.8	1202
3650.55	1222
3651.3	1228
3652.05	1242
3652.8	1218
3653.55	1256
3654.3	1239
3655.06	1246
3655.81	1223
3656.56	1236
3657.31	1227
3658.06	1247
3658.81	1243
3659.56	1251
3660.31	1237
3661.06	1231
3661.8	1254
3662.55	1219
3663.3	1202
3664.05	1229
3664.8	1236
3665.55	1210
3666.3	1222
3667.05	1201
3667.8	1208
3668.55	1199
3669.29	1208
3670.04	1240
3670.79	1231
3671.54	1229
3672.29	1232
3673.04	1239
3673.78	1224
3674.53	1221
3675.28	1234
3676.03	1213
3676.77	1257
3677.52	1222
3678.27	1230
3679.02	1191.42
3679.76	1201.66
3680.51	1203.26
3681.26	1220.42
3682	1220.75
3682.75	1207.3
3683.5	1197.71
3684.24	1223.12
3684.99	1188.75
3685.74	1225.06
3686.48	1204.12
3687.23	1180.52
3687.97	1203.69
3688.72	1192.28
3689.47	1204.43
3690.21	1189.62
3690.96	1178.23
3691.7	1181.46
3692.45	1185.97
3693.19	1198.99
3693.94	1172.6
3694.68	1204.11
3695.43	1176.38
3696.17	1178.74
3696.92	1190.41
3697.66	1166.2
3698.41	1183.75
3699.15	1203.7
3699.9	1190.57
3700.64	1187.08
3701.38	1195.5
3702.13	1187.51
3702.87	1178.77
3703.62	1160.99
3704.36	1188.7
3705.1	1176.11
3705.85	1175.69
3706.59	1179.85
3707.33	1159.72
3708.08	1160.47
3708.82	1176.45
3709.56	1142.39
3710.31	1134.3
3711.05	1171.66
3711.79	1155.76
3712.53	1140.24
3713.28	1118
3714.02	1134.96
3714.76	1129.21
3715.5	1135.21
3716.25	1142.56
3716.99	1152.93
3717.73	1148.28
3718.47	1131.68
3719.21	1121.64
3719.96	1139.48
3720.7	1144.02
3721.44	1141.07
3722.18	1137.67
3722.92	1145.58
3723.66	1119.67
3724.4	1130.48
3725.14	1140.97
3725.88	1150.83
3726.63	1138.99
3727.37	1138.85
3728.11	1120.22
3728.85	1122.95
3729.59	1123.94
3730.33	1111.86
3731.07	1098.57
3731.81	1104.73
3732.55	1124.5
3733.29	1121.4
3734.03	1124.39
3734.77	1126.48
3735.51	1112.47
3736.25	1109.63
3736.99	1110.26
3737.72	1090.62
3738.46	1097.41
3739.2	1113.96
3739.94	1106.7
3740.68	1112.5
3741.42	1110.31
3742.16	1098.87
3742.9	1071.37
3743.63	1127.87
3744.37	1120.54
3745.11	1087.54
3745.85	1103.64
3746.59	1137.92
3747.32	1101.58
3748.06	1115.84
3748.8	1113.98
3749.54	1097.11
3750.27	1125.99
3751.01	1097.77
3751.75	1100.94
3752.49	1117.33
3753.22	1107.62
3753.27	1107
3754.01	1112
3754.75	1097
3755.49	1062
3756.23	1104
3756.97	1110
3757.71	1126
3758.45	1112
3759.2	1090
3759.94	1101
3760.68	1098
3761.42	1108
3762.16	1109
3762.9	1098
3763.64	1119
3764.38	1099
3765.12	1116
3765.86	1110
3766.59	1099
3767.33	1088
3768.07	1097
3768.81	1093
3769.55	1091
3770.29	1119
3771.03	1107
3771.77	1104
3772.51	1113
3773.25	1113
3773.99	1084
3774.72	1095
3775.46	1104
3776.2	1099
3776.94	1092
3777.68	1130
3778.41	1117
3779.15	1094
3779.89	1085
3780.63	1123
3781.37	1131
3782.1	1066
3782.84	1105
3783.58	1082
3784.31	1111
3785.05	1068
3785.79	1132
3786.53	1140
3787.26	1127
3788	1120
3788.74	1113.5
3789.47	1107
3790.21	1092
3790.94	1115
3791.68	1123
3792.42	1105
3793.15	1104
3793.89	1097
3794.62	1092
3795.36	1097
3796.1	1068
3796.83	1075
3797.57	1104.5
3798.3	1134
3799.04	1107
3799.77	1110
3800.51	1128
3801.24	1067
3801.98	1108
3802.71	1102
3803.45	1086
3804.18	1120
3804.92	1076
3805.65	1097
3806.38	1080
3807.12	1085
3807.85	1103
3808.59	1109
3809.32	1090
3810.05	1084
3810.79	1079
3811.52	1068
3812.25	1096
3812.99	1112
3813.72	1102
3814.45	1090
3815.19	1078
3815.92	1070
3816.65	1081
3817.39	1113
3818.12	1112
3818.85	1102
3819.58	1085
3820.32	1089
3821.05	1099
3821.78	1065
3822.51	1105
3823.24	1078
3823.98	1089
3824.71	1065
3825.44	1099
3826.17	1081
3826.9	1079
3827.63	1065
3828.36	1077
3829.1	1081
3829.83	1059
3830.56	1053
3831.29	1083
3832.02	1076
3832.75	1027
3833.48	1077
3834.21	1073
3834.94	1071
3835.67	1047
3836.4	1042
3837.13	1051
3837.86	1040
3838.59	1068
3839.32	1053
3840.05	1070
3840.78	1060
3841.51	1053
3842.24	1076
3842.97	1059
3843.7	1063
3844.43	1033
3845.16	1037
3845.89	1054
3846.62	1033
3847.34	1066
3848.07	1006
3848.8	1051
3849.53	1019
3850.26	1065
3850.99	1013
3851.72	1036
3852.44	1032
3853.17	1046
3853.9	1025
3854.63	1029
3855.36	1025
3856.08	1051
3856.81	1034
3857.54	994
3858.26	1006
3858.99	1001
3859.72	998
3860.45	996
3861.17	997
3861.9	1036
3862.63	1023
3863.35	1009
3864.08	1017
3864.81	1021
3865.53	1007
3866.26	978
3866.99	1023
3867.71	992
3868.44	996
3869.16	1006
3869.89	971
3870.61	992
3871.34	979
3872.07	997
3872.79	1015
3873.52	1006
3874.24	979
3874.97	972
3875.69	981
3876.42	967
3877.14	995
3877.87	956
3878.59	984
3879.31	981
3880.04	1025
3880.76	990
3881.49	990
3882.21	983
3882.94	996
3883.66	999
3884.38	998
3885.11	982
3885.83	970
3886.55	959
3887.28	991
3888	956
3888.72	970
3889.45	969
3890.17	969
3890.89	976
3891.62	974
3892.34	990
3893.06	1003
3893.79	974
3894.51	964
3895.23	966
3895.95	983
3896.67	992
3897.4	980
3898.12	991
3898.84	953
3899.56	957
3900.28	924
3901.01	977
3901.73	971
3902.45	978
3903.17	966
3903.89	962
3904.61	975
3905.33	962
3906.05	984
3906.78	969
3907.5	951
3908.22	955
3908.94	970
3909.66	967
3910.38	960
3911.1	953
3911.82	974
3912.54	938
3913.26	929
3913.98	960
3914.7	979
3915.42	941
3916.14	935
3916.86	960
3917.58	953
3918.3	954
3919.02	957
3919.73	970
3920.45	947
3921.17	944
3921.89	958
3922.61	947
3923.33	932
3924.05	944
3924.77	928
3925.48	966
3926.2	967
3926.92	941
3927.64	959
3928.36	950
3929.08	949
3929.79	982
3930.51	946
3931.23	972
3931.95	936
3932.66	937
3933.38	974
3934.1	953
3934.82	952
3935.53	961
3936.25	954
3936.97	942
3937.68	967
3938.4	931
3939.12	951
3939.83	968
3940.55	949
3941.27	927
3941.98	926
3942.7	962
3943.41	947
3944.13	909
3944.85	969
3945.56	916
3946.28	941
3946.99	943
3947.71	959
3948.42	927
3949.14	959
3949.85	934
3950.57	950
3951.28	946
3952	946
3952.71	957
3953.43	902
3954.14	945
3954.86	936
3955.57	926
3956.29	935
3957	953
3957.71	958
3958.43	934
3959.14	934
3959.86	909
3960.57	921
3961.28	931
3962	944
3962.71	926
3963.42	949
3964.14	911
3964.85	938
3965.56	917
3966.28	930
3966.99	904
3967.7	895
3968.41	930
3969.13	898
3969.84	917
3970.55	928
3971.26	937
3971.98	922
3972.69	940
3973.4	912
3974.11	919
3974.83	908
3975.54	917
3976.25	922
3976.96	884
3977.67	928
3978.38	905
3979.09	901
3979.81	906
3980.52	929
3981.23	922
3981.94	905
3982.65	926
3983.36	912
3984.07	897
3984.78	894
3985.49	887
3986.2	920
3986.91	898
3987.62	917
3988.33	907
3989.04	886
3989.75	884
3990.46	884
3991.17	904
3991.88	871
3992.59	895
3993.3	869
3994.01	893
3994.72	908
3995.43	917
3996.14	894
3996.85	878
3997.56	896
3998.26	895
3998.97	890
3999.68	921
