51.4629	9888
52.7545	10311
54.0474	10615
55.3386	10774
56.6296	10972
57.9203	11048
59.2108	10876
60.5012	10846
61.7928	10602
63.0827	10410
64.3724	10343
65.6619	10108
66.9511	9950
68.2402	9843
69.5291	9665
70.8177	9586
72.1076	9374
73.3958	9316
74.6838	9040
75.9716	9041
77.2592	8759
78.5466	8635
79.8337	8417
81.1207	8396
82.4074	8129
83.694	8066
84.9803	7900
86.2664	7748
87.5523	7613
88.838	7492
90.1235	7401
91.4087	7243
92.6938	7117
93.9786	7003
95.2633	6929
96.5477	6810
97.8319	6627
99.1159	6518
100.4	6482
101.683	6370
102.967	6195
104.25	6080
105.533	5975
106.814	5903
108.097	5808
109.379	5825
110.661	5665
111.943	5591
113.225	5515
114.506	5422
115.787	5307
117.067	5218
118.348	5186
119.628	5088
120.909	4951
122.189	4889
123.469	4889
124.747	4723
126.027	4680
127.306	4577
128.586	4556
129.865	4474
131.142	4449
132.42	4409
133.699	4277
134.977	4270
136.253	4243
137.531	4163
138.809	4114
140.085	4067
141.362	4062
142.639	4003
143.915	4003
145.19	3957
146.466	3876
147.743	3898
149.017	3859
150.293	3801
151.568	3779
152.842	3738
154.117	3688
155.39	3668
156.665	3594
157.939	3607
159.212	3596
160.486	3444
161.758	3493
163.032	3473
164.305	3418
165.577	3417
166.85	3361
168.121	3319
169.393	3339
170.664	3280
171.936	3274
173.208	3243
174.479	3238
175.75	3220
177.02	3204
178.291	3170
179.56	3149
180.831	3152
182.1	3170
183.369	3167
184.639	3177
185.907	3194
187.177	3127
188.445	3125
189.714	3117
190.981	3111
192.25	3106
193.517	3045
194.784	3105
196.053	3078
197.319	3055
198.587	3150
199.853	3096
201.119	3064
202.386	3069
203.652	3023
204.917	3073
206.183	3030
207.448	2985
208.713	3011
209.979	2995
211.243	2986
212.507	2933
213.771	2993
215.036	2971
216.299	2949
217.563	3004
218.827	2939
220.09	2960
221.353	2943
222.615	2925
223.879	2926
225.141	2913
226.403	2904
227.664	2889
228.925	2880
230.188	2911
231.449	2889
232.71	2894
233.97	2856
235.231	2876
236.491	2839
237.752	2857
239.012	2875
240.272	2845.5
241.531	2816
242.79	2838
244.049	2827
245.308	2772
246.566	2787
247.826	2826
249.084	2827
250.342	2772
251.6	2805
252.857	2764
254.115	2746
255.372	2733.5
256.629	2721
257.885	2748
259.142	2735
260.398	2761
261.654	2711
262.91	2738
264.166	2677
265.421	2753
266.677	2739
267.932	2697
269.187	2668
270.441	2711
271.696	2660
272.95	2667
274.204	2681
275.458	2667
276.712	2672
277.964	2650
279.217	2666
280.47	2679
281.723	2663
282.975	2751
284.228	2699
285.48	2642
286.732	2640
287.984	2695
289.234	2639
290.485	2668
291.737	2633
292.988	2689
294.239	2670
295.488	2687
296.738	2609
297.988	2646
299.238	2677
300.488	2635
301.736	2673
302.986	2666
304.235	2618
305.484	2622
306.731	2646
307.98	2642
309.228	2648
310.477	2638
311.723	2660
312.971	2594
314.218	2638
315.464	2618
316.712	2661
317.959	2648
319.204	2588
320.451	2663
321.697	2673
322.942	2577
324.188	2614
325.432	2568
326.678	2574
327.923	2635
329.167	2655
330.412	2592
331.655	2604
332.9	2643
334.144	2638
335.387	2641
336.631	2661
337.873	2656
339.117	2688
340.359	2647
341.602	2666
342.843	2629
344.086	2655
345.327	2679
346.57	2675
347.81	2686
349.052	2667
350.293	2643
351.534	2642
352.774	2662
354.016	2645
355.255	2622
356.496	2638
357.735	2617
358.974	2643
360.214	2653
361.453	2602
362.693	2617
363.931	2657
365.169	2653
366.408	2676
367.645	2643
368.883	2633
370.121	2710
371.358	2617
372.595	2605
373.833	2602
375.07	2605
376.306	2601
377.543	2601
378.779	2576
380.014	2581
381.251	2562
382.486	2571
383.721	2483
384.956	2547
386.192	2565
387.427	2557
388.661	2550
389.895	2556
391.129	2565
392.364	2583
393.597	2555
394.83	2598
396.063	2562
397.296	2610
398.53	2595
399.763	2630
400.995	2582
402.227	2572
403.459	2661
404.69	2625
405.922	2684
407.154	2679
408.385	2667
409.616	2694
410.847	2726
412.077	2813
413.308	2807
414.538	2842
415.767	2889
416.997	2914
418.227	2964
419.456	2958
420.685	3036
421.914	3066
423.142	3115
424.371	3218
425.599	3179
426.827	3223
428.055	3258
429.283	3303
430.51	3213
431.738	3171
432.965	3245
434.192	3187
435.418	3177
436.645	3155
437.871	3062
439.097	3021
440.323	3068
441.549	3007
442.773	2977
443.998	2948
445.224	2920
446.449	2903
447.673	2857
448.898	2810
450.122	2783
451.345	2776
452.569	2810
453.793	2781
455.016	2715
456.24	2747
457.461	2735
458.684	2739
459.907	2664
461.13	2715
462.351	2725
463.573	2645
464.795	2671
466.017	2643
467.237	2640
468.459	2705
469.68	2663
470.901	2651
472.12	2629
473.341	2626
474.561	2612
475.78	2610
477	2678
478.22	2615
479.439	2601
480.658	2617
481.877	2590
483.095	2583
484.314	2576
485.531	2646
486.75	2576
487.968	2599
489.185	2615
490.403	2611
491.619	2611
492.837	2577
494.053	2598
495.27	2617
496.485	2599
497.702	2616
498.919	2636
500.134	2551
501.35	2656
502.564	2639
503.779	2634
504.995	2638
506.209	2587
507.424	2598
508.637	2603
509.852	2557
511.065	2620
512.28	2603
513.493	2640
514.707	2633
515.919	2618
517.132	2644
518.345	2632
519.557	2595
520.769	2635
521.982	2612
523.193	2622
524.406	2622
525.616	2651
526.827	2656
528.039	2646
529.25	2632
530.46	2602
531.67	2621
532.881	2674
534.09	2599
535.3	2630
536.51	2636
537.719	2601
538.928	2647
540.137	2617
541.347	2614
542.555	2602
543.763	2612
544.971	2622
546.179	2623
547.388	2613
548.595	2610
549.802	2581
551.009	2559
552.216	2602
553.422	2538
554.63	2626
555.836	2525
557.042	2511
558.248	2536
559.453	2488
560.659	2541
561.864	2556
563.069	2520
564.274	2521
565.48	2541
566.684	2493
567.888	2538
569.092	2500
570.296	2511
571.5	2514
572.703	2502
573.907	2542
575.11	2494
576.313	2525
577.515	2582
578.718	2525
579.92	2521
581.122	2518
582.324	2511
583.526	2546
584.728	2573
585.929	2582
587.129	2553
588.33	2574
589.531	2616
590.731	2635
591.932	2613
593.132	2659
594.332	2637
595.532	2606
596.732	2623
597.93	2562
599.129	2637
600.328	2563
601.527	2591
602.726	2597
603.924	2566
605.121	2580
606.319	2571
607.517	2607
608.715	2551
609.913	2588
611.109	2542
612.306	2622
613.503	2542
614.699	2583
615.895	2628
617.092	2614
618.288	2579
619.483	2537
620.679	2541
621.874	2596
623.068	2602
624.264	2551
625.459	2575
626.652	2562
627.847	2534
629.042	2570
630.235	2546
631.429	2612
632.623	2557
633.815	2602
635.009	2568
636.201	2553
637.394	2595
638.586	2540
639.779	2529
640.972	2543
642.163	2553
643.355	2626
644.546	2543
645.738	2608
646.928	2587
648.12	2550
649.31	2542
650.501	2553
651.691	2570
652.882	2537
654.071	2553
655.261	2591
656.45	2565
657.639	2566
658.829	2559
660.017	2602
661.207	2612
662.394	2588
663.582	2562
664.771	2567
665.959	2553
667.147	2575
668.334	2574
669.521	2577
670.709	2608
671.896	2714
673.082	2627
674.269	2646
675.455	2666
676.641	2652
677.828	2664
679.013	2676
680.198	2637
681.383	2644
682.569	2697
683.754	2648
684.938	2682
686.123	2660
687.308	2680
688.492	2655
689.676	2720
690.859	2685
692.042	2672
693.227	2713
694.41	2699
695.593	2706
696.775	2720
697.957	2720
699.14	2653
700.323	2745
701.505	2708
702.686	2701
703.868	2662
705.049	2705
706.23	2696
707.411	2691
708.592	2731
709.772	2722
710.953	2710
712.133	2688
713.313	2677
714.493	2673
715.672	2687
716.852	2647
718.031	2677
719.21	2679
720.389	2682
721.567	2684
722.746	2663
723.924	2676
725.102	2652
726.28	2698
727.458	2626
728.636	2647
729.813	2642
730.99	2687
732.167	2662
733.344	2693
734.521	2684
735.697	2687
736.872	2683
738.048	2661
739.224	2697
740.4	2717
741.575	2723
742.751	2728
743.925	2693
745.1	2705
746.274	2738
747.449	2743
748.623	2726
749.796	2725
750.97	2716
752.144	2741
753.318	2733
754.49	2724
755.664	2799
756.837	2771
758.01	2787
759.181	2771
760.354	2760
761.526	2809
762.697	2798
763.869	2778
765.041	2827
766.211	2807
767.383	2801
768.554	2819
769.724	2840
770.895	2778
772.064	2859
773.235	2797
774.405	2795
775.574	2793
776.744	2847
777.913	2793
779.083	2828
780.251	2831
781.42	2889
782.589	2836
783.757	2805
784.926	2847
786.093	2835
787.261	2822
788.428	2824
789.596	2831
790.763	2897
791.93	2854
793.097	2839
794.263	2842
795.43	2850
796.595	2824
797.762	2859
798.927	2859
800.094	2819
801.259	2811
802.423	2834
803.589	2765
804.754	2808
805.918	2805
807.083	2814
808.247	2818
809.41	2831
810.575	2846
811.738	2849
812.902	2849
814.066	2826
815.229	2850
816.391	2866
817.555	2868
818.717	2883
819.879	2907
821.041	2931
822.204	2941
823.365	2911
824.526	2986
825.688	2951
826.848	3009
828.011	2997
829.171	2992
830.331	3037
831.492	2983
832.652	3003
833.811	2997
834.972	2916
836.132	2987
837.291	2978
838.45	2961
839.609	2981
840.768	2986
841.927	2968
843.085	3000
844.243	2988
845.401	2979
846.559	2982
847.717	2989
848.876	2986
850.033	3024
851.19	3062
852.347	3075
853.504	3105
854.66	3165
855.817	3159
856.973	3168
858.128	3265
859.284	3305
860.439	3351
861.595	3429
862.75	3580
863.905	3710
865.06	3866
866.215	4032
867.37	4332
868.524	4559
869.679	5028
870.831	5506
871.985	5981
873.139	6522
874.293	7039
875.446	7416
876.599	7670
877.751	7723
878.904	7710
880.056	7506
881.209	7056
882.361	6602
883.512	6175
884.664	5499
885.816	5141
886.967	4727
888.117	4387
889.269	4117
890.42	3865
891.57	3659
892.72	3534
893.87	3400
895.021	3260
896.17	3203
897.32	3105
898.469	3048
899.618	3047
900.767	2985
901.917	2930
903.064	2939
904.213	2930
905.361	2893
906.509	2885
907.658	2816
908.805	2836
909.953	2809
911.099	2782
912.247	2783
913.393	2760
914.54	2810
915.686	2750
916.833	2779
917.979	2700
919.125	2796
920.27	2773
921.417	2727
922.561	2792
923.707	2796
924.852	2754
925.997	2737
927.141	2811
928.285	2821
929.43	2779
930.574	2779
931.719	2772
932.862	2802
934.005	2750
935.149	2791
936.292	2770
937.434	2761
938.578	2793
939.72	2766
940.862	2798
942.005	2763
943.147	2751
944.288	2810
945.431	2816
946.572	2795
947.713	2796
948.853	2834
949.995	2824
951.135	2835
952.276	2795
953.416	2782
954.557	2822
955.697	2847
956.836	2798
957.975	2875
959.115	2824
960.255	2829
961.394	2861
962.532	2782
963.671	2813
964.809	2848
965.947	2789
967.085	2856
968.223	2833
969.362	2793
970.499	2834
971.636	2877
972.773	2852
973.91	2856
975.047	2817
976.183	2874
977.32	2849
978.456	2880
979.592	2890
980.728	2855
981.863	2880
982.999	2909
984.134	2873
985.269	2890
986.404	2924
987.539	2902
988.674	2910
989.808	2980
990.942	2964
992.075	2965
993.209	2986
994.343	3002
995.476	3046
996.61	3046
997.743	3058
998.876	3099
1000.01	3189
1001.14	3261
1002.27	3299
1003.41	3364
1004.54	3396
1005.67	3469
1006.8	3588
1007.93	3681
1009.06	3741
1010.19	3901
1011.33	4032
1012.46	4160
1013.59	4316
1014.72	4457
1015.85	4637
1016.98	4915
1018.11	5161
1019.24	5371
1020.36	5580
1021.49	5788
1022.62	6220
1023.75	6326
1024.88	6499
1026.01	6782
1027.14	6852
1028.27	7047
1029.39	7086
1030.52	7189
1031.65	7097
1032.78	7053
1033.9	6915
1035.03	6811
1036.16	6645
1037.28	6487
1038.41	6178
1039.53	5952
1040.66	5730
1041.79	5493
1042.91	5274
1044.04	5067
1045.16	4984
1046.29	4840
1047.41	4671
1048.54	4557
1049.66	4408
1050.79	4248
1051.91	4164
1053.04	4062
1054.16	3925
1055.28	3872
1056.41	3712
1057.53	3682
1058.65	3604
1059.78	3526
1060.9	3531
1062.02	3444
1063.14	3435
1064.27	3389
1065.39	3334
1066.51	3326
1067.63	3381
1068.75	3396
1069.87	3358
1070.99	3356
1072.12	3407
1073.24	3402
1074.36	3478
1075.48	3563
1076.6	3600
1077.72	3711
1078.84	3733
1079.96	3819
1081.08	3809
1082.19	3933
1083.31	3945
1084.43	4010
1085.55	4125
1086.67	4143
1087.79	4205
1088.91	4244
1090.02	4145
1091.14	4132
1092.26	4040
1093.38	4036
1094.49	3968
1095.61	3910
1096.73	3811
1097.85	3727
1098.96	3705
1100.08	3613
1101.19	3571
1102.31	3552
1103.43	3498
1104.54	3441
1105.66	3466
1106.77	3457
1107.89	3400
1109	3369
1110.12	3339
1111.23	3286
1112.35	3250
1113.46	3325
1114.57	3282
1115.69	3271
1116.8	3200
1117.91	3143
1119.03	3171
1120.14	3180
1121.25	3108
1122.37	3084
1123.48	3023
1124.59	2991
1125.7	2999
1126.82	2944
1127.93	2884
1129.04	2844
1130.15	2847
1131.26	2828
1132.37	2799
1133.48	2791
1134.59	2781
1135.7	2737
1136.81	2715
1137.92	2732
1139.04	2699
1140.14	2711
1141.25	2642
1142.36	2607
1143.47	2626
1144.58	2685
1145.69	2619
1146.8	2640
1147.91	2644
1149.02	2641
1150.12	2632
1151.23	2560
1152.34	2593
1153.45	2611
1154.56	2552.29
1155.66	2593.1
1156.77	2601.82
1157.88	2527.93
1158.98	2502.73
1160.09	2507.05
1161.2	2493.9
1162.3	2441.35
1163.41	2443.06
1164.51	2431.69
1165.62	2407.85
1166.73	2390.75
1167.83	2412.14
1168.94	2367.38
1170.04	2333.47
1171.15	2324.3
1172.25	2338.25
1173.35	2331.56
1174.46	2324.72
1175.56	2309.03
1176.67	2284.28
1177.77	2276.25
1178.87	2292.46
1179.98	2259.24
1181.08	2280.7
1182.18	2274.45
1183.29	2238.02
1184.39	2247.37
1185.49	2252.21
1186.59	2206.87
1187.7	2248.77
1188.8	2235.22
1189.9	2206.61
1191	2203.66
1192.1	2237.73
1193.2	2190.18
1194.3	2218.45
1195.4	2199.49
1196.51	2212.7
1197.61	2205.4
1198.71	2197.27
1199.81	2197.85
1200.91	2167.64
1202.01	2194.1
1203.11	2171.41
1204.2	2185.45
1205.31	2184.01
1206.4	2185.32
1207.5	2204.13
1208.6	2190.17
1209.7	2184.17
1210.8	2189.44
1211.9	2192.81
1212.99	2174.6
1214.09	2191.19
1215.19	2190.25
1216.29	2196.11
1217.38	2196.83
1218.48	2197.26
1219.58	2241.03
1220.67	2195.59
1221.77	2213.66
1222.87	2194.91
1223.96	2205.42
1225.06	2193.38
1226.16	2206.46
1227.25	2205.47
1228.35	2217.05
1229.44	2264.29
1230.54	2230.14
1231.63	2215.96
1232.73	2217.64
1233.82	2235.79
1234.92	2251.83
1236.01	2275.85
1237.1	2267.48
1238.2	2252.34
1239.29	2288.53
1240.39	2260.06
1241.48	2239.46
1242.57	2219.55
1243.66	2276.21
1244.76	2292.84
1245.85	2296.02
1246.94	2297.23
1248.03	2297.09
1249.13	2312.42
1250.22	2327.18
1251.31	2347.01
1252.4	2370.97
1253.49	2398.08
1254.59	2405.21
1255.68	2429.59
1256.77	2408
1257.86	2434.91
1258.95	2505.53
1260.04	2534.97
1261.13	2565.74
1262.22	2595.91
1263.31	2650.13
1264.4	2697.84
1265.49	2724.45
1265.94	2735
1267.03	2825
1268.13	2803
1269.22	2826
1270.31	2851
1271.41	2826
1272.5	2816
1273.6	2812
1274.69	2860
1275.78	2779
1276.88	2761
1277.97	2664
1279.06	2623
1280.15	2567
1281.25	2552
1282.34	2494
1283.43	2496
1284.52	2428
1285.61	2414
1286.71	2394
1287.8	2383
1288.89	2345
1289.98	2318
1291.07	2308
1292.16	2319
1293.25	2300
1294.34	2295
1295.43	2303
1296.52	2225
1297.61	2216
1298.7	2247
1299.79	2273
1300.88	2227
1301.97	2233
1303.06	2224
1304.15	2215
1305.23	2210
1306.32	2200
1307.41	2177
1308.5	2158
1309.59	2169
1310.67	2135
1311.76	2147
1312.85	2181
1313.94	2176
1315.02	2205
1316.11	2142
1317.2	2165
1318.28	2188
1319.37	2175
1320.46	2154
1321.54	2149
1322.63	2138
1323.71	2156
1324.8	2170
1325.88	2164
1326.97	2167
1328.05	2153
1329.14	2195
1330.22	2180
1331.31	2165
1332.39	2128
1333.48	2157
1334.56	2160
1335.64	2148
1336.73	2137
1337.81	2099
1338.89	2132
1339.98	2175
1341.06	2129
1342.14	2171
1343.22	2167
1344.31	2174
1345.39	2181
1346.47	2203
1347.55	2203
1348.63	2216
1349.72	2201
1350.8	2206
1351.88	2272
1352.96	2185
1354.04	2255
1355.12	2218
1356.2	2234
1357.28	2229
1358.36	2276
1359.44	2274
1360.52	2298
1361.6	2291
1362.68	2296
1363.76	2321
1364.84	2315
1365.92	2345
1366.99	2354
1368.07	2377
1369.15	2349
1370.23	2393
1371.31	2438
1372.39	2405
1373.46	2452
1374.54	2479
1375.62	2516
1376.7	2566
1377.77	2556
1378.85	2527
1379.92	2545
1381	2573
1382.08	2570
1383.15	2582
1384.23	2508
1385.31	2581
1386.38	2588
1387.46	2672
1388.53	2585
1389.61	2653
1390.68	2651
1391.76	2634
1392.83	2669
1393.91	2715
1394.98	2701
1396.05	2794
1397.13	2800
1398.2	2829
1399.28	2819
1400.35	2817
1401.42	2874
1402.5	2836
1403.57	2820
1404.64	2908
1405.71	2934
1406.79	2869
1407.86	2878
1408.93	2846
1410	2875
1411.07	2937
1412.14	2881
1413.22	2872
1414.29	2891
1415.36	2875
1416.43	2894
1417.5	2961
1418.57	2988
1419.64	3002
1420.71	2984
1421.78	3002
1422.85	3038
1423.92	3053
1424.99	3084
1426.06	3055
1427.13	3177
1428.2	3214
1429.27	3315
1430.33	3364
1431.4	3394
1432.47	3510
1433.54	3575
1434.61	3592
1435.68	3730
1436.74	3861
1437.81	4003
1438.88	4151
1439.95	4315
1441.01	4520
1442.08	4712
1443.15	4796
1444.21	4999
1445.28	5062
1446.35	5143
1447.41	5222
1448.48	5307
1449.54	5280
1450.61	5177
1451.67	5185
1452.74	5105
1453.8	5060
1454.87	4951
1455.93	4898
1457	4794
1458.06	4674
1459.12	4569
1460.19	4476
1461.25	4376
1462.32	4325
1463.38	4286
1464.44	4248
1465.51	4150
1466.57	4098
1467.63	4028
1468.69	3986
1469.76	4027
1470.82	3929
1471.88	3928
1472.94	3920
1474.01	3851
1475.07	3777
1476.13	3814
1477.19	3823
1478.25	3671
1479.31	3663
1480.37	3641
1481.43	3596
1482.49	3567
1483.55	3540
1484.61	3383
1485.67	3412
1486.73	3246
1487.79	3264
1488.85	3171
1489.91	3189
1490.97	3081
1492.03	3023
1493.09	2995
1494.15	2921
1495.2	2911
1496.26	2829
1497.32	2814
1498.38	2783
1499.44	2742
1500.49	2768
1501.55	2712
1502.61	2687
1503.67	2655
1504.72	2619
1505.78	2597
1506.84	2528
1507.89	2547
1508.95	2520
1510	2508
1511.06	2470
1512.12	2474
1513.17	2435
1514.23	2427
1515.28	2444
1516.34	2411
1517.39	2368
1518.45	2385
1519.5	2366
1520.56	2343
1521.61	2335
1522.66	2330
1523.72	2320
1524.77	2286
1525.82	2273
1526.88	2208
1527.93	2238
1528.99	2233
1530.04	2252
1531.09	2209
1532.14	2198
1533.2	2173
1534.25	2150
1535.3	2146
1536.35	2137
1537.4	2124
1538.45	2114
1539.51	2141
1540.56	2113
1541.61	2089
1542.66	2079
1543.71	2067
1544.76	2093
1545.81	2126
1546.86	2029
1547.91	2022
1548.96	2066
1550.01	2006
1551.06	2019
1552.11	2030
1553.16	2014
1554.21	2020
1555.26	1992
1556.31	1993
1557.35	2012
1558.4	1952
1559.45	1979
1560.5	1991
1561.55	1962
1562.6	1991
1563.64	1936
1564.69	1956
1565.74	1925
1566.79	1928
1567.83	1936
1568.88	1934
1569.93	1930
1570.97	1905
1572.02	1912
1573.06	1938
1574.11	1975
1575.16	1913
1576.2	1910
1577.25	1872
1578.29	1959
1579.34	1893
1580.38	1898
1581.43	1921
1582.47	1908
1583.52	1861
1584.56	1901
1585.61	1889
1586.65	1902
1587.69	1877
1588.74	1892
1589.78	1892
1590.82	1941
1591.87	1861
1592.91	1908
1593.95	1920
1594.99	1870
1596.04	1894
1597.08	1876
1598.12	1921
1599.16	1903
1600.21	1874
1601.25	1889
1602.29	1918
1603.33	1889
1604.37	1884
1605.41	1896
1606.45	1875
1607.49	1937
1608.54	1893
1609.58	1896
1610.62	1892
1611.66	1894
1612.7	1886
1613.74	1885
1614.78	1882
1615.81	1890
1616.85	1923
1617.89	1877
1618.93	1878
1619.97	1914
1621.01	1856
1622.05	1858
1623.09	1926
1624.12	1903
1625.16	1905
1626.2	1878
1627.24	1898
1628.28	1922
1629.31	1910
1630.35	1925
1631.39	1979
1632.42	1992
1633.46	1997
1634.5	2004
1635.53	1995
1636.57	2056
1637.61	2015
1638.64	1965
1639.68	1940
1640.71	1932
1641.75	1901
1642.78	1871
1643.82	1816
1644.85	1835
1645.89	1797
1646.92	1789
1647.96	1776
1648.99	1734
1650.02	1781
1651.06	1720
1652.09	1762
1653.13	1724
1654.16	1751
1655.19	1723
1656.23	1718
1657.26	1703
1658.29	1694
1659.32	1716
1660.36	1696
1661.39	1711
1662.42	1675
1663.45	1671
1664.48	1663
1665.52	1671
1666.55	1706
1667.58	1662
1668.61	1636
1669.64	1675
1670.67	1646
1671.7	1636
1672.73	1627
1673.76	1624
1674.79	1679
1675.82	1669
1676.85	1651
1677.88	1646
1678.91	1626
1679.94	1621
1680.97	1681
1682	1612
1683.03	1634
1684.06	1619
1685.09	1638
1686.12	1634
1687.14	1630
1688.17	1617
1689.2	1628
1690.23	1590
1691.25	1646
1692.28	1614
1693.31	1623
1694.34	1629
1695.36	1606
1696.39	1638
1697.42	1619
1698.44	1624
1699.47	1670
1700.5	1643
1701.52	1632
1702.55	1622
1703.57	1607
1704.6	1612
1705.62	1630
1706.65	1634
1707.68	1607
1708.7	1612
1709.73	1605
1710.75	1602
1711.77	1608
1712.8	1598
1713.82	1577
1714.85	1602
1715.87	1587
1716.89	1590
1717.92	1571
1718.94	1603
1719.96	1620
1720.99	1633
1722.01	1627
1723.03	1573
1724.05	1605
1725.08	1634
1726.1	1623
1727.12	1564
1728.14	1541
1729.17	1575
1730.19	1552
1731.21	1538
1732.23	1539
1733.25	1539
1734.27	1527
1735.29	1482
1736.31	1531
1737.33	1531
1738.35	1474
1739.37	1485
1740.39	1496
1741.41	1487
1742.43	1489
1743.45	1515
1744.47	1503
1745.49	1517
1746.51	1491
1747.53	1540
1748.55	1481
1749.57	1531
1750.58	1508
1751.6	1461
1752.62	1514
1753.64	1540
1754.66	1517
1755.67	1519
1756.69	1504
1757.71	1522
1758.73	1497
1759.74	1515
1760.76	1540
1761.78	1551
1762.79	1500
1763.81	1492
1764.83	1523
1765.84	1530
1766.86	1521
1767.87	1514
1768.89	1567
1769.9	1537
1770.92	1530
1771.93	1506
1772.95	1570
1773.96	1535
1774.98	1519
1775.99	1510
1777.01	1530
1778.02	1528
1779.04	1509
1780.05	1492
1781.06	1526
1782.08	1582
1783.09	1558
1784.1	1536
1785.12	1510
1786.13	1517
1787.14	1524
1788.15	1543
1789.17	1549
1790.18	1567
1791.19	1554
1792.2	1539
1793.21	1552
1794.23	1509
1795.24	1557
1796.25	1570
1797.26	1539
1798.27	1539
1799.28	1571
1800.29	1551
1801.3	1534
1802.31	1557
1803.32	1540
1804.33	1543
1805.34	1539
1806.35	1562
1807.36	1533
1808.37	1530
1809.38	1565
1810.39	1542
1811.4	1541
1812.41	1547
1813.42	1566
1814.42	1521
1815.43	1460
1816.44	1523
1817.45	1461
1818.46	1520
1819.46	1500
1820.47	1477
1821.48	1509
1822.49	1481
1823.49	1487
1824.5	1522
1825.51	1496
1826.51	1449
1827.52	1494
1828.53	1452
1829.53	1454
1830.54	1461
1831.55	1442
1832.55	1449
1833.56	1454
1834.56	1450
1835.57	1465
1836.57	1442
1837.58	1439
1838.58	1407
1839.59	1406
1840.59	1430
1841.59	1426
1842.6	1428
1843.6	1408
1844.61	1381.5
1845.61	1355
1846.61	1393
1847.62	1435
1848.62	1361
1849.62	1369
1850.63	1372
1851.63	1365
1852.63	1346
1853.63	1362
1854.64	1373
1855.64	1351
1856.64	1372
1857.64	1325
1858.64	1344
1859.64	1367
1860.65	1327
1861.65	1342
1862.65	1342
1863.65	1346
1864.65	1354
1865.65	1323
1866.65	1351
1867.65	1331
1868.65	1305
1869.65	1335
1870.65	1329
1871.65	1364
1872.65	1319
1873.65	1350
1874.65	1354
1875.65	1345
1876.65	1337
1877.64	1372
1878.64	1366
1879.64	1321
1880.64	1306
1881.64	1345
1882.64	1335
1883.63	1330
1884.63	1342
1885.63	1318
1886.63	1378
1887.62	1338
1888.62	1349
1889.62	1375
1890.61	1353
1891.61	1328
1892.61	1354
1893.6	1368
1894.6	1354
1895.59	1372
1896.59	1348.5
1897.59	1325
1898.58	1362
1899.58	1339
1900.57	1344
1901.57	1321
1902.56	1392
1903.56	1335
1904.55	1360
1905.55	1323
1906.54	1346
1907.53	1355
1908.53	1366
1909.52	1386
1910.51	1351
1911.51	1397
1912.5	1353
1913.49	1378
1914.49	1353
1915.48	1376
1916.47	1383
1917.47	1336
1918.46	1388
1919.45	1348
1920.44	1365
1921.43	1358
1922.43	1380
1923.42	1373
1924.41	1384
1925.4	1387
1926.39	1391
1927.38	1387
1928.37	1356
1929.36	1362
1930.35	1354
1931.35	1327
1932.34	1392
1933.33	1399
1934.32	1391
1935.31	1372
1936.29	1359
1937.29	1354
1938.27	1391
1939.26	1342
1940.25	1350
1941.24	1343
1942.23	1355
1943.22	1324
1944.21	1342
1945.2	1355
1946.18	1360
1947.17	1327
1948.16	1360
1949.15	1346
1950.13	1331
1951.12	1354
1952.11	1352
1953.1	1317
1954.08	1351
1955.07	1334
1956.06	1317
1957.04	1332
1958.03	1311
1959.02	1328
1960	1302
1960.99	1313
1961.97	1322
1962.96	1276
1963.94	1306
1964.93	1295
1965.91	1313
1966.9	1290
1967.88	1303
1968.87	1284
1969.85	1291
1970.84	1298
1971.82	1262
1972.8	1270
1973.79	1269
1974.77	1288
1975.76	1264
1976.74	1257
1977.72	1277
1978.71	1244
1979.69	1285
1980.67	1265
1981.65	1270
1982.64	1276
1983.62	1274
1984.6	1233
1985.58	1259
1986.57	1278
1987.55	1309
1988.53	1304
1989.51	1298
1990.49	1290
1991.47	1278
1992.45	1280
1993.43	1296
1994.42	1284
1995.4	1291
1996.38	1280
1997.36	1299
1998.34	1281
1999.32	1301
2000.3	1252
2001.28	1277
2002.26	1304
2003.23	1298
2004.21	1318
2005.19	1313
2006.17	1294
2007.15	1277
2008.13	1319
2009.11	1244
2010.09	1294
2011.06	1297
2012.04	1284
2013.02	1323
2014	1268
2014.98	1325
2015.95	1318
2016.93	1299
2017.91	1320
2018.88	1312
2019.86	1343
2020.84	1328
2021.81	1311
2022.79	1306
2023.77	1335
2024.74	1309
2025.72	1333
2026.69	1340
2027.67	1344
2028.65	1303
2029.62	1333
2030.6	1336
2031.57	1346
2032.55	1304
2033.52	1347
2034.5	1332
2035.47	1360
2036.44	1314
2037.42	1342
2038.39	1386
2039.37	1343
2040.34	1388
2041.31	1336
2042.29	1333
2043.26	1343
2044.23	1332
2045.21	1374
2046.18	1341
2047.15	1322
2048.12	1347
2049.1	1334
2050.07	1324
2051.04	1346
2052.01	1343
2052.98	1328
2053.96	1291
2054.93	1322
2055.9	1318
2056.87	1321
2057.84	1298
2058.81	1306
2059.78	1312
2060.75	1325
2061.72	1349
2062.69	1324
2063.66	1344
2064.63	1324
2065.6	1334
2066.57	1357
2067.54	1333
2068.51	1311
2069.48	1313
2070.45	1314
2071.42	1318
2072.39	1321
2073.36	1322
2074.32	1293
2075.29	1265
2076.26	1296
2077.23	1311
2078.2	1292
2079.16	1286
2080.13	1287
2081.1	1305
2082.07	1292
2083.03	1291
2084	1275
2084.97	1279
2085.93	1256
2086.9	1221
2087.87	1282
2088.83	1261
2089.8	1270
2090.77	1292
2091.73	1264
2092.7	1285
2093.66	1274
2094.63	1260
2095.59	1259
2096.56	1246
2097.52	1269
2098.49	1268
2099.45	1234
2100.42	1261
2101.38	1279
2102.35	1242
2103.31	1262
2104.27	1230
2105.24	1231
2106.2	1235
2107.16	1233
2108.13	1238
2109.09	1284
2110.05	1236.62
2111.02	1247.95
2111.98	1260.34
2112.94	1241.76
2113.9	1241.27
2114.87	1253.74
2115.83	1263.63
2116.79	1247.11
2117.75	1267.66
2118.71	1244.35
2119.68	1271.06
2120.64	1252.6
2121.6	1263.39
2122.56	1234.27
2123.52	1250.24
2124.48	1252.54
2125.44	1265.71
2126.4	1260.76
2127.36	1279.62
2128.32	1229.32
2129.28	1239.87
2130.24	1240.78
2131.2	1263.61
2132.16	1248.02
2133.12	1249.16
2134.08	1244.77
2135.04	1244.06
2136	1236.98
2136.96	1239.09
2137.92	1238.71
2138.88	1248.77
2139.83	1252.72
2140.79	1240.18
2141.75	1249.57
2142.71	1244.42
2143.67	1262.91
2144.62	1256.87
2145.58	1240.04
2146.54	1264.95
2147.5	1260.1
2148.45	1247.44
2149.41	1257.38
2150.37	1241.9
2151.32	1240.82
2152.28	1267.28
2153.24	1260.07
2154.19	1255.96
2155.15	1255.32
2156.11	1239.45
2157.06	1248.48
2158.02	1275.72
2158.97	1252.38
2159.93	1244.47
2160.88	1243.43
2161.84	1255.82
2162.79	1237.9
2163.75	1246.62
2164.7	1236.69
2165.66	1244.2
2166.61	1250.59
2167.57	1254.94
2168.52	1256.81
2169.48	1254.25
2170.43	1265.21
2171.38	1257.59
2172.34	1274.44
2173.29	1281.96
2174.24	1280.72
2175.2	1270.96
2176.15	1288.01
2177.1	1261.49
2178.05	1251.47
2179.01	1249.8
2179.96	1253.96
2180.91	1273.77
2181.86	1263.87
2182.82	1266.77
2183.77	1275.23
2184.72	1267.1
2185.67	1262.62
2186.62	1243.35
2187.57	1248.62
2188.52	1279.55
2189.47	1281.05
2190.43	1275.19
2191.38	1282.71
2192.33	1287.41
2193.28	1257.61
2194.23	1236.94
2195.18	1262.98
2196.13	1269.12
2197.08	1288.99
2198.03	1291.85
2198.98	1288.3
2199.93	1283.82
2200.87	1281.65
2201.82	1286.93
2202.77	1276.17
2203.72	1291.46
2204.67	1276.66
2205.62	1279.24
2205.98	1291
2206.93	1304
2207.88	1309
2208.84	1280
2209.79	1298
2210.74	1300
2211.69	1286
2212.65	1307
2213.6	1300
2214.55	1299
2215.5	1320
2216.45	1324
2217.41	1280
2218.36	1296
2219.31	1284
2220.26	1285
2221.21	1299
2222.16	1332
2223.11	1336
2224.06	1323
2225.01	1310
2225.96	1341
2226.91	1320
2227.86	1336
2228.81	1341
2229.76	1331
2230.71	1340
2231.66	1307
2232.61	1335
2233.56	1357
2234.51	1306
2235.46	1360
2236.41	1340
2237.36	1322
2238.31	1347
2239.25	1311
2240.2	1303
2241.15	1331
2242.1	1353
2243.05	1325
2243.99	1307
2244.94	1335
2245.89	1349
2246.83	1313
2247.78	1295
2248.73	1340
2249.68	1313
2250.62	1319
2251.57	1327.5
2252.52	1336
2253.46	1300
2254.41	1317
2255.35	1337
2256.3	1356
2257.25	1341
2258.19	1353
2259.14	1323
2260.08	1353
2261.03	1358
2261.97	1349
2262.92	1349.5
2263.86	1350
2264.81	1334
2265.75	1345
2266.7	1324
2267.64	1312
2268.58	1359
2269.53	1345
2270.47	1322
2271.41	1334
2272.36	1341
2273.3	1332
2274.24	1334
2275.19	1344
2276.13	1356
2277.07	1378
2278.02	1331
2278.96	1329
2279.9	1371
2280.84	1339
2281.78	1322
2282.73	1336
2283.67	1314
2284.61	1330
2285.55	1317
2286.49	1336
2287.43	1329
2288.38	1315
2289.32	1325
2290.26	1319
2291.2	1327
2292.14	1349
2293.08	1316
2294.02	1329
2294.96	1331
2295.9	1336
2296.84	1332
2297.78	1358
2298.72	1358
2299.66	1315
2300.59	1342
2301.53	1350
2302.47	1300
2303.41	1344
2304.35	1351
2305.29	1333
2306.23	1343
2307.17	1324
2308.1	1306
2309.04	1325
2309.98	1371
2310.92	1334
2311.85	1331
2312.79	1313
2313.73	1340
2314.67	1300
2315.6	1316
2316.54	1333
2317.48	1362
2318.41	1365
2319.35	1309
2320.29	1318
2321.22	1349
2322.16	1353
2323.09	1355
2324.03	1380
2324.97	1353
2325.9	1380
2326.84	1338
2327.77	1329
2328.71	1371
2329.64	1330
2330.58	1377
2331.51	1352
2332.45	1343
2333.38	1357
2334.31	1336
2335.25	1361
2336.18	1364
2337.12	1348
2338.05	1342
2338.98	1354
2339.92	1378
2340.85	1343
2341.78	1366
2342.72	1350
2343.65	1340
2344.58	1346
2345.51	1367
2346.45	1362
2347.38	1388
2348.31	1359
2349.24	1354
2350.17	1365
2351.11	1379
2352.04	1366
2352.97	1355
2353.9	1374
2354.83	1306
2355.76	1397
2356.69	1347
2357.62	1350
2358.55	1398
2359.48	1358
2360.42	1358
2361.35	1389
2362.27	1365
2363.21	1345
2364.13	1399
2365.07	1391
2365.99	1392
2366.92	1368
2367.85	1325
2368.78	1380
2369.71	1388
2370.64	1370
2371.57	1333
2372.5	1376
2373.43	1366
2374.35	1355
2375.28	1377
2376.21	1364
2377.14	1368
2378.07	1364
2378.99	1361
2379.92	1379
2380.85	1364
2381.77	1384
2382.7	1345
2383.63	1369
2384.56	1354
2385.48	1364
2386.41	1405
2387.33	1338
2388.26	1349
2389.19	1390
2390.11	1348
2391.04	1372
2391.96	1374
2392.89	1387
2393.82	1351
2394.74	1368
2395.67	1377
2396.59	1345
2397.51	1359
2398.44	1328
2399.36	1373
2400.29	1373
2401.21	1339
2402.14	1353
2403.06	1343
2403.98	1356
2404.91	1301
2405.83	1375
2406.76	1360
2407.68	1333
2408.6	1354
2409.52	1340
2410.45	1314
2411.37	1354
2412.29	1333
2413.22	1317
2414.14	1319
2415.06	1381
2415.98	1372
2416.9	1364
2417.83	1331
2418.75	1349
2419.67	1341
2420.59	1338
2421.51	1351
2422.43	1354
2423.35	1369
2424.27	1371
2425.2	1301
2426.12	1337
2427.04	1345
2427.96	1366
2428.88	1334
2429.8	1336
2430.72	1317
2431.64	1372
2432.56	1314
2433.48	1336
2434.4	1362
2435.31	1336
2436.23	1367
2437.15	1351
2438.07	1340
2438.99	1364
2439.91	1343
2440.83	1358
2441.75	1365
2442.66	1342
2443.58	1382
2444.5	1371
2445.42	1305
2446.33	1357
2447.25	1328
2448.17	1354
2449.09	1336
2450	1342
2450.92	1341
2451.84	1330
2452.75	1374
2453.67	1355
2454.59	1320
2455.5	1358
2456.42	1368
2457.33	1374
2458.25	1369
2459.17	1343
2460.08	1383
2461	1319
2461.91	1340
2462.83	1343
2463.74	1360
2464.66	1335
2465.57	1349
2466.49	1347
2467.4	1369
2468.31	1369
2469.23	1348
2470.14	1350
2471.06	1327
2471.97	1342
2472.88	1355
2473.8	1341
2474.71	1371
2475.62	1333
2476.54	1367
2477.45	1341
2478.36	1368
2479.28	1341
2480.19	1357
2481.1	1312
2482.01	1349
2482.93	1315
2483.84	1338
2484.75	1369
2485.66	1371
2486.57	1329
2487.49	1329
2488.4	1359
2489.31	1341
2490.22	1324
2491.13	1319
2492.04	1372
2492.95	1365
2493.86	1362
2494.77	1342
2495.68	1357
2496.59	1348
2497.5	1365
2498.41	1331
2499.32	1334
2500.23	1339
2501.14	1334
2502.05	1346
2502.96	1357
2503.87	1364
2504.78	1335
2505.69	1329
2506.6	1325
2507.5	1366
2508.41	1338
2509.32	1352
2510.23	1371
2511.14	1351
2512.04	1352
2512.95	1343
2513.86	1340
2514.77	1349
2515.68	1371
2516.58	1389
2517.49	1341
2518.4	1323
2519.3	1358
2520.21	1356
2521.12	1383
2522.02	1374
2522.93	1384
2523.83	1340
2524.74	1360
2525.65	1390
2526.55	1353
2527.46	1358
2528.36	1380
2529.27	1373
2530.17	1367
2531.08	1395
2531.98	1360
2532.89	1376
2533.79	1375
2534.7	1386
2535.6	1372
2536.51	1401
2537.41	1401
2538.32	1392
2539.22	1413
2540.12	1382
2541.03	1387
2541.93	1386
2542.83	1384
2543.74	1378
2544.64	1389
2545.54	1435
2546.45	1384
2547.35	1352
2548.25	1398
2549.15	1351
2550.06	1347
2550.96	1391
2551.86	1381
2552.76	1381
2553.66	1379
2554.57	1373
2555.47	1344
2556.37	1372
2557.27	1409
2558.17	1333
2559.07	1402
2559.97	1393
2560.87	1377
2561.77	1362
2562.67	1332
2563.57	1373
2564.47	1376
2565.37	1360
2566.27	1329
2567.17	1366
2568.07	1376
2568.97	1357
2569.87	1370
2570.77	1338
2571.67	1350
2572.57	1349
2573.47	1339
2574.37	1349
2575.27	1315
2576.16	1356
2577.06	1353
2577.96	1338
2578.86	1340
2579.76	1357
2580.65	1328
2581.55	1336
2582.45	1370
2583.35	1346
2584.24	1342
2585.14	1358
2586.04	1357
2586.94	1368
2587.83	1357
2588.73	1369
2589.62	1359
2590.52	1334
2591.42	1363
2592.31	1360
2593.21	1353
2594.1	1371
2595	1333
2595.9	1381
2596.79	1326
2597.69	1307
2598.58	1353
2599.48	1340
2600.37	1344
2601.27	1374
2602.16	1343
2603.06	1345
2603.95	1326
2604.84	1333
2605.74	1339
2606.63	1304
2607.53	1294
2608.42	1316
2609.31	1283
2610.21	1319
2611.1	1307
2611.99	1298
2612.89	1318
2613.78	1310
2614.67	1321
2615.57	1301
2616.46	1295
2617.35	1310
2618.24	1305
2619.14	1326
2620.03	1325
2620.92	1270
2621.81	1282
2622.7	1328
2623.59	1327
2624.48	1290
2625.38	1299
2626.27	1279
2627.16	1237
2628.05	1260
2628.94	1254
2629.83	1241
2630.72	1236
2631.61	1236
2632.5	1203
2633.39	1225
2634.28	1191
2635.17	1223
2636.06	1186
2636.95	1213
2637.84	1206
2638.73	1203
2639.62	1211
2640.51	1207
2641.4	1208
2642.28	1189
2643.17	1210
2644.06	1219
2644.95	1213
2645.84	1167
2646.73	1194
2647.61	1205
2648.5	1201
2649.39	1186
2650.28	1210
2651.17	1196
2652.05	1188
2652.94	1192
2653.83	1202
2654.71	1211
2655.6	1169
2656.49	1196
2657.37	1209
2658.26	1183
2659.15	1210
2660.03	1174
2660.92	1197
2661.8	1209
2662.69	1224
2663.58	1204
2664.46	1215
2665.35	1245
2666.23	1222
2667.12	1235
2668	1234
2668.89	1232
2669.77	1231
2670.66	1239
2671.54	1258
2672.43	1281
2673.31	1230
2674.19	1279
2675.08	1240
2675.96	1264
2676.84	1243
2677.73	1227
2678.61	1238
2679.5	1239
2680.38	1251
2681.26	1259
2682.14	1252
2683.03	1260
2683.91	1246
2684.79	1264
2685.68	1308
2686.56	1276
2687.44	1280
2688.32	1279
2689.2	1308
2690.09	1328
2690.97	1305
2691.85	1305
2692.73	1324
2693.61	1350
2694.49	1378
2695.37	1367
2696.25	1384
2697.14	1399
2698.02	1425
2698.9	1422
2699.78	1435
2700.66	1450
2701.54	1462
2702.42	1474
2703.3	1465
2704.18	1513
2705.06	1538
2705.94	1516
2706.81	1504
2707.69	1537
2708.57	1530
2709.45	1523
2710.33	1570
2711.21	1573
2712.09	1559.5
2712.97	1546
2713.84	1551
2714.72	1561
2715.6	1579
2716.48	1572
2717.36	1557
2718.23	1580
2719.11	1592
2719.99	1578
2720.87	1555
2721.74	1583
2722.62	1529
2723.5	1544
2724.37	1558
2725.25	1512
2726.13	1526
2727	1496
2727.88	1511
2728.76	1474
2729.63	1457
2730.51	1490
2731.38	1479
2732.26	1504
2733.14	1493
2734.01	1486
2734.89	1504
2735.76	1500
2736.64	1506
2737.51	1547
2738.39	1513
2739.26	1533
2740.13	1556
2741.01	1515
2741.88	1551
2742.76	1530
2743.63	1586
2744.5	1542
2745.38	1595
2746.25	1568
2747.13	1591
2748	1564
2748.87	1611
2749.75	1541
2750.62	1540
2751.49	1570
2752.36	1555
2753.24	1572
2754.11	1532
2754.98	1572
2755.85	1533
2756.73	1541
2757.6	1536.5
2758.47	1532
2759.34	1523
2760.21	1565
2761.08	1549
2761.96	1542
2762.83	1517
2763.7	1547
2764.57	1526
2765.44	1549
2766.31	1573
2767.18	1560
2768.05	1587
2768.92	1536
2769.79	1595
2770.66	1521
2771.53	1588
2772.4	1528
2773.27	1559
2774.14	1586
2775.01	1634
2775.88	1663
2776.75	1614
2777.62	1656
2778.49	1643
2779.36	1656
2780.22	1702
2781.09	1671
2781.96	1684
2782.83	1692
2783.7	1728
2784.57	1718
2785.43	1754
2786.3	1760
2787.17	1773
2788.04	1778
2788.9	1813
2789.77	1836
2790.64	1878
2791.5	1876
2792.37	1917
2793.24	1913
2794.1	2005
2794.97	1966
2795.84	2022
2796.7	2062
2797.57	2101
2798.44	2144
2799.3	2143
2800.17	2172
2801.03	2258
2801.9	2298
2802.76	2332
2803.63	2348
2804.5	2456
2805.36	2535
2806.23	2595
2807.09	2715
2807.95	2759
2808.82	2874
2809.68	2985
2810.55	3117
2811.41	3220
2812.28	3374
2813.14	3533
2814	3735
2814.87	3908
2815.73	4096
2816.59	4249
2817.46	4562
2818.32	4829
2819.18	5042
2820.05	5401
2820.91	5671
2821.77	5952
2822.63	6331
2823.5	6750
2824.36	7121
2825.22	7363
2826.08	7796
2826.94	8082
2827.81	8409
2828.67	8541
2829.53	8765
2830.39	8821
2831.25	8869
2832.11	8677
2832.98	8545
2833.84	8345
2834.7	8056
2835.56	7786
2836.42	7457
2837.28	7054
2838.14	6791
2839	6465
2839.86	6119
2840.72	5880
2841.58	5616
2842.44	5399
2843.3	5175
2844.16	5029
2845.02	4860
2845.88	4703
2846.73	4547
2847.59	4486
2848.45	4372
2849.31	4300
2850.17	4249
2851.03	4153
2851.89	4011
2852.74	4092
2853.6	4109
2854.46	4056
2855.32	4108
2856.18	4148
2857.03	4135
2857.89	4186
2858.75	4244
2859.6	4351
2860.46	4391
2861.32	4579
2862.18	4591
2863.03	4775
2863.89	4882
2864.74	5042
2865.6	5135
2866.46	5366
2867.31	5468
2868.17	5611
2869.03	5757
2869.88	5963
2870.74	6050
2871.59	6216
2872.45	6248
2873.3	6306
2874.16	6343
2875.01	6373
2875.87	6373
2876.72	6449
2877.58	6283
2878.43	6279
2879.29	6277
2880.14	6288
2880.99	6122
2881.85	6188
2882.7	6130
2883.55	6057
2884.41	6018
2885.26	5904
2886.12	5956
2886.97	5832
2887.82	5813
2888.68	5814
2889.53	5857
2890.38	5711
2891.23	5745
2892.09	5551
2892.94	5623
2893.79	5591
2894.64	5476
2895.49	5569
2896.35	5511
2897.2	5514
2898.05	5536
2898.9	5441
2899.75	5478
2900.6	5528
2901.45	5525
2902.31	5594
2903.16	5654
2904.01	5670
2904.86	5696
2905.71	5815
2906.56	5870
2907.41	5986
2908.26	6142
2909.11	6206
2909.96	6250
2910.81	6474
2911.66	6652
2912.51	6797
2913.36	7020
2914.21	7227
2915.06	7527
2915.9	7852
2916.75	8010
2917.6	8449
2918.45	8804
2919.3	9174
2920.15	9558
2921	9901
2921.84	10289
2922.69	10571
2923.54	10901
2924.39	11067
2925.24	11154
2926.08	11238
2926.93	11288
2927.78	11300
2928.63	11166
2929.47	11003
2930.32	10910
2931.17	10643
2932.01	10462
2932.86	10334
2933.71	10159
2934.55	10045
2935.4	9817
2936.25	9628
2937.09	9496
2937.94	9347
2938.78	9246
2939.63	8909
2940.47	8797
2941.32	8669
2942.16	8410
2943.01	8262
2943.86	8023.53
2944.7	7816.65
2945.54	7600.27
2946.39	7335.81
2947.23	7176.94
2948.08	6934.4
2948.92	6727.5
2949.77	6569.29
2950.61	6314.15
2951.45	6226.82
2952.3	5982.36
2953.14	5816.94
2953.99	5780.51
2954.83	5581.98
2955.67	5607.01
2956.52	5482.68
2957.36	5408.21
2958.2	5395.72
2959.04	5407.8
2959.89	5364.25
2960.73	5372.67
2961.57	5415.16
2962.41	5468.85
2963.26	5435.57
2964.1	5504.71
2964.94	5482.59
2965.78	5548.91
2966.62	5503.31
2967.47	5610
2968.31	5634.93
2969.15	5586.93
2969.99	5588.1
2970.83	5511.32
2971.67	5535.67
2972.51	5450.33
2973.35	5365.03
2974.19	5309.35
2975.04	5207.33
2975.88	5086.15
2976.72	5010.54
2977.56	4878.17
2978.4	4728.12
2979.24	4611.33
2980.08	4494.75
2980.92	4332.09
2981.76	4211.5
2982.6	4079.84
2983.43	4010.62
2984.27	3888.31
2985.11	3736.34
2985.95	3664.91
2986.79	3544.49
2987.63	3488.59
2988.47	3380.71
2989.31	3343.54
2990.14	3247.66
2990.98	3159.4
2991.82	3114.75
2992.66	3015.99
2993.5	2980.56
2994.33	2947.72
2995.17	2891.17
2996.01	2787.59
2996.85	2741.7
2997.68	2732.09
2998.52	2669.21
2999.36	2625.45
3000.2	2562.93
3001.03	2525.68
3001.87	2471.39
3002.71	2431.6
3003.54	2404.83
3004.38	2332.01
3005.21	2328.91
3006.05	2309.22
3006.89	2246.25
3007.72	2204.41
3008.56	2179.08
3009.39	2182.76
3010.23	2142.28
3011.06	2128.38
3011.9	2103.22
3012.74	2086.07
3013.57	2050.89
3014.41	2026.93
3015.24	2042.35
3016.07	1968.69
3016.91	2011.7
3017.74	1977.22
3018.58	1962.09
3019.41	1946.88
3020.25	1912.03
3021.08	1914.96
3021.91	1871.49
3022.75	1900.61
3023.58	1842.11
3024.41	1843.09
3025.25	1843.31
3026.08	1804.88
3026.91	1857.41
3027.75	1798.06
3028.58	1758.41
3028.73	1753
3029.57	1758
3030.4	1793
3031.24	1736
3032.08	1735
3032.92	1750
3033.75	1741
3034.59	1684
3035.42	1690
3036.26	1672
3037.1	1655
3037.93	1670
3038.77	1623
3039.61	1668
3040.44	1618
3041.28	1640
3042.11	1664
3042.95	1606
3043.78	1664
3044.62	1609
3045.45	1605
3046.29	1570
3047.12	1569
3047.96	1607
3048.79	1605
3049.63	1582
3050.46	1596
3051.29	1489
3052.13	1538
3052.96	1508
3053.8	1502
3054.63	1538
3055.46	1516
3056.3	1519
3057.13	1482
3057.96	1487
3058.8	1487
3059.63	1456
3060.46	1489
3061.3	1477
3062.13	1483
3062.96	1441
3063.79	1469
3064.63	1429
3065.46	1433
3066.29	1468
3067.12	1432
3067.95	1405
3068.79	1378
3069.62	1448
3070.45	1452
3071.28	1420
3072.11	1418
3072.94	1407
3073.77	1426
3074.6	1416
3075.44	1392
3076.27	1385
3077.1	1401
3077.93	1383.5
3078.76	1366
3079.59	1347
3080.42	1357
3081.25	1381
3082.08	1376
3082.91	1368
3083.74	1389
3084.57	1370
3085.4	1358
3086.23	1348
3087.05	1321
3087.88	1354
3088.71	1368
3089.54	1347
3090.37	1365
3091.2	1326
3092.03	1365
3092.86	1312
3093.68	1286
3094.51	1279
3095.34	1325
3096.17	1322
3097	1312
3097.82	1327
3098.65	1280
3099.48	1285
3100.31	1350
3101.13	1297
3101.96	1299
3102.79	1335
3103.61	1342
3104.44	1324
3105.27	1321
3106.09	1290
3106.92	1310
3107.75	1300
3108.57	1279
3109.4	1300
3110.22	1289
3111.05	1309
3111.88	1295
3112.7	1269
3113.53	1293
3114.35	1253
3115.18	1257
3116	1271
3116.83	1298
3117.65	1280
3118.48	1289
3119.3	1262
3120.13	1228
3120.95	1253
3121.77	1247
3122.6	1269
3123.42	1270
3124.25	1239
3125.07	1238
3125.89	1244
3126.72	1239
3127.54	1222
3128.36	1223
3129.19	1237
3130.01	1206
3130.83	1230
3131.66	1218
3132.48	1256
3133.3	1227
3134.13	1214
3134.95	1258
3135.77	1238
3136.59	1199
3137.41	1224
3138.24	1203
3139.06	1187
3139.88	1181
3140.7	1227
3141.52	1201
3142.34	1222
3143.17	1215
3143.99	1229
3144.81	1221
3145.63	1209
3146.45	1207
3147.27	1187
3148.09	1214
3148.91	1192
3149.73	1203
3150.55	1212
3151.37	1198
3152.19	1215
3153.01	1155
3153.83	1199
3154.65	1205
3155.47	1198
3156.29	1195
3157.11	1206
3157.93	1210
3158.75	1199
3159.57	1167
3160.39	1196
3161.2	1178
3162.02	1208
3162.84	1218
3163.66	1156
3164.48	1212
3165.3	1225
3166.12	1199
3166.93	1179
3167.75	1182
3168.57	1205
3169.39	1202
3170.2	1162
3171.02	1190
3171.84	1213
3172.65	1180
3173.47	1192
3174.29	1223
3175.11	1197
3175.92	1224
3176.74	1195
3177.56	1195
3178.37	1239
3179.19	1165
3180	1177
3180.82	1222
3181.64	1173
3182.45	1227
3183.27	1180
3184.08	1213
3184.9	1193
3185.71	1183
3186.53	1248
3187.34	1229
3188.16	1179
3188.97	1226
3189.79	1206
3190.6	1208
3191.42	1232
3192.23	1201
3193.05	1230
3193.86	1200
3194.67	1243
3195.49	1206
3196.3	1219
3197.12	1242
3197.93	1224
3198.74	1229
3199.56	1221
3200.37	1240
3201.18	1238
3202	1234
3202.81	1273
3203.62	1259
3204.43	1292
3205.25	1270
3206.06	1264
3206.87	1274
3207.68	1283
3208.5	1260
3209.31	1288
3210.12	1278
3210.93	1321
3211.74	1281
3212.56	1283
3213.37	1299
3214.18	1297
3214.99	1285
3215.8	1298
3216.61	1337
3217.42	1269
3218.23	1290
3219.04	1268
3219.85	1315
3220.66	1333
3221.47	1342
3222.28	1312
3223.09	1350
3223.91	1312
3224.71	1327
3225.52	1309
3226.33	1381
3227.14	1341
3227.95	1304
3228.76	1354
3229.57	1342
3230.38	1325
3231.19	1343
3232	1339
3232.81	1353
3233.62	1363
3234.42	1362
3235.23	1335
3236.04	1357
3236.85	1365
3237.66	1338
3238.47	1364
3239.27	1352
3240.08	1326
3240.89	1378
3241.7	1375
3242.5	1384
3243.31	1376
3244.12	1386
3244.92	1332
3245.73	1371
3246.54	1371
3247.34	1403
3248.15	1394
3248.96	1383
3249.76	1410
3250.57	1386
3251.38	1366
3252.18	1384
3252.99	1423
3253.79	1387
3254.6	1408
3255.41	1395
3256.21	1414
3257.02	1408
3257.82	1431
3258.63	1422
3259.43	1393
3260.24	1385
3261.04	1409
3261.85	1418
3262.65	1390
3263.46	1428
3264.26	1429
3265.06	1443
3265.87	1432
3266.67	1438
3267.48	1443
3268.28	1442
3269.08	1396
3269.89	1414
3270.69	1396
3271.49	1399
3272.3	1400
3273.1	1432
3273.9	1409
3274.71	1402
3275.51	1421
3276.31	1444
3277.11	1424
3277.92	1401
3278.72	1422
3279.52	1455
3280.32	1357
3281.13	1444
3281.93	1379
3282.73	1411
3283.53	1384
3284.33	1441
3285.13	1417
3285.93	1404
3286.74	1386
3287.54	1413
3288.34	1373
3289.14	1435
3289.94	1423
3290.74	1409
3291.54	1400
3292.34	1394
3293.14	1406
3293.94	1434
3294.74	1399
3295.54	1375
3296.34	1397
3297.14	1381
3297.94	1384
3298.74	1415
3299.54	1379
3300.34	1411
3301.14	1361
3301.94	1411
3302.74	1442
3303.53	1411
3304.33	1396
3305.13	1407
3305.93	1424
3306.73	1396
3307.53	1428
3308.33	1397
3309.12	1431
3309.92	1427
3310.72	1391
3311.52	1402
3312.32	1409
3313.11	1422
3313.91	1393
3314.71	1423
3315.5	1406
3316.3	1434
3317.1	1432
3317.9	1411
3318.69	1421
3319.49	1413
3320.29	1424
3321.08	1415
3321.88	1393
3322.67	1452
3323.47	1463
3324.27	1416
3325.06	1403
3325.86	1413
3326.65	1409
3327.45	1409
3328.24	1408
3329.04	1396
3329.84	1451
3330.63	1413
3331.43	1431
3332.22	1409
3333.01	1436
3333.81	1389
3334.6	1409
3335.4	1401
3336.19	1425
3336.99	1383
3337.78	1447
3338.58	1375
3339.37	1411
3340.16	1408
3340.96	1392
3341.75	1413
3342.54	1381
3343.34	1389
3344.13	1410
3344.92	1394
3345.72	1389
3346.51	1402
3347.3	1388
3348.1	1428
3348.89	1378
3349.68	1385
3350.47	1405
3351.26	1375
3352.06	1387
3352.85	1371
3353.64	1391
3354.43	1388
3355.22	1420
3356.02	1367
3356.81	1382
3357.6	1360
3358.39	1382
3359.18	1380
3359.97	1371
3360.76	1371
3361.55	1381
3362.34	1378
3363.13	1384
3363.93	1389
3364.72	1354
3365.51	1371
3366.3	1341
3367.09	1386
3367.88	1348
3368.67	1374
3369.46	1328
3370.25	1342
3371.03	1350
3371.82	1372
3372.61	1355
3373.4	1350
3374.19	1349
3374.98	1322
3375.77	1317
3376.56	1345
3377.35	1326
3378.14	1305
3378.92	1358
3379.71	1345
3380.5	1333
3381.29	1286
3382.08	1312
3382.86	1320
3383.65	1331
3384.44	1342
3385.23	1328
3386.01	1287
3386.8	1338
3387.59	1297
3388.38	1297
3389.16	1327
3389.95	1264
3390.74	1317
3391.52	1300
3392.31	1248
3393.1	1303
3393.88	1272
3394.67	1276
3395.45	1292
3396.24	1261
3397.03	1280
3397.81	1289
3398.6	1259
3399.38	1267
3400.17	1280
3400.95	1236
3401.74	1261
3402.52	1260
3403.31	1238
3404.09	1278
3404.88	1246
3405.66	1257
3406.45	1225
3407.23	1243
3408.02	1233
3408.8	1224
3409.59	1235
3410.37	1219
3411.15	1226
3411.94	1225
3412.72	1242
3413.51	1219
3414.29	1211
3415.07	1204
3415.86	1216
3416.64	1196
3417.42	1192
3418.2	1210
3418.99	1196
3419.77	1213
3420.55	1213
3421.34	1210
3422.12	1211
3422.9	1224
3423.68	1198
3424.47	1163
3425.25	1203
3426.03	1172
3426.81	1194
3427.59	1209
3428.37	1186
3429.16	1200
3429.94	1177
3430.72	1179
3431.5	1179
3432.28	1134
3433.06	1168
3433.84	1185
3434.62	1154
3435.4	1180
3436.18	1162
3436.96	1154
3437.74	1136
3438.52	1181
3439.3	1161
3440.08	1147
3440.86	1146
3441.64	1143
3442.42	1164
3443.2	1132
3443.98	1139
3444.76	1157
3445.54	1134
3446.32	1121
3447.1	1123
3447.88	1137
3448.66	1125
3449.43	1113
3450.21	1118
3450.99	1139
3451.77	1109
3452.55	1106
3453.33	1108
3454.11	1112
3454.88	1117
3455.66	1096
3456.44	1104
3457.22	1073
3457.99	1119
3458.77	1073
3459.55	1078
3460.32	1052
3461.1	1086
3461.88	1043
3462.66	1068
3463.43	1075
3464.21	1076
3464.99	1064
3465.76	1080
3466.54	1063
3467.31	1068
3468.09	1059
3468.87	1037
3469.64	1034
3470.42	1054
3471.19	1026
3471.97	1038
3472.74	1044
3473.52	1037
3474.3	1030
3475.07	1016
3475.85	1051
3476.62	1039
3477.4	1029
3478.17	1006
3478.94	1056
3479.72	1033
3480.49	1029
3481.27	1014
3482.04	1009
3482.82	1010
3483.59	1004
3484.36	995
3485.14	1013
3485.91	1006
3486.68	1017
3487.46	983
3488.23	1003
3489	1000
3489.78	1004
3490.55	992
3491.32	953
3492.1	1004
3492.87	982
3493.64	991
3494.41	961
3495.19	952
3495.96	985
3496.73	963
3497.5	957
3498.27	956
3499.05	924
3499.82	937
3500.59	946
3501.36	964
3502.13	935
3502.9	942
3503.67	958
3504.45	966
3505.22	934
3505.99	951
3506.76	950
3507.53	923
3508.3	940
3509.07	931
3509.84	917
3510.61	917
3511.38	922
3512.15	912
3512.92	918
3513.69	915.5
3514.46	913
3515.23	898
3516	873
3516.77	899
3517.54	912
3518.31	903
3519.08	908
3519.85	910
3520.61	877
3521.38	872
3522.15	934
3522.92	877
3523.69	892
3524.46	870
3525.22	867
3525.99	876
3526.76	864
3527.53	861
3528.3	862
3529.06	861
3529.83	860
3530.6	879
3531.37	839
3532.13	843
3532.9	877
3533.67	849
3534.44	854
3535.2	845
3535.97	832
3536.74	846
3537.5	858
3538.27	837
3539.04	828
3539.8	845
3540.57	836
3541.33	847
3542.1	814
3542.86	838
3543.63	830
3544.4	833
3545.16	825
3545.93	816
3546.69	826
3547.46	811
3548.22	816
3548.99	833
3549.75	813
3550.52	841
3551.28	795
3552.05	832
3552.81	834
3553.58	824
3554.34	831
3555.1	802
3555.87	794
3556.63	782
3557.4	803
3558.16	811
3558.92	782
3559.69	764
3560.45	790
3561.21	791
3561.98	786
3562.74	814
3563.5	811
3564.27	807
3565.03	792
3565.79	784
3566.55	763
3567.32	781
3568.08	783
3568.84	773
3569.6	754
3570.36	784
3571.13	757
3571.89	776
3572.65	779
3573.41	759
3574.17	759
3574.93	773
3575.7	797
3576.46	758
3577.22	750
3577.98	786
3578.74	755
3579.5	746
3580.26	764
3581.02	751
3581.78	766
3582.54	742
3583.3	765
3584.06	742
3584.82	744
3585.58	758
3586.34	760
3587.1	746
3587.86	723
3588.62	742
3589.38	737
3590.14	728
3590.9	742
3591.66	738
3592.42	725
3593.18	717
3593.94	727
3594.69	730
3595.45	735
3596.21	734
3596.97	730
3597.73	694
3598.49	730
3599.24	725
3600	733
3600.76	723
3601.52	707
3602.28	723
3603.03	718
3603.79	720
3604.55	696
3605.31	700
3606.06	726
3606.82	716
3607.58	704
3608.33	700
3609.09	706
3609.85	714
3610.6	742
3611.36	707
3612.12	708
3612.87	706
3613.63	725
3614.38	694
3615.14	717
3615.9	697
3616.65	706
3617.41	673
3618.16	683
3618.92	708
3619.67	672
3620.43	663
3621.18	689
3621.94	679
3622.69	665
3623.45	656
3624.2	675
3624.96	683
3625.71	672
3626.47	672
3627.22	691
3627.97	666
3628.73	678
3629.48	654
3630.24	684
3630.99	672
3631.74	666
3632.5	663
3633.25	676
3634	650
3634.76	665
3635.51	660
3636.26	661
3637.02	651
3637.77	651
3638.52	648
3639.27	661
3640.03	643
3640.78	663
3641.53	641
3642.28	634
3643.04	635
3643.79	614
3644.54	608
3645.29	633
3646.04	621
3646.79	638
3647.55	614
3648.3	625
3649.05	627
3649.8	639
3650.55	623
3651.3	669
3652.05	631
3652.8	642
3653.55	626
3654.3	649
3655.06	624
3655.81	624
3656.56	622
3657.31	630
3658.06	632
3658.81	641
3659.56	626
3660.31	612
3661.06	657
3661.8	610
3662.55	629
3663.3	604
3664.05	642
3664.8	613
3665.55	627
3666.3	605
3667.05	613
3667.8	625
3668.55	618
3669.29	635
3670.04	631
3670.79	631
3671.54	632
3672.29	637
3673.04	623
3673.78	624
3674.53	634
3675.28	631
3676.03	604
3676.77	611
3677.52	623
3678.27	645
3679.02	623.226
3679.76	598.038
3680.51	629.163
3681.26	621.807
3682	618.211
3682.75	612.451
3683.5	616.666
3684.24	617.07
3684.99	594.738
3685.74	623.055
3686.48	615.748
3687.23	604.888
3687.97	606.356
3688.72	613.886
3689.47	607.253
3690.21	610.154
3690.96	586.43
3691.7	601.274
3692.45	608.261
3693.19	620.447
3693.94	609.058
3694.68	614.114
3695.43	611.991
3696.17	598.869
3696.92	620.147
3697.66	600.001
3698.41	597.515
3699.15	615.099
3699.9	613.517
3700.64	610.705
3701.38	607.871
3702.13	609.543
3702.87	614.238
3703.62	608.837
3704.36	604.395
3705.1	610.272
3705.85	607.414
3706.59	597.615
3707.33	600.135
3708.08	597.565
3708.82	609.87
3709.56	594.331
3710.31	592.109
3711.05	586.698
3711.79	595.198
3712.53	596.993
3713.28	586.12
3714.02	590.568
3714.76	586.537
3715.5	596.678
3716.25	582.274
3716.99	592.04
3717.73	584.344
3718.47	602.609
3719.21	582.631
3719.96	582.213
3720.7	590.186
3721.44	594.96
3722.18	586.151
3722.92	589.198
3723.66	590.75
3724.4	587.974
3725.14	593.681
3725.88	602.573
3726.63	595.562
3727.37	594.477
3728.11	576.594
3728.85	590.488
3729.59	585.996
3730.33	588.022
3731.07	598.574
3731.81	589.95
3732.55	586.952
3733.29	579.937
3734.03	599.956
3734.77	585.038
3735.51	597.742
3736.25	569.506
3736.99	593.157
3737.72	607.191
3738.46	588.936
3739.2	592.576
3739.94	570.477
3740.68	587.679
3741.42	590.36
3742.16	594.528
3742.9	591.587
3743.63	603.772
3744.37	591.51
3745.11	587.135
3745.85	586.964
3746.59	596.424
3747.32	580.796
3748.06	587.739
3748.8	575.398
3749.54	600.656
3750.27	592.285
3751.01	585.759
3751.75	582.221
3752.49	586.219
3753.22	605.533
3753.27	607
3754.01	582
3754.75	610
3755.49	571
3756.23	584
3756.97	587
3757.71	575
3758.45	595
3759.2	597
3759.94	614
3760.68	623
3761.42	574
3762.16	607
3762.9	602
3763.64	612
3764.38	598
3765.12	618
3765.86	592
3766.59	590
3767.33	595
3768.07	579
3768.81	586
3769.55	621
3770.29	575
3771.03	601
3771.77	591
3772.51	600
3773.25	599
3773.99	621
3774.72	602
3775.46	582
3776.2	573
3776.94	594
3777.68	592
3778.41	579
3779.15	571
3779.89	599
3780.63	585
3781.37	567
3782.1	619
3782.84	590
3783.58	623
3784.31	593
3785.05	592
3785.79	606
3786.53	570
3787.26	592
3788	589
3788.74	586.5
3789.47	584
3790.21	604
3790.94	588
3791.68	581
3792.42	582
3793.15	600
3793.89	585
3794.62	588
3795.36	584
3796.1	596
3796.83	595
3797.57	594.5
3798.3	594
3799.04	619
3799.77	593
3800.51	580
3801.24	615
3801.98	580
3802.71	606
3803.45	599
3804.18	597
3804.92	625
3805.65	612
3806.38	582
3807.12	623
3807.85	589
3808.59	585
3809.32	598
3810.05	586
3810.79	598
3811.52	601
3812.25	601
3812.99	606
3813.72	594
3814.45	584
3815.19	610
3815.92	628
3816.65	614
3817.39	586
3818.12	595
3818.85	599
3819.58	614
3820.32	590
3821.05	596
3821.78	585
3822.51	573
3823.24	599
3823.98	584
3824.71	594
3825.44	586
3826.17	592
3826.9	580
3827.63	580
3828.36	591
3829.1	592
3829.83	595
3830.56	603
3831.29	576
3832.02	560
3832.75	579
3833.48	585
3834.21	572
3834.94	577
3835.67	570
3836.4	599
3837.13	583
3837.86	580
3838.59	581
3839.32	586
3840.05	575
3840.78	592
3841.51	583
3842.24	582
3842.97	560
3843.7	574
3844.43	591
3845.16	571
3845.89	584
3846.62	561
3847.34	559
3848.07	576
3848.8	566
3849.53	556
3850.26	569
3850.99	555
3851.72	584
3852.44	581
3853.17	565
3853.9	554
3854.63	568
3855.36	557
3856.08	564
3856.81	562
3857.54	550
3858.26	537
3858.99	577
3859.72	553
3860.45	570
3861.17	545
3861.9	546
3862.63	535
3863.35	545
3864.08	558
3864.81	549
3865.53	552
3866.26	568
3866.99	577
3867.71	536
3868.44	554
3869.16	563
3869.89	562
3870.61	557
3871.34	543
3872.07	538
3872.79	557
3873.52	540
3874.24	558
3874.97	556
3875.69	551
3876.42	558
3877.14	554
3877.87	541
3878.59	536
3879.31	564
3880.04	551
3880.76	552
3881.49	538
3882.21	537
3882.94	539
3883.66	538
3884.38	545
3885.11	547
3885.83	557
3886.55	532
3887.28	548
3888	547
3888.72	547
3889.45	540
3890.17	535
3890.89	539
3891.62	535
3892.34	530
3893.06	529
3893.79	534
3894.51	538
3895.23	536
3895.95	554
3896.67	534
3897.4	554
3898.12	536
3898.84	528
3899.56	539
3900.28	543
3901.01	535
3901.73	531
3902.45	523
3903.17	534
3903.89	558
3904.61	545
3905.33	529
3906.05	538
3906.78	546
3907.5	530
3908.22	540
3908.94	529
3909.66	538
3910.38	548
3911.1	528
3911.82	533
3912.54	532
3913.26	522
3913.98	530
3914.7	549
3915.42	548
3916.14	527
3916.86	519
3917.58	525
3918.3	553
3919.02	531
3919.73	536
3920.45	542
3921.17	533
3921.89	523
3922.61	544
3923.33	545
3924.05	529
3924.77	539
3925.48	532
3926.2	540
3926.92	537
3927.64	540
3928.36	555
3929.08	533
3929.79	537
3930.51	543
3931.23	527
3931.95	525
3932.66	541
3933.38	522
3934.1	517
3934.82	533
3935.53	523
3936.25	539
3936.97	547
3937.68	531
3938.4	539
3939.12	505
3939.83	536
3940.55	522
3941.27	532
3941.98	509
3942.7	553
3943.41	515
3944.13	552
3944.85	531
3945.56	530
3946.28	507
3946.99	518
3947.71	525
3948.42	507
3949.14	513
3949.85	530
3950.57	520
3951.28	532
3952	534
3952.71	519
3953.43	523
3954.14	539
3954.86	518
3955.57	526
3956.29	514
3957	529
3957.71	522
3958.43	510
3959.14	529
3959.86	512
3960.57	522
3961.28	525
3962	518
3962.71	527
3963.42	522
3964.14	514
3964.85	514
3965.56	518
3966.28	520
3966.99	510
3967.7	501
3968.41	535
3969.13	501
3969.84	489
3970.55	509
3971.26	506
3971.98	503
3972.69	532
3973.4	498
3974.11	495
3974.83	502
3975.54	520
3976.25	513
3976.96	515
3977.67	527
3978.38	520
3979.09	501
3979.81	480
3980.52	506
3981.23	517
3981.94	503
3982.65	511
3983.36	509
3984.07	508
3984.78	517
3985.49	514
3986.2	508
3986.91	505
3987.62	511
3988.33	505
3989.04	485
3989.75	517
3990.46	517
3991.17	527
3991.88	511
3992.59	498
3993.3	508
3994.01	504
3994.72	484
3995.43	496
3996.14	502
3996.85	493
3997.56	512
3998.26	508
3998.97	485
3999.68	506
