50.6108	25232
51.4372	25245
52.2635	25136
53.0887	25014
53.9148	24892
54.7407	24362
55.5656	24089
56.3914	23661
57.2161	23588
58.0416	23213
58.8671	23028
59.6914	22554
60.5166	22370
61.3408	21936
62.1658	21727
62.9897	21467
63.8145	21193
64.6382	20957
65.4628	20557
66.2863	21228
67.1107	19968
67.9339	19772
68.7581	19415
69.5812	19137
70.4051	18706
71.228	18506
72.0517	18276
72.8743	17835
73.6978	17745
74.5203	17389
75.3436	17218
76.1658	16862
76.9879	16656
77.8109	16488
78.6328	16155
79.4555	16020
80.2772	15834
81.0988	15600
81.9212	15417
82.7426	15158
83.5638	14965
84.3859	14773
85.207	14471
86.0279	14277
86.8497	14148
87.6704	14070
88.491	13914
89.3115	13601
90.1329	13491
90.9532	13359
91.7734	13156
92.5935	12957
93.4144	12838
94.2343	12782
95.0541	12475
95.8737	12276
96.6933	12205
97.5137	11976
98.333	11826
99.1523	11712
99.9714	11591
100.79	11454
101.609	11373
102.429	11262
103.248	11167
104.066	11046
104.885	10761
105.703	10752
106.522	10675
107.34	10498
108.158	10303
108.976	10219
109.794	10045
110.612	9939
111.43	9932
112.247	9807
113.065	9654
113.882	9512
114.699	9404
115.517	9272
116.334	9165
117.15	9027
117.967	9069
118.784	8874
119.6	8688
120.416	8625
121.232	8569
122.049	8455
122.865	8357
123.681	8272
124.497	8170
125.313	8035
126.128	7959
126.944	7832
127.76	7755
128.575	7698
129.389	7519
130.204	7362
131.02	7312
131.835	7192
132.649	7093
133.464	6977
134.278	7041
135.093	6839
135.907	6740
136.721	6661
137.535	6533
138.349	6442
139.163	6293
139.977	6253
140.79	6207
141.603	6069
142.417	6029
143.231	5933
144.043	5889
144.856	5819
145.67	5693
146.482	5614
147.295	5620
148.108	5480
148.919	5486
149.732	5380
150.545	5299
151.356	5232
152.169	5174
152.98	5091
153.792	5008
154.604	4993
155.415	4942
156.227	4813
157.038	4767
157.849	4754
158.66	4666
159.471	4595
160.282	4604
161.093	4427
161.903	4442
162.714	4491
163.524	4394
164.335	4315
165.145	4271
165.955	4310
166.765	4168
167.575	4152
168.384	4115
169.195	4022
170.004	4040
170.813	3983.5
171.623	3927
172.431	3940
173.241	3875
174.05	3867
174.858	3795
175.667	3701
176.476	3661
177.284	3661
178.093	3641
178.901	3576
179.709	3543
180.517	3567.5
181.325	3592
182.133	3480
182.941	3404
183.748	3418
184.556	3358
185.363	3363
186.171	3306
186.978	3309
187.784	3269
188.591	3243
189.399	3267
190.205	3174
191.012	3188
191.818	3116
192.624	3135
193.43	3069
194.237	3089
195.043	3056
195.849	3046
196.655	3000
197.46	2979
198.266	2991
199.071	2929
199.876	2975
200.682	2897
201.487	2825
202.292	2848
203.097	2835
203.902	2828
204.707	2813
205.511	2773
206.316	2753
207.12	2757
207.924	2670
208.728	2698
209.532	2666
210.336	2642
211.14	2654
211.944	2631
212.747	2619
213.551	2629
214.354	2599
215.158	2609
215.96	2558
216.763	2587
217.566	2491
218.369	2503
219.172	2508
219.974	2506
220.777	2475
221.579	2416
222.381	2404
223.183	2430
223.985	2420
224.787	2363
225.589	2338
226.391	2349
227.192	2331
227.994	2307
228.795	2321
229.597	2327
230.397	2236
231.198	2253
231.999	2286
232.8	2254
233.6	2277
234.401	2188
235.202	2186
236.003	2188
236.802	2178
237.603	2211
238.403	2154
239.202	2206
240.002	2153
240.801	2143
241.601	2131
242.401	2139
243.2	2104
244	2109
244.799	2064
245.597	2130
246.397	2062
247.195	2075
247.994	2069
248.792	2034
249.591	2002
250.389	2010
251.188	1990
251.985	2000
252.784	1973
253.581	1974
254.379	1996
255.177	1940
255.975	1935
256.772	1946
257.57	1935
258.366	1916
259.164	1900
259.961	1937
260.758	1890
261.555	1880
262.351	1882
263.148	1892
263.944	1845
264.74	1850
265.537	1866
266.333	1810
267.129	1832
267.925	1810
268.721	1782
269.516	1764
270.312	1780
271.107	1764
271.902	1744
272.698	1718
273.493	1722
274.288	1734
275.083	1704
275.878	1657
276.673	1636
277.467	1693
278.262	1647
279.057	1630
279.851	1635
280.645	1631
281.439	1617
282.232	1617
283.026	1609
283.821	1571
284.614	1600
285.407	1571
286.201	1561
286.994	1558
287.787	1508
288.58	1572
289.373	1530
290.165	1539
290.958	1495
291.752	1504
292.544	1539
293.336	1484
294.129	1494
294.921	1475
295.713	1440
296.505	1428
297.297	1462
298.089	1422
298.88	1392
299.672	1396
300.463	1400
301.255	1384
302.045	1390
302.836	1345
303.627	1374
304.418	1351
305.209	1338
306	1325
306.79	1293
307.581	1320
308.371	1317
309.161	1280
309.951	1298
310.741	1308
311.531	1312
312.321	1314
313.111	1252
313.9	1258
314.689	1259
315.479	1262
316.268	1228
317.058	1234
317.846	1222
318.635	1243
319.424	1165
320.213	1185
321.001	1185
321.79	1171
322.578	1179
323.366	1191
324.154	1174
324.943	1199
325.73	1168
326.518	1202
327.306	1161
328.093	1137
328.881	1121
329.668	1169
330.456	1134
331.243	1136
332.03	1123
332.817	1074
333.603	1128
334.39	1112
335.177	1109
335.963	1127
336.75	1126
337.536	1087
338.323	1114
339.108	1109
339.895	1068
340.68	1076
341.466	1079
342.252	1106
343.038	1107
343.823	1088
344.608	1089
345.393	1113
346.178	1074
346.964	1068
347.748	1061
348.532	1047
349.318	1069
350.102	1071
350.887	1058
351.671	1066
352.455	1028
353.24	1047
354.023	1045
354.807	1084
355.591	1062
356.375	1058
357.158	1015
357.941	1042
358.725	1030
359.508	1026
360.291	1045
361.074	1021
361.858	1016
362.641	1004
363.423	1020
364.205	1007
364.988	1002
365.771	986
366.553	1012
367.335	986
368.117	994
368.899	979
369.681	972
370.463	932
371.245	986
372.026	963
372.807	971
373.589	947
374.37	962
375.151	950
375.932	937
376.713	968
377.493	952
378.274	957
379.055	974
379.835	955
380.615	942
381.396	916
382.176	935
382.956	939
383.736	937
384.516	919
385.296	917
386.075	938
386.855	938
387.634	915
388.414	917
389.193	930
389.972	915
390.751	908
391.529	934
392.308	908
393.087	917
393.866	912
394.644	899
395.423	926
396.2	926
396.978	910
397.757	941
398.535	914
399.313	936
400.09	882
400.867	875
401.645	900
402.423	893
403.199	892
403.977	903
404.754	864
405.531	888
406.307	889
407.084	878
407.861	908
408.637	882
409.414	877
410.191	859
410.966	870
411.743	880
412.518	857
413.294	853
414.07	882
414.845	871
415.621	878
416.396	877
417.172	855
417.947	874
418.722	872
419.497	839
420.272	828
421.047	872
421.822	831
422.597	845
423.371	877
424.145	847
424.919	833
425.693	855
426.468	827
427.241	827
428.016	858
428.789	840
429.562	853
430.336	900
431.109	847
431.883	866
432.656	858
433.429	865
434.203	818
434.975	858
435.748	840
436.521	836
437.293	823
438.065	834
438.839	835
439.611	806
440.382	839
441.154	780
441.927	791
442.698	793
443.47	809
444.241	804
445.014	799
445.785	817
446.556	818
447.327	797
448.098	801
448.869	822
449.64	804
450.411	804
451.182	797
451.952	839
452.722	789
453.493	807
454.263	783
455.033	785
455.803	811
456.573	777
457.343	774
458.113	827
458.883	779
459.652	818
460.422	782
461.191	774
461.96	789
462.729	766
463.498	749
464.267	786
465.036	780
465.805	772
466.572	759
467.341	779
468.109	784
468.878	780
469.646	772
470.414	788
471.182	772
471.95	792
472.718	759
473.485	771
474.252	767
475.02	773
475.787	784
476.555	789
477.322	791
478.088	789
478.855	793
479.622	784
480.389	786
481.155	765
481.922	776
482.688	746
483.455	780
484.22	740
484.987	737
485.753	748
486.518	716
487.284	744
488.05	705
488.815	727
489.581	742
490.346	753
491.111	739
491.876	724
492.641	744
493.406	737
494.171	758
494.935	772
495.7	720
496.464	748
497.229	743
497.993	773
498.757	748
499.521	747
500.285	738
501.049	760
501.813	773
502.576	757
503.34	759
504.103	742
504.867	737
505.63	743
506.394	709
507.156	712
507.919	710
508.682	728
509.444	701
510.208	698
510.97	714
511.732	716
512.495	744
513.257	716
514.018	741
514.781	725
515.542	725
516.304	746
517.066	774
517.828	759
518.589	749
519.35	734
520.112	772
520.873	750
521.634	734
522.394	731
523.156	719
523.916	725
524.677	735
525.437	712
526.197	751
526.958	722
527.719	747
528.479	731
529.238	719
529.998	729
530.758	740
531.517	708
532.277	753
533.036	729
533.796	732
534.555	741
535.314	723
536.074	708
536.833	703
537.592	731
538.35	738
539.109	709
539.868	693
540.626	707
541.384	701
542.142	730
542.9	702
543.658	726
544.416	724
545.174	701
545.932	751
546.69	705
547.447	741
548.205	747
548.962	752
549.719	742
550.476	748
551.233	770
551.99	775
552.747	759
553.504	749
554.26	722
555.016	729
555.773	693
556.529	709
557.286	704
558.041	699
558.797	716
559.553	719
560.309	720
561.064	707
561.82	712
562.576	748
563.331	700
564.086	701
564.842	721
565.596	718.5
566.351	716
567.106	713
567.861	707
568.616	688
569.37	690
570.125	698
570.878	689
571.633	674
572.388	689
573.141	689
573.895	695
574.649	705
575.403	696
576.156	715
576.91	658
577.663	673
578.417	656
579.169	657
579.923	644
580.676	676
581.428	656
582.181	632
582.934	635
583.687	625
584.439	638
585.191	622
585.944	639
586.696	638
587.447	636
588.2	627
588.951	667
589.703	636
590.455	653
591.207	651
591.958	645
592.71	653
593.461	673
594.212	668
594.962	691
595.714	668
596.465	685
597.215	649
597.966	671
598.717	684
599.467	691
600.217	681
600.967	699
601.717	692
602.467	685
603.218	693
603.968	675
604.717	687
605.467	699
606.216	684
606.966	675
607.715	695
608.464	676
609.213	693
609.962	699
610.711	705
611.46	684
612.208	711
612.957	699
613.706	680
614.454	725
615.202	695
615.95	721
616.699	702
617.447	693
618.195	682
618.942	688
619.69	677
620.438	685
621.185	674
621.933	695
622.679	670
623.427	663
624.174	668
624.921	680
625.668	688
626.415	649
627.161	682
627.908	668
628.654	679
629.401	664
630.147	673
630.893	669
631.639	698
632.385	663
633.132	675
633.877	687
634.623	658
635.368	687
636.113	695
636.859	684
637.604	675
638.349	725
639.094	716
639.84	674
640.584	716
641.329	725
642.073	708
642.818	691
643.563	696
644.307	697
645.051	694
645.795	696
646.539	678
647.283	678
648.027	668
648.771	628
649.515	661
650.258	647
651.002	642
651.745	645
652.488	647
653.231	655
653.975	649
654.717	638
655.46	640
656.203	622
656.945	674
657.688	658
658.43	625
659.172	624
659.915	650
660.657	649
661.399	652
662.141	641
662.883	640
663.624	619
664.366	667
665.108	643
665.849	646
666.59	668
667.332	647
668.073	662
668.814	660
669.554	647
670.296	649
671.036	665
671.777	626
672.517	646
673.258	640
673.998	642
674.739	622
675.479	656
676.219	655
676.959	621
677.698	641
678.438	641
679.177	647
679.917	660
680.656	628
681.396	632
682.135	614
682.874	641
683.613	660
684.352	657
685.091	656
685.829	639
686.568	632
687.307	642
688.045	659
688.783	646
689.522	668
690.26	632
690.998	643
691.736	634
692.474	643
693.212	619
693.95	623
694.686	618
695.424	621
696.161	625
696.899	613
697.636	650
698.373	619
699.109	638
699.846	626
700.583	631
701.32	640
702.056	642
702.793	630
703.529	648
704.266	649
705.001	642
705.738	642
706.474	624
707.209	659
707.945	633
708.681	627
709.416	640
710.152	646
710.887	640
711.622	648
712.358	608
713.092	619
713.827	626
714.563	627
715.297	637
716.032	613
716.766	626
717.501	629
718.235	630
718.969	622
719.703	637
720.438	626
721.171	634
721.906	630
722.639	660
723.373	643
724.106	654
724.839	641
725.573	657
726.306	648
727.04	660
727.772	645
728.505	608
729.239	628
729.971	632
730.703	626
731.436	619
732.169	623
732.901	614
733.634	639
734.366	625
735.097	631
735.83	607
736.562	621
737.293	616
738.025	612
738.756	596
739.488	626
740.219	649
740.951	629
741.682	630
742.413	647
743.144	614
743.875	607
744.606	605
745.336	613
746.067	611
746.797	644
747.528	595
748.258	629
748.988	592
749.718	611
750.448	622
751.179	626
751.908	615
752.638	653
753.368	646
754.097	623
754.827	630
755.556	614
756.284	622
757.014	613
757.743	620
758.472	605
759.201	628
759.929	641
760.658	633
761.387	637
762.115	618
762.844	638
763.571	627
764.299	614
765.028	638.284
765.756	621.234
766.484	614.836
767.212	607.532
767.939	633.302
768.666	632.596
769.394	638.828
770.122	632.276
770.848	631.905
771.576	622.217
772.303	648.671
773.03	626.981
773.756	624.015
774.483	626.055
775.21	637.9
775.936	632.832
776.663	661.22
777.39	641.55
778.115	630.579
778.842	645.474
779.568	644.75
780.294	646.434
781.02	633.993
781.745	644.769
782.471	629.828
783.197	642.144
783.922	654.754
784.648	649.462
785.373	638.017
786.099	652.974
786.823	642.47
787.549	657.712
788.273	648.084
788.999	645.919
789.723	651.762
790.447	656.093
791.172	649.196
791.896	644.505
792.621	648.271
793.345	640.145
794.07	660.099
794.793	646.262
795.517	615.601
796.241	639.564
796.965	651.085
797.688	639.525
798.412	636.649
799.135	642.366
799.858	638.073
800.582	643.981
801.305	662.197
802.028	645.809
802.751	646.412
803.474	642.383
804.197	663.614
804.919	663.289
805.642	656.229
806.365	642.081
807.087	638.874
807.809	670.499
808.531	659.98
809.253	653.626
809.975	650.725
810.698	651.508
811.419	644.42
812.141	656.177
812.863	639.657
813.584	645.642
814.305	644.412
815.027	647.026
815.748	645.88
816.469	644.866
817.19	654.982
817.911	655.838
818.632	664.132
819.353	653.42
820.074	649.1
820.794	651.385
821.514	661.033
822.234	672.302
822.955	670.545
823.675	662.894
824.395	640.247
825.115	674.584
825.835	659.274
826.555	663.078
827.274	656.671
827.994	664.588
828.714	668.246
829.433	665.998
830.152	661.931
830.871	652.429
831.59	644.308
832.31	663.791
833.029	693.049
833.747	666.682
834.466	660.716
835.185	660.731
835.903	686.487
836.622	662.063
837.34	656.273
838.058	655.418
838.747	649
839.47	642
840.191	677
840.914	652
841.635	659
842.357	685
843.079	651
843.801	645
844.522	656
845.244	688
845.965	649
846.686	663
847.407	664
848.128	658
848.85	680
849.57	672
850.291	656
851.012	677
851.732	660
852.452	673
853.173	665
853.893	678
854.613	677
855.334	666
856.054	664
856.773	691
857.494	678
858.213	673
858.933	655
859.652	681
860.372	669
861.091	658
861.81	692
862.529	711
863.249	682
863.968	676
864.686	678
865.405	667
866.123	660
866.842	673
867.561	693
868.279	683
868.997	674
869.716	684
870.434	673
871.152	684
871.869	649
872.587	672.5
873.306	696
874.023	671
874.741	667
875.458	664
876.175	664
876.893	690
877.61	678
878.327	673
879.044	684
879.761	691
880.477	663
881.194	663.5
881.911	664
882.627	653
883.344	676
884.06	660
884.776	666
885.492	696
886.208	677
886.924	680
887.64	659
888.355	646
889.071	662
889.787	656
890.503	668
891.218	670
891.932	676
892.648	651
893.363	674
894.078	658
894.793	674
895.507	665
896.222	663
896.937	677
897.652	674
898.366	654
899.08	667
899.795	680
900.509	658
901.223	662
901.937	687
902.651	681
903.365	680
904.078	664
904.792	690
905.505	672
906.218	674
906.932	675
907.645	684
908.358	683
909.071	681
909.784	705
910.497	689
911.21	676
911.922	665
912.635	688
913.347	692
914.06	683
914.771	665
915.484	693
916.196	696
916.908	688
917.62	672
918.332	692
919.044	686
919.755	700
920.467	698
921.178	648
921.889	702
922.601	707
923.311	701
924.023	697
924.733	710
925.445	674
926.155	707
926.866	713
927.577	714
928.287	685
928.997	676
929.708	697
930.418	698
931.128	686
931.838	694
932.548	697
933.257	695
933.968	703
934.677	690
935.386	721
936.096	722
936.806	700
937.515	692
938.224	697
938.933	710
939.642	701
940.351	719
941.06	703
941.768	730
942.477	722
943.186	720
943.894	699
944.602	694
945.31	730
946.018	705
946.726	723
947.434	715
948.143	721
948.851	719
949.558	739
950.266	740
950.973	740
951.681	750
952.388	721
953.095	765
953.802	738
954.509	739
955.216	736
955.923	747
956.63	756
957.336	761
958.043	765
958.75	774
959.456	781
960.162	785
960.869	765
961.575	771
962.281	778
962.987	772
963.692	774
964.398	797
965.103	787
965.809	778
966.515	786
967.22	799
967.926	817
968.63	791
969.335	806
970.04	812
970.745	803
971.451	813
972.155	855
972.859	854
973.564	852
974.269	863
974.972	885
975.677	887
976.381	885
977.086	889
977.789	917
978.493	902
979.197	894
979.9	921
980.604	954
981.308	968
982.011	952
982.715	995
983.418	995
984.121	999
984.824	1051
985.527	1028
986.23	1051
986.933	1068
987.635	1073
988.338	1102
989.04	1107
989.743	1118
990.445	1143
991.147	1198
991.849	1207
992.552	1220
993.253	1242
993.956	1312
994.657	1340
995.359	1359
996.06	1395
996.762	1444
997.463	1484
998.165	1509
998.866	1589
999.567	1645
1000.27	1692
1000.97	1749
1001.67	1866
1002.37	1921
1003.07	2033
1003.77	2124
1004.47	2230
1005.17	2307
1005.87	2429
1006.57	2519
1007.27	2650
1007.97	2776
1008.67	2909
1009.37	2979
1010.07	3237
1010.77	3312
1011.47	3484
1012.17	3575
1012.87	3789
1013.57	3961
1014.27	4160
1014.97	4355
1015.67	4632
1016.37	4881
1017.07	4996
1017.76	5329
1018.46	5679
1019.16	5981
1019.86	6330
1020.56	6643
1021.26	7123
1021.95	7389
1022.65	7777
1023.35	8114
1024.05	8510
1024.75	8884
1025.44	9191
1026.14	9492
1026.84	9823
1027.54	10201
1028.23	10400
1028.93	10680
1029.63	10951
1030.33	11015
1031.02	11185
1031.72	11302
1032.42	11369
1033.11	11284
1033.81	11372
1034.51	11285
1035.2	11296
1035.9	11106
1036.6	10980
1037.29	10601
1037.99	10306
1038.68	10084
1039.38	9653
1040.08	9144
1040.77	8799
1041.47	8162
1042.16	7749
1042.86	7272
1043.55	6687
1044.25	6350
1044.94	5828
1045.64	5438
1046.33	4977
1047.03	4650
1047.72	4308
1048.42	4007
1049.11	3785
1049.81	3431
1050.5	3269
1051.2	3072
1051.89	2923
1052.58	2756
1053.28	2575
1053.97	2527
1054.67	2409
1055.36	2240
1056.05	2191
1056.75	2097
1057.44	2043
1058.14	1973
1058.83	1972
1059.52	1896
1060.22	1824
1060.91	1810
1061.6	1800
1062.29	1724
1062.99	1708
1063.68	1656
1064.37	1633
1065.06	1626
1065.76	1617
1066.45	1577
1067.14	1560
1067.83	1503
1068.53	1532
1069.22	1528
1069.91	1489
1070.6	1493
1071.29	1498
1071.99	1489
1072.68	1462
1073.37	1455
1074.06	1452
1074.75	1464
1075.44	1416
1076.13	1457
1076.82	1414
1077.51	1453
1078.21	1429
1078.9	1458
1079.59	1429
1080.28	1449
1080.97	1446
1081.66	1460
1082.35	1456
1083.04	1414
1083.73	1443
1084.42	1467
1085.11	1453
1085.8	1472
1086.49	1462
1087.18	1454
1087.87	1514
1088.56	1524
1089.25	1486
1089.94	1498
1090.63	1532
1091.32	1566
1092	1569
1092.69	1613
1093.38	1581
1094.07	1595
1094.76	1621
1095.45	1660
1096.14	1636
1096.82	1631
1097.51	1680
1098.2	1641
1098.89	1686
1099.58	1720
1100.27	1729
1100.95	1764
1101.64	1724
1102.33	1802
1103.02	1797
1103.7	1791
1104.39	1793
1105.08	1793
1105.77	1866
1106.45	1805
1107.14	1841
1107.83	1867
1108.51	1869
1109.2	1877
1109.89	1839
1110.57	1826
1111.26	1856
1111.95	1825
1112.63	1801
1113.32	1822
1114.01	1786
1114.69	1769
1115.38	1760
1116.06	1748
1116.75	1784
1117.44	1739
1118.12	1749
1118.81	1710
1119.49	1673
1120.18	1679
1120.86	1662
1121.55	1670
1122.23	1602
1122.92	1576
1123.6	1547
1124.29	1564
1124.97	1552
1125.66	1509
1126.34	1485
1127.03	1489
1127.71	1480
1128.4	1437
1129.08	1441
1129.76	1440
1130.45	1408
1131.13	1393
1131.82	1395
1132.5	1342
1133.18	1333
1133.87	1329
1134.55	1345
1135.23	1344
1135.92	1309
1136.6	1305
1137.28	1290
1137.97	1271
1138.65	1285
1139.33	1263
1140.02	1282
1140.7	1249
1141.38	1254
1142.06	1266
1142.75	1230
1143.43	1242
1144.11	1257
1144.79	1262
1145.47	1263
1146.16	1278
1146.84	1265
1147.52	1248
1148.2	1271
1148.88	1284
1149.56	1293
1150.25	1277
1150.93	1277
1151.61	1288
1152.29	1302
1152.97	1296
1153.65	1281
1154.33	1286
1155.01	1306
1155.69	1324
1156.38	1304
1157.06	1308
1157.74	1339
1158.42	1279
1159.1	1301
1159.78	1321
1160.46	1240
1161.14	1280
1161.82	1220
1162.5	1246
1163.18	1201
1163.86	1225
1164.54	1208
1165.22	1202
1165.9	1142
1166.57	1147
1167.25	1130
1167.93	1150
1168.61	1118
1169.29	1102
1169.97	1080
1170.65	1076
1171.33	1077
1172.01	1039
1172.69	1047
1173.36	1042
1174.04	1045
1174.72	1027
1175.4	1022
1176.08	1024
1176.75	993
1177.43	974
1178.11	966
1178.79	978
1179.47	976
1180.14	942
1180.82	933
1181.5	948
1182.18	938
1182.85	923
1183.53	892
1184.21	920
1184.88	911
1185.56	900
1186.24	888
1186.91	883
1187.59	885
1188.27	889
1188.94	883
1189.62	859
1190.3	860
1190.97	864
1191.65	867
1192.32	830
1193	850
1193.68	828
1194.35	811
1195.03	819
1195.7	852
1196.38	810
1197.05	845
1197.73	830
1198.4	829
1199.08	815
1199.75	834
1200.43	814
1201.1	831
1201.78	833
1202.45	827
1203.13	800
1203.8	838
1204.48	829
1205.15	815
1205.83	835
1206.5	809
1207.17	805
1207.85	798
1208.52	785
1209.2	791
1209.87	804
1210.54	801
1211.22	773
1211.89	816
1212.56	792
1213.24	782
1213.91	790
1214.58	786
1215.26	817
1215.93	786
1216.6	782
1217.28	795
1217.95	759
1218.62	782
1219.29	789
1219.97	785
1220.64	775
1221.31	794
1221.98	782
1222.65	784
1223.33	781
1224	778
1224.67	768
1225.34	756
1226.01	778
1226.69	765
1227.36	771
1228.03	774
1228.7	776
1229.37	761
1230.04	790
1230.71	776
1231.38	776
1232.06	782
1232.73	752
1233.4	753
1234.07	780
1234.74	767
1235.41	788
1236.08	741
1236.75	742
1237.42	760
1238.09	772
1238.76	768
1239.43	761
1240.1	781
1240.77	773
1241.44	766
1242.11	761
1242.78	773
1243.45	779
1244.12	766
1244.78	759
1245.45	766
1246.12	761
1246.79	764
1247.46	768
1248.13	772
1248.8	793
1249.47	780
1250.14	786
1250.8	784
1251.47	772
1252.14	788
1252.81	798
1253.48	802
1254.14	769
1254.81	782
1255.48	774
1256.15	795
1256.82	783
1257.48	796
1258.15	799
1258.82	802
1259.49	821
1260.15	798
1260.82	790
1261.49	805
1262.15	803
1262.82	798
1263.49	816
1264.15	816
1264.82	788
1265.49	821
1266.15	830
1266.82	805
1267.49	809
1268.15	805
1268.82	834
1269.49	863
1270.15	796
1270.82	856
1271.48	825
1272.15	817
1272.81	842
1273.48	853
1274.14	849
1274.81	867
1275.48	838
1276.14	841
1276.81	834
1277.47	844
1278.14	860
1278.8	870
1279.47	848
1280.13	866
1280.79	851
1281.46	878
1282.12	895
1282.79	851
1283.45	881
1284.12	898
1284.78	917
1285.44	898
1286.11	911
1286.77	902
1287.44	920
1288.1	923
1288.76	920
1289.43	930
1290.09	963
1290.75	935
1291.42	948
1292.08	939
1292.74	960
1293.41	944
1294.07	946
1294.73	945
1295.39	966
1296.06	965
1296.72	950
1297.38	1002
1298.04	983
1298.71	968
1299.37	973
1300.03	1000
1300.69	995
1301.35	999
1302.02	994
1302.68	1011
1303.34	1012
1304	1016
1304.66	1045
1305.32	1024
1305.98	1030
1306.65	1027
1307.31	1061
1307.97	1058
1308.63	1055
1309.29	1067
1309.95	1065
1310.61	1050
1311.27	1063
1311.93	1075
1312.59	1101
1313.25	1099
1313.91	1107
1314.57	1085
1315.23	1083
1315.89	1149
1316.55	1127
1317.21	1124
1317.87	1139
1318.53	1136
1319.19	1142
1319.85	1141
1320.51	1174
1321.17	1136
1321.83	1167
1322.49	1160
1323.15	1158
1323.81	1176
1324.47	1186
1325.13	1155
1325.79	1170
1326.44	1188
1327.1	1216
1327.76	1252
1328.42	1211
1329.08	1240
1329.74	1224
1330.39	1211
1331.05	1246
1331.71	1261
1332.37	1265
1333.03	1258
1333.68	1257
1334.34	1285
1335	1303
1335.66	1287
1336.31	1265
1336.97	1289
1337.63	1291
1338.29	1289
1338.94	1296
1339.6	1285
1340.26	1308
1340.91	1306
1341.57	1312
1342.23	1355
1342.88	1337
1343.54	1334
1344.2	1355
1344.85	1348
1345.51	1367
1346.17	1370
1346.82	1377
1347.48	1388
1348.13	1378
1348.79	1387
1349.44	1384
1350.1	1368
1350.76	1427
1351.41	1422
1352.07	1438
1352.72	1436
1353.38	1416
1354.03	1441
1354.69	1432
1355.34	1438
1356	1465
1356.65	1459
1357.31	1440
1357.96	1498
1358.62	1462
1359.27	1447
1359.93	1457
1360.58	1490
1361.23	1515
1361.89	1491
1362.54	1464
1363.2	1455
1363.85	1510
1364.5	1492
1365.16	1495
1365.81	1523
1366.46	1530
1367.12	1540
1367.77	1524
1368.42	1554
1369.08	1511
1369.73	1543
1370.38	1550
1371.04	1573
1371.69	1553
1372.34	1556
1373	1540
1373.65	1562
1374.3	1591
1374.95	1604
1375.61	1578
1376.26	1583
1376.91	1615
1377.56	1592
1378.21	1637
1378.87	1608
1379.52	1621
1380.17	1616
1380.82	1638
1381.47	1621
1382.12	1647
1382.78	1621
1383.43	1642
1384.08	1624
1384.73	1621
1385.38	1651
1386.03	1702
1386.68	1654
1387.33	1681
1387.98	1684
1388.64	1692
1389.29	1668
1389.94	1715
1390.59	1696
1391.24	1686
1391.89	1688
1392.54	1722
1393.19	1696
1393.84	1681
1394.49	1708
1395.14	1734
1395.79	1699
1396.44	1752
1397.09	1760
1397.74	1736
1398.39	1723
1399.04	1745
1399.68	1741
1400.33	1793
1400.98	1752
1401.63	1779.03
1402.28	1763.34
1402.93	1776.38
1403.58	1761.94
1404.23	1760.12
1404.88	1753.05
1405.52	1771.65
1406.17	1770.07
1406.82	1819.25
1407.47	1814.89
1408.12	1783.21
1408.77	1849.4
1409.41	1815.47
1410.06	1821.53
1410.71	1840.78
1411.36	1822.71
1412.01	1870.95
1412.65	1869.32
1413.3	1872.84
1413.95	1849.14
1414.6	1832.31
1415.24	1918.71
1415.89	1867.47
1416.54	1874.24
1417.18	1896.5
1417.83	1917.04
1418.48	1907.58
1419.12	1932.5
1419.77	1902.64
1420.42	1959.67
1421.06	1916.67
1421.71	1944.72
1422.36	1969.87
1423	2012.43
1423.65	2024.95
1424.3	2011.28
1424.94	2043.09
1425.59	2031.77
1426.23	2052.77
1426.88	2057.93
1427.53	2096.8
1428.17	2095.96
1428.82	2120.99
1429.46	2157.43
1430.11	2167.23
1430.75	2187.98
1431.4	2222.3
1432.04	2233.08
1432.69	2262.38
1433.33	2277.4
1433.98	2316.36
1434.62	2343.78
1435.27	2383.04
1435.91	2422.99
1436.56	2493.05
1437.2	2551.03
1437.85	2614.31
1438.49	2685.91
1439.13	2735.43
1439.78	2838.49
1440.42	2951.62
1441.07	3063.57
1441.71	3166.01
1442.36	3241.46
1443	3366.19
1443.64	3503.16
1444.29	3627.77
1444.93	3790.01
1445.57	3896.46
1446.22	4015.83
1446.86	4155.41
1447.5	4230.8
1448.15	4324.42
1448.79	4368.07
1449.43	4411.96
1450.07	4405.77
1450.72	4430.51
1451.36	4351.05
1452	4353.41
1452.65	4286.89
1453.29	4252.48
1453.93	4217.94
1454.57	4202.73
1455.21	4130.24
1455.86	4116.49
1456.5	4118.3
1457.14	4081.89
1457.78	4022.71
1458.42	4073.14
1459.07	4031.14
1459.71	4023.88
1460.35	4054.57
1460.99	3983.3
1461.63	4081.19
1462.27	4056.45
1462.91	4008.09
1463.56	4037.08
1464.2	4039.9
1464.84	4020.84
1465.48	4038.28
1466.12	4013.08
1466.74	3944
1467.38	3927
1468.03	3892
1468.67	3934
1469.32	3833
1469.96	3866
1470.61	3820
1471.25	3734
1471.89	3719
1472.54	3718
1473.18	3700
1473.82	3693
1474.47	3654
1475.11	3586
1475.76	3575
1476.4	3513
1477.04	3488
1477.69	3433
1478.33	3434
1478.97	3369
1479.61	3398
1480.26	3298
1480.9	3236
1481.54	3205
1482.19	3212
1482.83	3130
1483.47	3083
1484.11	3064
1484.76	3048
1485.4	2975
1486.04	2879
1486.68	2934
1487.32	2903
1487.97	2804
1488.61	2774
1489.25	2767
1489.89	2722
1490.53	2674
1491.17	2655
1491.82	2607
1492.46	2609
1493.1	2552
1493.74	2518
1494.38	2501
1495.02	2414
1495.66	2422
1496.3	2400
1496.94	2405
1497.59	2410
1498.23	2415
1498.87	2309
1499.51	2331
1500.15	2279
1500.79	2230
1501.43	2242
1502.07	2230
1502.71	2199
1503.35	2150
1503.99	2208
1504.63	2143
1505.27	2150
1505.91	2157
1506.55	2151
1507.19	2123
1507.83	2106
1508.47	2053
1509.11	2035
1509.74	2056
1510.38	2029
1511.02	2006
1511.66	2069
1512.3	2030
1512.94	1984
1513.58	1994
1514.22	2003
1514.85	1957
1515.49	1949
1516.13	1971
1516.77	1950
1517.41	1926
1518.05	1938
1518.68	1911
1519.32	1884
1519.96	1885
1520.6	1902
1521.24	1853
1521.87	1860
1522.51	1860
1523.15	1831
1523.79	1817
1524.42	1813
1525.06	1795
1525.7	1794
1526.33	1806
1526.97	1799
1527.61	1771
1528.25	1790
1528.88	1803
1529.52	1774
1530.16	1756
1530.79	1793
1531.43	1765
1532.07	1790
1532.7	1741
1533.34	1717
1533.97	1717
1534.61	1735
1535.25	1721
1535.88	1730
1536.52	1683
1537.15	1691
1537.79	1667
1538.43	1698
1539.06	1650
1539.7	1657
1540.33	1653
1540.97	1648
1541.6	1638
1542.24	1669
1542.87	1636
1543.51	1633
1544.14	1651
1544.78	1650
1545.41	1656
1546.05	1630
1546.68	1615
1547.32	1622
1547.95	1655
1548.58	1628
1549.22	1606
1549.85	1575
1550.49	1599
1551.12	1591
1551.76	1602
1552.39	1595
1553.02	1608
1553.66	1584
1554.29	1585
1554.92	1559
1555.56	1542
1556.19	1532
1556.82	1566
1557.46	1562
1558.09	1530
1558.72	1520
1559.36	1509
1559.99	1484
1560.62	1488
1561.25	1523
1561.89	1480
1562.52	1465
1563.15	1478
1563.78	1474
1564.42	1474
1565.05	1448
1565.68	1419
1566.31	1419
1566.95	1418
1567.58	1395.83
1568.21	1383.67
1568.84	1392.5
1569.47	1383.33
1570.1	1348.17
1570.74	1354
1571.37	1361
1572	1383
1572.63	1371
1573.26	1351
1573.89	1360
1574.52	1353
1575.15	1349
1575.79	1338
1576.42	1291
1577.05	1343
1577.68	1288
1578.31	1326
1578.94	1295
1579.57	1275
1580.2	1285
1580.83	1255
1581.46	1290
1582.09	1244
1582.72	1252
1583.35	1247
1583.98	1276
1584.61	1277
1585.24	1221
1585.87	1266
1586.5	1256
1587.13	1219
1587.76	1193
1588.39	1220
1589.02	1226
1589.65	1214
1590.28	1200
1590.9	1171
1591.53	1178
1592.16	1193
1592.79	1195
1593.42	1177
1594.05	1172
1594.68	1160
1595.31	1169
1595.93	1160
1596.56	1170
1597.19	1164
1597.82	1142
1598.45	1166
1599.08	1145
1599.7	1150
1600.33	1157
1600.96	1120
1601.59	1101
1602.21	1070
1602.84	1109
1603.47	1131
1604.1	1118
1604.72	1100
1605.35	1117
1605.98	1048
1606.61	1116
1607.23	1079
1607.86	1053
1608.49	1080
1609.11	1036
1609.74	1032
1610.37	1008
1610.99	1008
1611.62	1009
1612.25	983
1612.87	1002
1613.5	994
1614.12	987
1614.75	1015
1615.38	979
1616	1005
1616.63	974
1617.25	994
1617.88	1012
1618.5	994
1619.13	1001
1619.76	981
1620.38	998
1621.01	997
1621.63	999
1622.26	990
1622.88	990
1623.51	976
1624.13	957
1624.76	938
1625.38	954
1626.01	929
1626.63	926
1627.26	953
1627.88	966
1628.5	949
1629.13	920
1629.75	949
1630.38	940
1631	931
1631.62	897
1632.25	918
1632.87	913
1633.5	908
1634.12	918
1634.74	942
1635.37	905
1635.99	905
1636.61	899
1637.24	888
1637.86	895
1638.48	903
1639.11	892
1639.73	904
1640.35	899
1640.98	893
1641.6	885
1642.22	865
1642.84	878
1643.47	888
1644.09	871
1644.71	858
1645.33	871
1645.95	816
1646.58	853
1647.2	847
1647.82	853
1648.44	888
1649.06	854
1649.69	838
1650.31	867
1650.93	851
1651.55	825
1652.17	799
1652.79	839
1653.41	794
1654.04	838
1654.66	816
1655.28	821
1655.9	804
1656.52	788
1657.14	816
1657.76	787
1658.38	782
1659	818
1659.62	779
1660.24	829
1660.86	818
1661.48	787
1662.1	808
1662.72	780
1663.34	768
1663.96	785
1664.58	778
1665.2	792
1665.82	779
1666.44	793
1667.06	807
1667.68	800
1668.3	816
1668.92	786
1669.54	810
1670.16	792
1670.78	774
1671.4	798
1672.02	774
1672.64	772
1673.25	792
1673.87	762
1674.49	795
1675.11	778
1675.73	770
1676.35	765
1676.97	760
1677.58	751
1678.2	768
1678.82	753
1679.44	780
1680.06	774
1680.67	753
1681.29	762
1681.91	777
1682.53	756
1683.14	762
1683.76	770
1684.38	741
1685	739
1685.61	739
1686.23	730
1686.85	759
1687.47	758
1688.08	720
1688.7	721
1689.32	735
1689.93	739
1690.55	742
1691.17	733
1691.78	720
1692.4	734
1693.02	745
1693.63	731
1694.25	739
1694.86	736
1695.48	708
1696.1	741
1696.71	726
1697.33	732
1697.94	704
1698.56	710
1699.17	687
1699.79	693
1700.41	691
1701.02	691
1701.64	682
1702.25	685
1702.87	661
1703.48	702
1704.1	660
1704.71	685
1705.33	683
1705.94	670
1706.56	679
1707.17	680
1707.78	679
1708.4	682
1709.01	668
1709.63	667
1710.24	670
1710.86	665
1711.47	637
1712.08	648
1712.7	635
1713.31	635
1713.92	653
1714.54	635
1715.15	632
1715.77	657
1716.38	646
1716.99	667
1717.61	660
1718.22	674
1718.83	649
1719.45	640
1720.06	639
1720.67	631
1721.28	648
1721.9	631
1722.51	631
1723.12	643
1723.73	623
1724.35	614
1724.96	621
1725.57	616
1726.18	629
1726.8	653
1727.41	639
1728.02	659
1728.63	613
1729.24	624
1729.86	628
1730.47	623
1731.08	621
1731.69	619
1732.3	609
1732.91	604
1733.52	620
1734.14	607
1734.75	598
1735.36	593
1735.97	604
1736.58	602
1737.19	597
1737.8	603
1738.41	597
1739.02	607
1739.63	602
1740.24	589
1740.85	579
1741.46	592
1742.07	586
1742.69	602
1743.29	575
1743.91	599
1744.52	570
1745.12	583
1745.73	578
1746.34	587
1746.95	592
1747.56	586
1748.17	549
1748.78	574
1749.39	572
1750	567
1750.61	582
1751.22	586
1751.83	594
1752.44	553
1753.05	573
1753.65	561
1754.26	555
1754.87	543
1755.48	550
1756.09	518
1756.7	532
1757.31	548
1757.91	540
1758.52	574
1759.13	553
1759.74	565
1760.35	548
1760.96	568
1761.56	573
1762.17	584
1762.78	576
1763.39	578
1763.99	552
1764.6	545
1765.21	548
1765.82	562
1766.42	552
1767.03	541
1767.64	514
1768.24	551
1768.85	544
1769.46	550
1770.07	522
1770.67	517
1771.28	532
1771.88	501
1772.49	516
1773.1	523
1773.7	540
1774.31	528
1774.92	540
1775.52	543
1776.13	540
1776.73	520
1777.34	534
1777.95	550
1778.55	536
1779.16	522
1779.76	534
1780.37	521
1780.97	530
1781.58	506
1782.18	489
1782.79	513
1783.4	485
1784	473
1784.61	493
1785.21	515
1785.82	507
1786.42	503
1787.02	501
1787.63	500
1788.23	485
1788.84	508
1789.44	504
1790.05	476
1790.65	496
1791.26	478
1791.86	476
1792.46	482
1793.07	479
1793.67	489
1794.27	511
1794.88	505
1795.48	508
1796.09	499
1796.69	490
1797.29	516
1797.9	482
1798.5	496
1799.1	492
1799.71	500
1800.31	493
1800.91	502
1801.51	524
1802.12	494
1802.72	509
1803.32	504
1803.93	498
1804.53	471
1805.13	485
1805.73	497
1806.34	489
1806.94	489
1807.54	504
1808.14	491
1808.74	483
1809.35	476
1809.95	474
1810.55	483
1811.15	483.5
1811.75	484
1812.35	467
1812.96	460
1813.56	468
1814.16	457
1814.76	475
1815.36	463
1815.96	482
1816.56	476
1817.16	474
1817.77	479
1818.37	469
1818.97	482
1819.57	479
1820.17	471
1820.77	460
1821.37	487
1821.97	478
1822.57	487
1823.17	457
1823.77	477
1824.37	494
1824.97	489
1825.57	480
1826.17	479
1826.77	491
1827.37	480
1827.97	465
1828.57	470
1829.17	457
1829.77	483
1830.37	465
1830.97	465
1831.57	465
1832.16	475
1832.76	467
1833.36	473
1833.96	473
1834.56	456
1835.16	456
1835.76	447
1836.36	454
1836.95	471
1837.55	442
1838.15	442
1838.75	438
1839.35	462
1839.95	441
1840.54	469
1841.14	466
1841.74	468
1842.34	465.5
1842.94	463
1843.53	458
1844.13	470
1844.73	461
1845.33	462
1845.92	451
1846.52	440
1847.12	444
1847.72	465
1848.31	450
1848.91	458
1849.51	442
1850.1	454
1850.7	463
1851.3	445
1851.89	473
1852.49	464
1853.09	482
1853.68	490
1854.28	461
1854.88	460
1855.47	474
1856.07	462
1856.67	469
1857.26	456
1857.86	473
1858.45	469
1859.05	450
1859.64	452
1860.24	444
1860.84	457
1861.43	453
1862.03	438
1862.62	431
1863.22	448
1863.81	442
1864.41	459
1865	462
1865.6	470
1866.19	437
1866.79	453
1867.38	458
1867.98	447
1868.57	473
1869.17	460
1869.76	470
1870.36	448
1870.95	469
1871.54	437
1872.14	436
1872.73	452
1873.33	434
1873.92	438
1874.51	420
1875.11	434
1875.7	433
1876.3	460
1876.89	441
1877.48	436
1878.08	451
1878.67	442
1879.26	420
1879.86	446
1880.45	426
1881.04	432
1881.64	445
1882.23	433
1882.82	424
1883.41	421
1884.01	439
1884.6	434
1885.19	420
1885.79	442
1886.38	419
1886.97	419
1887.56	436
1888.15	427
1888.75	412
1889.34	433
1889.93	411
1890.52	407
1891.11	434
1891.71	408
1892.3	416
1892.89	441
1893.48	429
1894.07	426
1894.66	408
1895.26	439
1895.85	410
1896.44	422
1897.03	431
1897.62	424
1898.21	411
1898.8	431
1899.39	409
1899.98	419
1900.57	410
1901.17	405
1901.76	405
1902.35	422
1902.94	428
1903.53	404
1904.12	407
1904.71	406
1905.3	399
1905.89	409
1906.48	395
1907.07	406
1907.66	400
1908.25	403
1908.84	403
1909.43	400
1910.02	387
1910.61	392
1911.2	409
1911.78	383
1912.37	390
1912.96	376
1913.55	385
1914.14	389
1914.73	382
1915.32	409
1915.91	405
1916.5	402
1917.09	397
1917.67	389
1918.26	399
1918.85	394
1919.44	385
1920.03	372
1920.62	373
1921.2	383
1921.79	377
1922.38	389
1922.97	394
1923.56	385
1924.14	389
1924.73	393
1925.32	399
1925.91	385
1926.49	382
1927.08	386
1927.67	377
1928.26	388
1928.84	374
1929.43	380
1930.02	370
1930.61	379
1931.19	379
1931.78	383
1932.37	387
1932.95	371
1933.54	368
1934.13	375
1934.71	357
1935.3	382
1935.89	370
1936.47	372
1937.06	354
1937.64	355
1938.23	359
1938.82	363
1939.4	365
1939.99	372
1940.57	347
1941.16	339
1941.75	342
1942.33	341
1942.92	371
1943.5	355
1944.09	376
1944.67	369
1945.26	368
1945.84	354
1946.43	362
1947.01	367
1947.6	355
1948.18	355
1948.77	350
1949.35	348
1949.94	339
1950.52	351
1951.11	349
1951.69	328
1952.28	342
1952.86	334
1953.44	328
1954.03	339
1954.61	351
1955.2	318
1955.78	332
1956.36	328
1956.95	325
1957.53	338
1958.12	326
1958.7	334
1959.28	324
1959.87	323
1960.45	315
1961.03	314
1961.62	315
1962.2	305
1962.78	313
1963.36	315
1963.95	313
1964.53	319
1965.11	313
1965.7	324
1966.28	318
1966.86	309
1967.44	313
1968.03	299
1968.61	314
1969.19	305
1969.77	298
1970.36	310
1970.94	302.19
1971.52	334.051
1972.1	301.917
1972.68	296.701
1973.27	284.896
1973.85	314.273
1974.43	302.012
1975.01	304.511
1975.59	292.464
1976.17	289.775
1976.75	294.533
1977.34	294.102
1977.92	299.572
1978.5	280.697
1979.08	286.313
1979.66	283.592
1980.24	293.522
1980.82	301.045
1981.4	292.054
1981.98	295.049
1982.56	284.461
1983.15	282.302
1983.73	286.054
1984.31	285.964
1984.89	273.953
1985.47	272.589
1986.05	286.02
1986.63	275.979
1987.21	287.043
1987.79	286.376
1988.37	283.8
1988.95	283.411
1989.53	279.114
1990.11	277.844
1990.69	273.072
1991.27	291.571
1991.85	281.675
1992.43	290.571
1993	273.365
1993.58	284.552
1994.16	266.472
1994.74	276.193
1995.32	269.536
1995.9	278.319
1996.48	273.532
1997.06	271.549
1997.64	268.355
1998.22	277.131
1998.8	279.181
1999.37	273.208
1999.95	271.863
2000.53	272.464
2001.11	276.477
2001.69	264.647
2002.27	263.769
2002.84	259.737
2003.42	263.205
2004	259.452
2004.58	257.628
2005.16	259.4
2005.73	250.018
2006.31	254.179
2006.89	261.712
2007.47	261.983
2008.04	269.226
2008.62	261.279
2009.2	266.015
2009.78	265.346
2010.35	269.168
2010.93	260.464
2011.51	258.733
2012.09	251.166
2012.66	270.282
2013.24	262.713
2013.82	259.229
2014.39	265.154
2014.97	254.945
2015.55	260.11
2016.12	260.488
2016.7	263.129
2017.28	253.343
2017.85	253.661
2018.43	269.951
2019.01	265.166
2019.58	263.986
2020.16	267.804
2020.73	250.769
2021.31	257.52
2021.89	253.309
2022.46	254.666
2023.04	248.508
2023.61	246.059
2024.19	257.307
2024.76	249.421
2025.34	258.054
2025.91	251.016
2026.49	256.191
2027.06	260.871
2027.64	262.827
2028.22	256.812
2028.79	245.153
2028.94	242
2029.51	252
2030.09	247
2030.67	272
2031.25	254
2031.83	251
2032.41	266
2032.98	244
2033.56	252
2034.14	235
2034.72	246
2035.3	253
2035.87	261
2036.45	254
2037.03	241
2037.61	256
2038.18	248
2038.76	254
2039.34	246
2039.92	266
2040.49	255
2041.07	266
2041.65	259
2042.23	265
2042.8	247
2043.38	263
2043.96	250
2044.53	243
2045.11	251
2045.69	243
2046.26	237
2046.84	234
2047.42	240
2047.99	247
2048.57	253
2049.14	232
2049.72	229
2050.3	239
2050.87	227
2051.45	233
2052.03	234
2052.6	237
2053.18	231
2053.75	234
2054.33	241
2054.9	239
2055.48	228
2056.05	243
2056.63	236.5
2057.2	230
2057.78	239
2058.36	217
2058.93	232
2059.51	220
2060.08	232
2060.65	223
2061.23	206
2061.8	201
2062.38	218
2062.95	210
2063.53	217
2064.1	224
2064.68	220
2065.25	215
2065.83	224
2066.4	229
2066.97	207
2067.55	226
2068.12	214
2068.7	214
2069.27	207
2069.84	201
2070.42	225
2070.99	221
2071.56	210
2072.14	202
2072.71	218
2073.28	202
2073.86	216
2074.43	196
2075	213
2075.58	210
2076.15	199
2076.72	206
2077.3	203
2077.87	207
2078.44	209
2079.01	201
2079.59	188
2080.16	191
2080.73	204
2081.3	207
2081.88	202
2082.45	208
2083.02	209
2083.59	203
2084.16	200
2084.74	204
2085.31	209
2085.88	204
2086.45	215
2087.02	209
2087.6	202
2088.17	212
2088.74	207
2089.31	207
2089.88	204
2090.45	200
2091.02	210
2091.6	208
2092.17	208
2092.74	203
2093.31	219
2093.88	206
2094.45	198
2095.02	214
2095.59	209
2096.16	196
2096.73	209
2097.3	192
2097.87	192
2098.44	201
2099.01	204
2099.58	188
2100.15	194
2100.72	186
2101.29	201
2101.86	206
2102.43	190
2103	196
2103.57	195
2104.14	196
2104.71	195
2105.28	189
2105.85	190
2106.42	187
2106.99	197
2107.56	182
2108.13	194
2108.7	187
2109.27	180
2109.84	190
2110.41	182
2110.97	192
2111.54	180
2112.11	182
2112.68	185
2113.25	190
2113.82	195
2114.39	187
2114.95	177
2115.52	193
2116.09	189
2116.66	193
2117.23	192
2117.79	189
2118.36	188
2118.93	186
2119.5	180
2120.07	182
2120.63	178
2121.2	178
2121.77	191
2122.34	193
2122.9	187
2123.47	191
2124.04	194
2124.61	186
2125.17	189
2125.74	193
2126.31	182
2126.87	178
2127.44	182
2128.01	177
2128.57	168
2129.14	168
2129.71	184
2130.27	175
2130.84	176
2131.41	158
2131.97	184
2132.54	179
2133.11	165
2133.67	166
2134.24	172
2134.8	187
2135.37	165
2135.94	183
2136.5	195
2137.07	183
2137.63	178
2138.2	185
2138.76	181
2139.33	166
2139.9	172
2140.46	175
2141.03	183
2141.59	175
2142.16	155
2142.72	168
2143.29	170
2143.85	171
2144.42	168
2144.98	163
2145.55	161
2146.11	166
2146.67	172
2147.24	171
2147.8	166
2148.37	170
2148.93	168
2149.5	175
2150.06	175
2150.62	185
2151.19	165
2151.75	173
2152.32	174
2152.88	173
2153.44	169
2154.01	173
2154.57	172
2155.14	166
2155.7	182
2156.26	176
2156.82	172
2157.39	165
2157.95	173
2158.52	160
2159.08	161
2159.64	169
2160.2	174
2160.77	166
2161.33	172
2161.89	172
2162.46	175
2163.02	164
2163.58	171
2164.14	169
2164.71	164
2165.27	169
2165.83	154
2166.39	172
2166.95	167
2167.52	170
2168.08	173
2168.64	162
2169.2	181
2169.76	177
2170.33	170
2170.89	172
2171.45	173
2172.01	169
2172.57	166
2173.13	172
2173.69	166
2174.26	178
2174.82	166
2175.38	169
2175.94	179
2176.5	181
2177.06	166
2177.62	172
2178.18	160
2178.74	168
2179.3	178
2179.87	176
2180.43	178
2180.99	164
2181.55	166
2182.11	164
2182.67	151
2183.23	166
2183.79	168
2184.35	158
2184.91	161
2185.47	167
2186.03	160
2186.59	168
2187.15	164
2187.71	159
2188.27	165
2188.83	160
2189.39	167
2189.95	178
2190.5	150
2191.06	151
2191.62	152
2192.18	152
2192.74	158
2193.3	163
2193.86	151
2194.42	169
2194.98	157
2195.54	167
2196.09	179
2196.65	173
2197.21	173
2197.77	160
2198.33	167
2198.89	176
2199.45	160
2200	169
2200.56	169
2201.12	173
2201.68	168
2202.24	160
2202.79	166
2203.35	163
2203.91	161
2204.47	155
2205.03	150
2205.58	161
2206.14	154
2206.7	155
2207.25	155
2207.81	160
2208.37	164
2208.93	162
2209.48	156
2210.04	148
2210.6	166
2211.15	165
2211.71	152
2212.27	160
2212.82	155
2213.38	149
2213.94	171
2214.49	151
2215.05	172
2215.61	161
2216.16	159
2216.72	162
2217.28	167
2217.83	175
2218.39	168
2218.94	184
2219.5	167
2220.06	164
2220.61	171
2221.17	176
2221.72	158
2222.28	184
2222.83	169
2223.39	174
2223.95	166
2224.5	160
2225.06	163
2225.61	165
2226.17	163
2226.72	169
2227.28	162
2227.83	161
2228.39	163
2228.94	153
2229.5	154
2230.05	153
2230.6	164
2231.16	163
2231.71	151
2232.27	163
2232.82	153
2233.38	155
2233.93	167
2234.48	153
2235.04	155
2235.59	160
2236.15	153
2236.7	164
2237.25	163
2237.81	157
2238.36	156
2238.92	161
2239.47	150
2240.02	156
2240.58	152
2241.13	157
2241.68	154
2242.24	157
2242.79	153
2243.34	153
2243.9	161
2244.45	161
2245	169
2245.55	159
2246.11	164
2246.66	164
2247.21	157
2247.76	159
2248.32	161
2248.87	149
2249.42	164
2249.97	164
2250.53	156
2251.08	149
2251.63	164
2252.18	153
2252.73	147
2253.29	151
2253.84	160
2254.39	155
2254.94	155
2255.49	158
2256.05	152
2256.6	144
2257.15	149
2257.7	153
2258.25	144
2258.8	152
2259.35	147
2259.9	136
2260.46	137
2261.01	143
2261.56	151
2262.11	152
2262.66	149
2263.21	141
2263.76	154
2264.31	143
2264.86	157
2265.41	157
2265.96	156
2266.51	148
2267.06	154
2267.61	148
2268.16	148
2268.71	154
2269.26	143
2269.81	141
2270.36	138
2270.91	150
2271.46	149
2272.01	151
2272.56	144
2273.11	148
2273.66	152
2274.21	147
2274.76	154
2275.31	155
2275.86	150
2276.41	149
2276.96	149
2277.51	146
2278.05	144
2278.6	150
2279.15	138
2279.7	156
2280.25	157
2280.8	152
2281.35	139
2281.9	140
2282.44	136
2282.99	158
2283.54	141
2284.09	147
2284.64	138
2285.19	129
2285.73	144
2286.28	150
2286.83	142
2287.38	144
2287.93	141
2288.47	151
2289.02	157
2289.57	154
2290.12	152
2290.66	153
2291.21	154
2291.76	151
2292.31	163
2292.85	152
2293.4	154
2293.95	153
2294.49	163
2295.04	160
2295.59	164
2296.14	151
2296.68	157
2297.23	146
2297.77	151
2298.32	155
2298.87	141
2299.41	143
2299.96	148
2300.51	155
2301.05	154
2301.6	152
2302.15	156
2302.69	148
2303.24	152
2303.78	159
2304.33	153
2304.88	160
2305.42	151
2305.97	153
2306.51	140
2307.06	147
2307.6	144
2308.15	150
2308.69	139
2309.24	139
2309.78	138
2310.33	139
2310.87	137
2311.42	142
2311.96	139
2312.51	143
2313.05	141
2313.6	145
2314.14	155
2314.69	145
2315.23	137
2315.78	146
2316.32	132
2316.87	141
2317.41	143
2317.96	133
2318.5	145
2319.04	142
2319.59	136
2320.13	144
2320.68	145
2321.22	141
2321.76	144
2322.31	155
2322.85	147
2323.39	150
2323.94	148
2324.48	140
2325.02	142
2325.57	137
2326.11	137
2326.65	140
2327.2	129
2327.74	153
2328.28	144
2328.83	148
2329.37	147
2329.91	142
2330.46	137
2331	141
2331.54	139
2332.08	133
2332.63	144
2333.17	142
2333.71	136
2334.25	138
2334.8	138
2335.34	125
2335.88	139
2336.42	131
2336.96	147
2337.51	139
2338.05	138
2338.59	137
2339.13	136
2339.67	131
2340.21	133
2340.76	133
2341.3	119
2341.84	131
2342.38	127
2342.92	127
2343.46	119
2344	126
2344.55	126
2345.09	121
2345.63	138
2346.17	109
2346.71	127
2347.25	133
2347.79	112
2348.33	130
2348.87	129
2349.41	122
2349.95	136
2350.49	121
2351.03	122
2351.57	124
2352.11	135
2352.65	127
2353.19	131
2353.73	139
2354.27	129
2354.81	132
2355.35	124
2355.89	123
2356.43	132
2356.97	138
2357.51	135
2358.05	133
2358.59	118
2359.13	117
2359.67	127
2360.21	118
2360.75	118
2361.29	131
2361.83	115
2362.37	116
2362.91	126
2363.44	121
2363.98	123
2364.52	124
2365.06	121
2365.6	123
2366.14	120
2366.68	123.5
2367.22	127
2367.75	115
2368.29	121
2368.83	120
2369.37	129
2369.91	124
2370.44	123
2370.98	122
2371.52	128
2372.06	113
2372.6	133
2373.13	129
2373.67	124
2374.21	126
2374.75	138
2375.28	115
2375.82	123
2376.36	133
2376.9	121
2377.43	133
2377.97	134
2378.51	123
2379.04	124
2379.58	121
2380.12	124
2380.66	125
2381.19	123
2381.73	122
2382.27	118
2382.8	123
2383.34	118
2383.88	118
2384.41	119
2384.95	116
2385.48	119
2386.02	120
2386.56	113
2387.09	119
2387.63	106
2388.17	114
2388.7	123
2389.24	129
2389.77	114
2390.31	129
2390.84	130
2391.38	114
2391.92	120
2392.45	112
2392.99	117
2393.52	127
2394.06	129
2394.59	135
2395.13	122
2395.66	128
2396.2	121
2396.73	122
2397.27	134
2397.8	129
2398.34	126
2398.87	123
2399.41	128
2399.94	148
2400.48	130
2401.01	130
2401.54	122
2402.08	127
2402.61	134
2403.15	141
2403.68	129
2404.22	129
2404.75	130
2405.28	126
2405.82	130
2406.35	137
2406.89	120
2407.42	131
2407.95	119
2408.49	121
2409.02	133
2409.55	132
2410.09	124
2410.62	118
2411.15	130
2411.69	130
2412.22	137
2412.75	129
2413.29	130
2413.82	125
2414.35	130
2414.88	138
2415.42	142
2415.95	125
2416.48	125
2417.01	135
2417.55	128
2418.08	137
2418.61	134
2419.15	129
2419.68	126
2420.21	141
2420.74	123
2421.27	139
2421.81	138
2422.34	132
2422.87	136
2423.4	136
2423.93	137
2424.46	125
2425	127
2425.53	139
2426.06	134
2426.59	142
2427.12	129
2427.65	140
2428.19	132
2428.72	132
2429.25	139
2429.78	130
2430.31	130
2430.84	127
2431.37	146
2431.9	149
2432.43	142
2432.96	142
2433.49	137
2434.02	153
2434.56	141
2435.09	137
2435.62	142
2436.15	143
2436.68	144
2437.21	145
2437.74	135
2438.27	146
2438.8	142
2439.33	146
2439.86	139
2440.39	143
2440.92	157
2441.45	145
2441.98	162
2442.51	151
2443.04	151
2443.57	147
2444.09	153
2444.62	152
2445.15	162
2445.68	163
2446.21	157
2446.74	157
2447.27	156
2447.8	162
2448.33	165
2448.86	161
2449.39	159
2449.91	158
2450.44	171
2450.97	167
2451.5	175
2452.03	166
2452.56	161
2453.09	173
2453.61	168
2454.14	177
2454.67	174
2455.2	172
2455.73	180
2456.25	167
2456.78	179
2457.31	171
2457.84	188
2458.37	190
2458.89	197
2459.42	190
2459.95	197
2460.48	198
2461	194
2461.53	191
2462.06	198
2462.59	193
2463.11	199
2463.64	178
2464.17	199
2464.69	181
2465.22	197
2465.75	189
2466.27	199
2466.8	205
2467.33	183
2467.85	200
2468.38	214
2468.91	215
2469.43	202
2469.96	215
2470.49	199
2471.01	207
2471.54	205
2472.06	207
2472.59	216
2473.12	205
2473.64	207
2474.17	215
2474.7	212
2475.22	209
2475.75	213
2476.27	220
2476.8	224
2477.32	216
2477.85	219
2478.37	212
2478.9	215
2479.42	217
2479.95	210
2480.47	208
2481	227
2481.52	208.15
2482.05	208.429
2482.57	202.925
2483.1	216.876
2483.62	211.199
2484.15	227.722
2484.67	205.32
2485.2	209.718
2485.72	205.699
2486.25	194.288
2486.77	198.276
2487.3	205.172
2487.82	203.19
2488.34	198.51
2488.87	188.896
2489.39	205.138
2489.92	200.697
2490.44	196.574
2490.97	205.421
2491.49	204.922
2492.01	203.26
2492.54	198.937
2493.06	212.737
2493.58	198.799
2494.11	195.921
2494.63	201.59
2495.15	192.797
2495.68	201.396
2496.2	195.338
2496.72	189.004
2497.25	197.646
2497.77	195.837
2498.29	192.149
2498.82	195.544
2499.34	192.148
2499.86	199.666
2500.39	205.621
2500.91	190.816
2501.43	195.855
2501.95	193.933
2502.48	195.564
2503	195.758
2503.52	198.816
2504.04	192.641
2504.57	187.838
2505.09	191.622
2505.61	186.086
2506.13	188.581
2506.65	188.056
2507.18	187.913
2507.7	188.233
2508.22	190.925
2508.74	188.69
2509.26	181.584
2509.79	175.595
2510.31	179.763
2510.83	181.3
2511.35	177.305
2511.87	167.158
2512.39	177.532
2512.91	178.585
2513.44	174.028
2513.96	174.769
2514.48	177.216
2515	181.478
2515.52	179.679
2516.04	181.213
2516.56	181.005
2517.08	179.407
2517.6	177.301
2518.13	172.758
2518.65	172.676
2519.17	171.628
2519.69	158.815
2520.21	167.491
2520.73	174.659
2521.25	163.52
2521.77	165.908
2522.29	174.03
2522.81	160.609
2523.33	160.549
2523.85	163.539
2524.37	160.611
2524.89	162.267
2525.41	169.124
2525.93	171.504
2526.45	163.156
2526.97	164.832
2527.49	165.993
2528.01	164.421
2528.53	165.012
2529.05	166.966
2529.57	165.479
2530.09	168.898
2530.61	161.514
2531.12	163.05
2531.64	161.276
2532.16	162.661
2532.68	165.975
2533.2	163.997
2533.72	156.011
2534.24	159.77
2534.76	164.654
2535.21	163
2535.73	161
2536.25	170
2536.78	157
2537.3	150
2537.82	171
2538.34	160
2538.86	170
2539.39	173
2539.91	176
2540.43	169
2540.95	169
2541.47	165
2541.99	164
2542.51	169
2543.04	160
2543.56	160
2544.08	178
2544.6	173
2545.12	171
2545.64	171
2546.16	171
2546.68	173
2547.2	160
2547.73	170
2548.25	165
2548.77	167
2549.29	158
2549.81	161
2550.33	175
2550.85	170
2551.37	162
2551.89	162
2552.41	156
2552.93	161
2553.45	157
2553.97	159
2554.49	163
2555.01	158
2555.53	165
2556.05	167
2556.57	156
2557.09	169
2557.61	159
2558.13	150
2558.65	152
2559.17	157.5
2559.69	163
2560.21	158
2560.72	154
2561.24	153
2561.76	158
2562.28	151
2562.8	162
2563.32	160
2563.84	150
2564.36	163
2564.88	151
2565.39	157.5
2565.91	164
2566.43	164
2566.95	153
2567.47	164
2567.99	153
2568.51	159
2569.02	163
2569.54	160
2570.06	157
2570.58	164
2571.1	155
2571.61	152
2572.13	160
2572.65	155
2573.17	162
2573.69	158
2574.2	159
2574.72	164
2575.24	157
2575.76	151
2576.27	148
2576.79	153
2577.31	165
2577.83	155
2578.34	160
2578.86	158
2579.38	162
2579.89	147
2580.41	159
2580.93	154
2581.45	151
2581.96	160
2582.48	161
2583	146
2583.51	144
2584.03	156
2584.55	152
2585.06	146
2585.58	156
2586.09	158
2586.61	151
2587.13	159
2587.64	163
2588.16	153
2588.68	155
2589.19	152
2589.71	152
2590.22	156
2590.74	158
2591.25	153
2591.77	157
2592.29	159
2592.8	160
2593.32	164
2593.83	156
2594.35	160
2594.86	141
2595.38	159
2595.89	156
2596.41	160
2596.92	151
2597.44	165
2597.95	151
2598.47	142
2598.98	160
2599.5	154
2600.01	156
2600.53	148
2601.04	150
2601.56	151
2602.07	151
2602.59	157
2603.1	162
2603.61	154
2604.13	161
2604.64	158
2605.16	150
2605.67	149
2606.19	149
2606.7	146
2607.21	146
2607.73	139
2608.24	148
2608.76	144
2609.27	150
2609.78	137
2610.3	150
2610.81	145
2611.32	144
2611.84	139
2612.35	141
2612.86	151
2613.38	157
2613.89	146
2614.4	129
2614.92	143
2615.43	146
2615.94	137
2616.45	139
2616.97	139
2617.48	133
2617.99	137
2618.51	133
2619.02	134
2619.53	142
2620.04	147
2620.55	130
2621.07	135
2621.58	129
2622.09	136
2622.6	134
2623.12	131
2623.63	136
2624.14	122
2624.65	135
2625.16	132
2625.68	126
2626.19	143
2626.7	134
2627.21	146
2627.72	129
2628.23	123
2628.75	131
2629.26	126
2629.77	143
2630.28	127
2630.79	115
2631.3	128
2631.81	135
2632.32	125
2632.84	136
2633.35	132
2633.86	112
2634.37	127
2634.88	124
2635.39	130
2635.9	115
2636.41	127
2636.92	122
2637.43	126
2637.94	121
2638.45	134
2638.96	124
2639.47	128
2639.98	135
2640.49	128
2641	136
2641.51	132
2642.02	134
2642.53	121
2643.04	124
2643.55	134
2644.06	134
2644.57	116
2645.08	127
2645.59	132
2646.1	130
2646.61	124
2647.12	128
2647.63	125
2648.14	126
2648.65	129
2649.16	116
2649.67	129
2650.17	122
2650.68	118
2651.19	117
2651.7	117
2652.21	118
2652.72	126
2653.23	120
2653.74	116
2654.24	117
2654.75	120
2655.26	118
2655.77	122
2656.28	122
2656.79	119
2657.29	108
2657.8	121
2658.31	126
2658.82	116
2659.33	127
2659.83	122
2660.34	113
2660.85	111
2661.36	117
2661.87	114
2662.37	107
2662.88	112
2663.39	115
2663.9	112
2664.4	109
2664.91	108
2665.42	118
2665.93	123
2666.43	129
2666.94	116
2667.45	130
2667.95	112
2668.46	120
2668.97	117
2669.47	113
2669.98	112
2670.49	118
2670.99	122
2671.5	121
2672.01	113
2672.51	111
2673.02	118
2673.53	113
2674.03	117
2674.54	123
2675.04	121
2675.55	121
2676.06	120
2676.56	117
2677.07	115
2677.58	111
2678.08	119
2678.59	118
2679.09	118
2679.6	124
2680.1	118
2680.61	119
2681.11	125
2681.62	115
2682.13	116
2682.63	130
2683.14	121
2683.64	113
2684.15	119
2684.65	118
2685.16	110
2685.66	120
2686.17	122
2686.67	115
2687.18	120
2687.68	128
2688.19	112
2688.69	127
2689.2	123
2689.7	115
2690.2	120
2690.71	119
2691.21	114
2691.72	119
2692.22	124
2692.73	119
2693.23	113
2693.73	115
2694.24	117
2694.74	124
2695.25	124
2695.75	120
2696.25	116
2696.76	110
2697.26	120
2697.76	110
2698.27	124
2698.77	115
2699.27	125
2699.78	112
2700.28	123
2700.78	119
2701.29	119
2701.79	116
2702.29	116
2702.8	115
2703.3	123
2703.8	113
2704.31	117
2704.81	123
2705.31	114
2705.81	118
2706.32	130
2706.82	122
2707.32	121
2707.82	112
2708.33	119
2708.83	111
2709.33	117
2709.83	129
2710.34	121
2710.84	117
2711.34	124
2711.84	124
2712.34	125
2712.84	133
2713.35	125
2713.85	121
2714.35	115
2714.85	137
2715.35	123
2715.85	122
2716.36	127
2716.86	120
2717.36	124
2717.86	122
2718.36	131
2718.86	132
2719.36	128
2719.87	121
2720.37	133
2720.87	120
2721.37	138
2721.87	120
2722.37	129
2722.87	135
2723.37	124
2723.87	128
2724.37	137
2724.87	129
2725.37	128
2725.87	134
2726.37	129
2726.87	139
2727.38	139
2727.87	133
2728.38	137
2728.88	133
2729.38	129
2729.87	132
2730.38	139
2730.87	130
2731.37	138
2731.87	129
2732.37	139
2732.87	128
2733.37	138
2733.87	127
2734.37	118
2734.87	139
2735.37	145
2735.87	138
2736.37	131
2736.87	132
2737.37	121
2737.87	139
2738.37	145
2738.86	127
2739.36	146
2739.86	148
2740.36	137
2740.86	147
2741.36	135
2741.86	138
2742.36	148
2742.85	134
2743.35	135
2743.85	137
2744.35	142
2744.85	139
2745.35	140
2745.84	149
2746.34	159
2746.84	138
2747.34	157
2747.84	139
2748.33	143
2748.83	140
2749.33	133
2749.83	145
2750.32	147
2750.82	158
2751.32	150
2751.82	143
2752.31	145
2752.81	147
2753.31	150
2753.81	151
2754.3	141
2754.8	159
2755.3	144
2755.79	144
2756.29	146
2756.79	160
2757.28	147
2757.78	149
2758.28	153
2758.77	142
2759.27	163
2759.77	161
2760.26	160
2760.76	168
2761.26	159
2761.75	165
2762.25	172
2762.75	169
2763.24	166
2763.74	163
2764.23	161
2764.73	168
2765.23	185
2765.72	163
2766.22	174
2766.71	188
2767.21	179
2767.71	183
2768.2	179
2768.7	168
2769.19	189
2769.69	185
2770.18	191
2770.68	184
2771.17	189
2771.67	182
2772.16	186
2772.66	196
2773.15	191
2773.65	200
2774.14	201
2774.64	204
2775.13	192
2775.63	190
2776.12	205
2776.62	201
2777.11	200
2777.61	201
2778.1	198
2778.59	204
2779.09	209
2779.58	202
2780.08	210
2780.57	205
2781.07	211
2781.56	208
2782.05	206
2782.55	218
2783.04	220
2783.54	219
2784.03	217
2784.52	222
2785.02	235
2785.51	224
2786	215
2786.5	225
2786.99	236
2787.48	229
2787.98	231
2788.47	233
2788.97	230
2789.46	224
2789.95	228
2790.44	261
2790.94	246
2791.43	229
2791.92	237
2792.42	262
2792.91	247
2793.4	264
2793.89	251
2794.39	258
2794.88	249
2795.37	272
2795.86	269
2796.36	280
2796.85	286
2797.34	262
2797.83	286
2798.33	294
2798.82	291
2799.31	320
2799.8	320
2800.29	318
2800.79	321
2801.28	339
2801.77	340
2802.26	345
2802.75	343
2803.24	357
2803.74	360
2804.23	372
2804.72	365
2805.21	382
2805.7	406
2806.19	422
2806.68	408
2807.18	424
2807.67	455
2808.16	476
2808.65	469
2809.14	481
2809.63	490
2810.12	522
2810.61	522
2811.1	539
2811.59	578
2812.08	571
2812.57	605
2813.07	632
2813.56	641
2814.05	679
2814.54	717
2815.03	720
2815.52	741
2816.01	788
2816.5	813
2816.99	835
2817.48	927
2817.97	952
2818.46	981
2818.95	993
2819.44	1073
2819.93	1133
2820.42	1159
2820.91	1205
2821.4	1310
2821.88	1294
2822.37	1394
2822.86	1477
2823.35	1552
2823.84	1624
2824.33	1661
2824.82	1764
2825.31	1854
2825.8	1955
2826.29	2017
2826.78	2108
2827.27	2192
2827.75	2283
2828.24	2386
2828.73	2476
2829.22	2613
2829.71	2676
2830.2	2743
2830.69	2865
2831.18	2960
2831.66	3020
2832.15	3011
2832.64	3153
2833.13	3134
2833.62	3105
2834.1	3159
2834.59	3134
2835.08	3143
2835.57	3082
2836.06	3033
2836.54	2950
2837.03	2875
2837.52	2832
2838.01	2713
2838.5	2622
2838.98	2578
2839.47	2490
2839.96	2402
2840.45	2261
2840.93	2182
2841.42	2079
2841.91	2010
2842.39	1912
2842.88	1816
2843.37	1752
2843.86	1681
2844.34	1620
2844.83	1493
2845.32	1456
2845.8	1393
2846.29	1394
2846.78	1298
2847.26	1293
2847.75	1201
2848.24	1168
2848.72	1111
2849.21	1075
2849.7	1049
2850.18	1023
2850.67	974
2851.15	956
2851.64	911
2852.13	925
2852.61	864
2853.1	844
2853.58	827
2854.07	822
2854.56	786
2855.04	800
2855.53	769
2856.01	750
2856.5	741
2856.98	712
2857.47	714
2857.96	694
2858.44	687
2858.93	676
2859.41	663
2859.9	672
2860.38	661
2860.87	664
2861.35	644
2861.84	632
2862.32	635
2862.81	619
2863.29	601
2863.78	587
2864.26	604
2864.75	586
2865.23	577
2865.72	554
2866.2	582
2866.68	573
2867.17	542
2867.65	560
2868.14	559
2868.62	544
2869.11	554
2869.59	572
2870.07	546
2870.56	557
2871.04	529
2871.53	547
2872.01	530
2872.49	539
2872.98	528
2873.46	536
2873.94	563
2874.43	530
2874.91	552
2875.39	539
2875.88	548
2876.36	540
2876.85	556
2877.33	524
2877.81	558
2878.3	546
2878.78	544
2879.26	553
2879.74	559
2880.23	550
2880.71	572
2881.19	564
2881.68	543
2882.16	551
2882.64	573
2883.12	577
2883.61	557
2884.09	571
2884.57	589
2885.05	590
2885.54	598
2886.02	589
2886.5	595
2886.98	588
2887.46	610
2887.95	587
2888.43	637
2888.91	642
2889.39	615
2889.87	645
2890.36	629
2890.84	627
2891.32	676
2891.8	646
2892.28	683
2892.76	684
2893.25	706
2893.73	708
2894.21	700
2894.69	698
2895.17	736
2895.65	743
2896.13	749
2896.61	743
2897.09	756
2897.58	756
2898.06	786
2898.54	774
2899.02	812
2899.5	802
2899.98	819
2900.46	821
2900.94	837
2901.42	857
2901.9	853
2902.38	894
2902.86	868
2903.34	899
2903.82	926
2904.3	971
2904.78	948
2905.26	974
2905.74	986
2906.22	996
2906.7	970
2907.18	974
2907.66	1022
2908.14	1086
2908.62	1050
2909.1	1057
2909.58	1096
2910.06	1087
2910.54	1094
2911.02	1101
2911.5	1161
2911.98	1151
2912.46	1159
2912.94	1190
2913.42	1170
2913.9	1203
2914.38	1164
2914.85	1225
2915.33	1253
2915.81	1234
2916.29	1258
2916.77	1243
2917.25	1272
2917.73	1292
2918.21	1286
2918.69	1292
2919.16	1296
2919.64	1309
2920.12	1342
2920.6	1363
2921.08	1373
2921.56	1378
2922.03	1410
2922.51	1386
2922.99	1436
2923.47	1424
2923.95	1486
2924.42	1472
2924.9	1494
2925.38	1547
2925.86	1555
2926.33	1539
2926.81	1594
2927.29	1652
2927.77	1664
2928.25	1680
2928.72	1712
2929.2	1714
2929.68	1715
2930.16	1787
2930.63	1806
2931.11	1836
2931.59	1847
2932.06	1899
2932.54	1932
2933.02	1933
2933.5	2007
2933.97	2032
2934.45	2059
2934.93	2109
2935.4	2136
2935.88	2164
2936.36	2199
2936.83	2243
2937.31	2235
2937.78	2280
2938.26	2304
2938.74	2353
2939.21	2341
2939.69	2304
2940.17	2348
2940.64	2407
2941.12	2405
2941.59	2464
2942.07	2429
2942.55	2429
2943.02	2463
2943.5	2427.68
2943.97	2425.37
2944.45	2398.71
2944.93	2372.01
2945.4	2305.63
2945.88	2315.26
2946.35	2236.48
2946.83	2192.17
2947.3	2177.52
2947.78	2172.98
2948.25	2091.89
2948.73	2030.4
2949.2	2017.86
2949.68	1953.34
2950.15	1908.35
2950.63	1841.79
2951.1	1818.72
2951.58	1756.35
2952.05	1707.49
2952.53	1640.38
2953	1613.24
2953.48	1603.33
2953.95	1514.48
2954.43	1494.6
2954.9	1425.66
2955.38	1378.02
2955.85	1342.01
2956.32	1304.95
2956.8	1288.1
2957.27	1247.29
2957.75	1180.96
2958.22	1161.62
2958.7	1119.18
2959.17	1122
2959.64	1092.34
2960.12	1027.94
2960.59	1017.69
2961.07	981.449
2961.54	985.652
2962.01	944.111
2962.49	928.338
2962.96	901.016
2963.43	890.348
2963.91	873.743
2964.38	860.729
2964.85	852.575
2965.33	839.82
2965.8	832.47
2966.27	805.444
2966.75	775.012
2967.22	773.46
2967.69	763.922
2968.17	770.33
2968.64	757.616
2969.11	729.924
2969.59	730.411
2970.06	715.309
2970.53	713.073
2971	713.568
2971.48	699.769
2971.95	687.141
2972.42	674.713
2972.89	663.217
2973.37	666.28
2973.84	668.676
2974.31	663.434
2974.78	646.819
2975.26	651.003
2975.73	650.852
2976.2	650.383
2976.67	628.489
2977.14	634.401
2977.62	623.983
2978.09	633.461
2978.56	613.439
2979.03	613.046
2979.5	623.613
2979.98	611.235
2980.45	622.197
2980.92	603.287
2981.39	594.972
2981.86	593.56
2982.33	584.618
2982.8	594.372
2983.27	588.491
2983.75	585.247
2984.22	577.992
2984.69	571.171
2985.16	567.065
2985.63	552.751
2986.1	560.827
2986.57	551.328
2987.04	549.345
2987.52	553.652
2987.99	552.13
2988.46	547.461
2988.93	541.684
2989.4	528.647
2989.87	516.751
2990.34	524.359
2990.81	520.62
2991.28	509.782
2991.75	503.405
2991.99	500
2992.46	504
2992.93	502
2993.41	482
2993.88	472
2994.36	490
2994.83	483
2995.3	466
2995.77	451
2996.25	450
2996.72	454
2997.19	431
2997.67	445
2998.14	416
2998.61	412
2999.08	417
2999.56	413
3000.03	410
3000.5	383
3000.98	394
3001.45	398
3001.92	395
3002.39	371
3002.87	390
3003.34	362
3003.81	383
3004.28	379
3004.75	361
3005.23	353
3005.7	355
3006.17	349
3006.64	351
3007.11	331
3007.59	336
3008.06	331
3008.53	328
3009	325
3009.47	314
3009.95	302
3010.42	323
3010.89	320
3011.36	298
3011.83	296
3012.3	293
3012.77	299
3013.24	297
3013.72	289.5
3014.19	282
3014.66	305
3015.13	288
3015.6	291
3016.07	281
3016.54	294
3017.01	276
3017.48	273
3017.96	283
3018.43	266
3018.9	277
3019.37	272
3019.84	267
3020.31	275
3020.78	248
3021.25	263
3021.72	258
3022.19	278
3022.66	267
3023.13	261
3023.6	253
3024.07	261
3024.54	253
3025.01	243
3025.48	244
3025.95	251
3026.42	239
3026.89	230
3027.36	240
3027.83	230
3028.3	228
3028.77	254
3029.24	234
3029.71	238
3030.18	234
3030.65	222
3031.11	220
3031.58	216
3032.05	222
3032.52	220
3032.99	223
3033.46	214
3033.93	229
3034.4	216
3034.87	215
3035.34	225
3035.8	216
3036.27	212
3036.74	204
3037.21	209
3037.68	210
3038.15	208
3038.62	196
3039.08	205
3039.55	199
3040.02	209
3040.49	205
3040.96	199
3041.43	197
3041.89	200
3042.36	200
3042.83	205
3043.3	213
3043.77	206
3044.23	189
3044.7	189
3045.17	204
3045.64	189
3046.1	173
3046.57	196
3047.04	182
3047.51	188
3047.97	174
3048.44	184
3048.91	183
3049.38	177
3049.84	191
3050.31	178
3050.78	176
3051.25	184
3051.71	192
3052.18	175
3052.65	166
3053.11	179
3053.58	175
3054.05	176
3054.51	180
3054.98	181
3055.45	187
3055.91	177
3056.38	180
3056.85	180
3057.31	170
3057.78	165
3058.24	173
3058.71	165
3059.18	183
3059.64	156
3060.11	170
3060.58	171
3061.04	175
3061.51	168
3061.97	163
3062.44	169
3062.91	171
3063.37	174
3063.84	175
3064.3	164
3064.77	173
3065.23	171
3065.7	152
3066.16	179
3066.63	165
3067.1	158
3067.56	164
3068.03	159
3068.49	167
3068.96	167
3069.42	159
3069.89	164
3070.35	166
3070.82	165
3071.28	167
3071.75	158
3072.21	157
3072.67	168
3073.14	150
3073.6	161
3074.07	159
3074.53	150
3075	148
3075.46	152
3075.93	149
3076.39	155
3076.86	153
3077.32	150
3077.78	145
3078.25	154
3078.71	155
3079.18	148
3079.64	149
3080.1	142
3080.57	146
3081.03	159
3081.49	141
3081.96	137
3082.42	160
3082.89	135
3083.35	148
3083.81	139
3084.28	137
3084.74	139
3085.2	141
3085.67	143
3086.13	132
3086.59	143
3087.06	138
3087.52	127
3087.98	144
3088.45	137
3088.91	141
3089.37	139
3089.83	135
3090.3	126
3090.76	132
3091.22	142
3091.68	135
3092.15	133
3092.61	138
3093.07	132
3093.53	123
3094	126
3094.46	136
3094.92	134
3095.38	134
3095.85	134
3096.31	143
3096.77	128
3097.23	130
3097.69	125
3098.16	118
3098.62	132
3099.08	132
3099.54	129
3100	138
3100.47	133
3100.93	121
3101.39	127
3101.85	126
3102.31	125
3102.77	129
3103.23	124
3103.7	137
3104.16	128
3104.62	126
3105.08	128
3105.54	123
3106	122
3106.46	119
3106.92	123
3107.38	126
3107.84	121
3108.31	130
3108.77	121
3109.23	119
3109.69	117
3110.15	114
3110.61	122
3111.07	125
3111.53	121
3111.99	130
3112.45	127
3112.91	117
3113.37	115
3113.83	120
3114.29	118
3114.75	129
3115.21	123
3115.67	127
3116.13	119
3116.59	111
3117.05	121
3117.51	99
3117.97	113
3118.43	110
3118.89	114
3119.35	111
3119.81	109
3120.27	100
3120.73	115
3121.19	111
3121.65	100
3122.11	108
3122.57	100
3123.02	114
3123.48	102
3123.94	101
3124.4	110
3124.86	111
3125.32	110
3125.78	110
3126.24	107
3126.7	94
3127.16	111
3127.61	102
3128.07	105
3128.53	109
3128.99	109
3129.45	104
3129.91	100
3130.37	104
3130.82	108
3131.28	115
3131.74	108
3132.2	111
3132.66	101
3133.11	90
3133.57	111
3134.03	98
3134.49	101
3134.95	99
3135.4	94
3135.86	100
3136.32	100
3136.78	104
3137.23	96
3137.69	97
3138.15	98
3138.61	96
3139.07	104
3139.52	96
3139.98	97
3140.44	95
3140.89	101
3141.35	95
3141.81	100
3142.27	93
3142.72	97
3143.18	94
3143.64	102
3144.09	91
3144.55	96
3145.01	104
3145.46	107
3145.92	91
3146.38	90
3146.83	98
3147.29	94
3147.75	100
3148.2	102
3148.66	105
3149.12	101
3149.57	99
3150.03	104
3150.49	97
3150.94	97
3151.4	97
3151.85	102
3152.31	100
3152.77	99
3153.22	105
3153.68	100
3154.13	103
3154.59	112
3155.04	95
3155.5	107
3155.96	100
3156.41	98
3156.87	97
3157.32	97
3157.78	102
3158.23	94
3158.69	98
3159.14	97
3159.6	99
3160.05	98
3160.51	102
3160.96	96
3161.42	99
3161.87	94
3162.33	96
3162.78	98
3163.24	94
3163.69	95
3164.15	97
3164.6	95
3165.06	93
3165.51	94
3165.97	92
3166.42	95
3166.88	92
3167.33	96
3167.78	87
3168.24	91
3168.69	99
3169.15	91
3169.6	94
3170.05	84
3170.51	91
3170.96	100
3171.42	86
3171.87	93
3172.32	92
3172.78	95
3173.23	94
3173.68	90
3174.14	98
3174.59	87
3175.05	93
3175.5	86
3175.95	90
3176.41	90
3176.86	87
3177.31	98
3177.77	92
3178.22	89
3178.67	98
3179.12	99
3179.58	96
3180.03	93
3180.48	95
3180.94	92
3181.39	84
3181.84	90
3182.29	97
3182.75	97
3183.2	96
3183.65	90
3184.1	94
3184.56	92
3185.01	89
3185.46	91
3185.91	94
3186.37	86
3186.82	90
3187.27	91
3187.72	97
3188.18	86
3188.63	94
3189.08	93
3189.53	98
3189.98	93
3190.44	95
3190.89	96
3191.34	92
3191.79	96
3192.24	99
3192.69	85
3193.15	96
3193.6	97
3194.05	104
3194.5	95
3194.95	102
3195.4	96
3195.85	99
3196.31	90
3196.76	96
3197.21	99
3197.66	97
3198.11	89
3198.56	90
3199.01	98
3199.46	106
3199.91	101
3200.36	107
3200.81	89
3201.27	92
3201.72	98
3202.17	99
3202.62	104
3203.07	92
3203.52	96
3203.97	97
3204.42	94
3204.87	100
3205.32	104
3205.77	102
3206.22	92
3206.67	96
3207.12	107
3207.57	94
3208.02	104
3208.47	96
3208.92	93
3209.37	105
3209.82	86
3210.27	101
3210.72	107
3211.17	97
3211.62	110
3212.07	96
3212.52	105
3212.96	102
3213.41	97
3213.86	95
3214.31	93
3214.76	101
3215.21	98
3215.66	99
3216.11	97
3216.56	100
3217.01	102
3217.46	93
3217.9	93
3218.35	106
3218.8	108
3219.25	99
3219.7	94
3220.15	103
3220.6	102
3221.04	102
3221.49	103
3221.94	105
3222.39	99
3222.84	99
3223.29	99
3223.73	107
3224.18	105
3224.63	103
3225.08	106
3225.53	100
3225.98	97
3226.42	111
3226.87	101
3227.32	96
3227.77	95
3228.21	107
3228.66	100
3229.11	98
3229.56	97
3230	96
3230.45	98
3230.9	99
3231.35	92
3231.79	112
3232.24	96
3232.69	103
3233.14	98
3233.58	106
3234.03	95
3234.48	97
3234.92	107
3235.37	94
3235.82	105
3236.26	106
3236.71	109
3237.16	103
3237.61	111
3238.05	98
3238.5	103
3238.95	108
3239.39	109
3239.84	98
3240.28	96
3240.73	105
3241.18	108
3241.62	106
3242.07	108
3242.52	95
3242.96	107
3243.41	99
3243.85	97
3244.3	102
3244.75	103
3245.19	103.5
3245.64	104
3246.08	98
3246.53	101
3246.97	94
3247.42	110
3247.87	100
3248.31	97
3248.76	112
3249.2	85
3249.65	101
3250.09	106
3250.54	101
3250.98	100
3251.43	104
3251.87	97
3252.32	109
3252.76	105
3253.21	109
3253.65	95
3254.1	98
3254.54	87
3254.99	99
3255.43	95
3255.88	102
3256.32	104
3256.77	101
3257.21	105
3257.66	99
3258.1	101
3258.54	99
3258.99	98
3259.43	97
3259.88	100
3260.32	100
3260.77	93
3261.21	103
3261.65	95
3262.1	115
3262.54	113
3262.99	104
3263.43	99
3263.87	105
3264.32	90
3264.76	104
3265.21	100
3265.65	94
3266.09	98
3266.54	97
3266.98	105
3267.42	100
3267.87	99
3268.31	105.5
3268.75	112
3269.2	106
3269.64	102
3270.08	100
3270.53	99
3270.97	98
3271.41	104
3271.86	100
3272.3	106
3272.74	92
3273.18	98
3273.63	97
3274.07	100
3274.51	94
3274.95	106
3275.4	107
3275.84	112
3276.28	103
3276.72	108
3277.17	113
3277.61	102
3278.05	101
3278.49	94
3278.94	102
3279.38	99
3279.82	99
3280.26	110
3280.7	98
3281.15	105
3281.59	103
3282.03	106
3282.47	98
3282.91	91
3283.36	104
3283.8	102
3284.24	101
3284.68	100
3285.12	98
3285.56	99
3286	96
3286.45	98
3286.89	94
3287.33	95
3287.77	103
3288.21	84
3288.65	96
3289.09	104
3289.53	93
3289.98	94
3290.42	90
3290.86	97
3291.3	100
3291.74	92
3292.18	101
3292.62	92
3293.06	95
3293.5	100
3293.94	91
3294.38	89
3294.82	98
3295.26	90
3295.7	89
3296.14	97
3296.58	92
3297.02	87
3297.46	98
3297.91	91
3298.34	91
3298.79	85
3299.23	81
3299.67	96
3300.11	87
3300.54	84
3300.99	85
3301.42	93
3301.86	86
3302.3	87
3302.74	101
3303.18	92
3303.62	87
3304.06	94
3304.5	90
3304.94	82
3305.38	76
3305.82	88
3306.26	91
3306.7	94
3307.14	85
3307.58	97
3308.02	91
3308.45	93
3308.89	98
3309.33	88
3309.77	88
3310.21	85
3310.65	100
3311.09	92
3311.53	92
3311.96	89
3312.4	83
3312.84	88
3313.28	86
3313.72	84
3314.16	95
3314.59	83
3315.03	95
3315.47	97
3315.91	93
3316.35	87
3316.79	91
3317.22	91
3317.66	96
3318.1	83
3318.54	97
3318.98	101
3319.41	84
3319.85	89
3320.29	92
3320.73	92
3321.16	88
3321.6	91
3322.04	89
3322.48	93
3322.91	92
3323.35	80
3323.79	88
3324.23	86
3324.66	92
3325.1	84
3325.54	87
3325.98	95
3326.41	79
3326.85	88
3327.29	84
3327.72	83
3328.16	81
3328.6	79
3329.03	82
3329.47	88
3329.91	93
3330.34	86
3330.78	88
3331.22	81
3331.65	87
3332.09	91
3332.53	85
3332.96	89
3333.4	98
3333.83	78
3334.27	85
3334.71	89
3335.14	85
3335.58	82
3336.02	90
3336.45	85
3336.89	86
3337.32	90
3337.76	79
3338.19	87
3338.63	85
3339.07	84
3339.5	83
3339.94	91
3340.37	81
3340.81	81
3341.24	86
3341.68	86
3342.11	78
3342.55	75
3342.98	81
3343.42	82
3343.86	88
3344.29	84
3344.72	85
3345.16	86
3345.6	84
3346.03	83
3346.47	80
3346.9	81
3347.33	75
3347.77	80
3348.2	75
3348.64	79
3349.07	81
3349.51	78
3349.94	84
3350.38	79
3350.81	80
3351.25	73
3351.68	75
3352.11	76
3352.55	81
3352.98	77
3353.42	72
3353.85	76
3354.28	79
3354.72	69
3355.15	81
3355.59	77
3356.02	75
3356.45	85
3356.89	80
3357.32	85
3357.76	79
3358.19	80
3358.62	83
3359.06	78
3359.49	79
3359.92	80
3360.36	74
3360.79	74
3361.22	82
3361.66	78
3362.09	75
3362.52	77
3362.96	71
3363.39	74.0339
3363.82	75.0664
3364.25	77.3882
3364.69	76.3797
3365.12	71.8324
3365.55	78.1638
3365.99	82.2549
3366.42	76.589
3366.85	77.7592
3367.28	64.5804
3367.72	72.0588
3368.15	77.2519
3368.58	72.3722
3369.01	77.4094
3369.45	75.0384
3369.88	76.8538
3370.31	75.4419
3370.74	78.2372
3371.18	73.4463
3371.61	75.0404
3372.04	80.5257
3372.47	71.1305
3372.9	76.2776
3373.34	76.9604
3373.77	76.1042
3374.2	76.2063
3374.63	74.0179
3375.06	78.9244
3375.5	77.4976
3375.93	72.6843
3376.36	74.0874
3376.79	77.8005
3377.22	72.0485
3377.65	75.8994
3378.08	72.462
3378.52	72.9926
3378.95	73.1466
3379.38	73.994
3379.81	73.6257
3380.24	74.2583
3380.67	76.1984
3381.1	77.9459
3381.53	76.75
3381.97	75.1844
3382.4	76.3299
3382.83	76.1766
3383.26	73.2094
3383.69	73.8521
3384.12	77.2274
3384.55	72.6801
3384.98	75.8363
3385.41	74.9151
3385.84	73.1123
3386.27	74.7335
3386.7	76.0269
3387.13	74.4483
3387.56	69.3864
3388	72.5881
3388.43	75.5735
3388.86	74.977
3389.29	74.9613
3389.72	74.4667
3390.15	73.0803
3390.58	70.2625
3391.01	71.8059
3391.44	72.7355
3391.87	74.2157
3392.3	68.5933
3392.73	69.4132
3393.16	73.398
3393.59	65.9121
3394.02	71.8854
3394.45	70.8088
3394.87	74.9754
3395.3	70.5668
3395.73	75.2084
3396.16	73.1207
3396.59	69.4116
3397.02	73.4803
3397.45	74.3683
3397.88	72.4706
3398.31	73.9587
3398.74	76.2359
3399.17	75.5281
3399.6	71.7184
3400.03	76.4106
3400.46	71.9206
3400.88	70.0897
3401.31	74.9924
3401.74	80.0237
3402.17	76.9227
3402.6	69.8417
3403.03	69.9127
3403.46	73.7212
3403.89	73.4924
3404.32	74.1749
3404.74	74.7744
3405.17	71.6409
3405.6	70.5545
3406.03	73.2455
3406.46	75.0487
3406.89	76.6495
3407.17	76
3407.6	78
3408.03	73
3408.47	75
3408.9	76
3409.33	67
3409.76	80
3410.19	73
3410.62	72
3411.05	67
3411.48	71
3411.91	74
3412.34	59
3412.78	65
3413.21	70
3413.64	73
3414.07	72
3414.5	61
3414.93	77
3415.36	64
3415.79	71
3416.22	65
3416.65	75
3417.08	66
3417.51	73
3417.94	71
3418.37	73
3418.8	71
3419.23	70
3419.66	68
3420.09	68
3420.52	74
3420.95	68
3421.38	64
3421.81	67
3422.24	66
3422.67	64
3423.1	68
3423.53	74
3423.96	64
3424.39	69
3424.82	69
3425.25	63
3425.68	62
3426.11	71
3426.54	68
3426.97	69
3427.39	64.5
3427.82	60
3428.25	73
3428.68	64
3429.11	67
3429.54	66
3429.97	71
3430.4	68
3430.83	72
3431.26	63
3431.69	66
3432.11	65
3432.54	65.5
3432.97	66
3433.4	62
3433.83	66
3434.26	70
3434.68	65
3435.11	67
3435.54	62
3435.97	60
3436.4	65
3436.83	68
3437.26	71
3437.68	59
3438.11	58
3438.54	65
3438.97	67
3439.39	59
3439.82	65
3440.25	68
3440.68	59
3441.11	66
3441.53	59
3441.96	69
3442.39	63
3442.82	67
3443.24	68
3443.67	61
3444.1	71
3444.53	59
3444.95	59
3445.38	64
3445.81	61
3446.24	68
3446.66	64
3447.09	59
3447.52	57
3447.95	65
3448.37	60
3448.8	60
3449.23	61
3449.65	66
3450.08	63
3450.51	62
3450.93	64
3451.36	56
3451.79	56
3452.21	61
3452.64	64
3453.07	63
3453.49	65
3453.92	58
3454.35	60
3454.77	65
3455.2	60
3455.62	59
3456.05	63
3456.48	58
3456.9	59
3457.33	60
3457.75	63
3458.18	57
3458.61	61
3459.03	57
3459.46	61
3459.88	56
3460.31	63
3460.74	56.6667
3461.16	61.3333
3461.59	58
3462.01	58.6667
3462.44	55.3333
3462.86	58
3463.29	66
3463.71	57
3464.14	55
3464.56	54
3464.99	51
3465.42	58
3465.84	66
3466.27	64
3466.69	53
3467.12	54
3467.54	59
3467.97	57
3468.39	58
3468.82	60
3469.24	59
3469.67	56
3470.09	63
3470.51	57
3470.94	57
3471.36	60
3471.79	59
3472.21	62
3472.64	58
3473.06	62
3473.49	52
3473.91	57
3474.33	59
3474.76	53
3475.18	59
3475.61	57
3476.03	55
3476.46	52
3476.88	56
3477.3	52
3477.73	52
3478.15	58
3478.57	52
3479	53
3479.42	61
3479.85	52
3480.27	62
3480.69	53
3481.12	60
3481.54	58
3481.96	59
3482.39	55
3482.81	55
3483.23	53
3483.66	58
3484.08	61
3484.5	53
3484.93	57
3485.35	46
3485.77	51
3486.2	59
3486.62	47
3487.04	57
3487.46	54
3487.89	56
3488.31	63
3488.73	44
3489.16	58
3489.58	57
3490	54
3490.42	58
3490.85	58
3491.27	51
3491.69	52
3492.11	57
3492.54	57
3492.96	51
3493.38	46
3493.8	45
3494.23	46
3494.65	61
3495.07	54
3495.49	51
3495.91	56
3496.33	53
3496.76	50
3497.18	55
3497.6	51
3498.02	51
3498.44	55
3498.87	56
3499.29	49
3499.71	57
3500.13	54
3500.55	57
3500.97	54
3501.4	53
3501.82	52
3502.24	49
3502.66	51
3503.08	51
3503.5	51
3503.92	52
3504.34	51
3504.76	52
3505.19	56
3505.61	44
3506.03	44
3506.45	50
3506.87	50
3507.29	45
3507.71	57
3508.13	44
3508.55	47
3508.97	41
3509.39	56
3509.81	45
3510.23	49
3510.65	53
3511.07	49
3511.5	46
3511.92	47
3512.34	54
3512.76	48
3513.18	51
3513.6	52
3514.02	48
3514.44	50
3514.86	48
3515.28	47
3515.7	52
3516.12	49
3516.54	47
3516.96	47
3517.38	50
3517.79	52
3518.22	50
3518.63	50
3519.05	55
3519.47	46
3519.89	56
3520.31	57
3520.73	50
3521.15	59
3521.57	48
3521.99	48
3522.41	43
3522.83	60
3523.25	53
3523.67	46
3524.09	54
3524.5	48
3524.92	52
3525.34	56
3525.76	50
3526.18	49
3526.6	59
3527.02	53
3527.44	49
3527.85	50
3528.27	55
3528.69	50
3529.11	53
3529.53	56
3529.95	53
3530.37	52
3530.78	63
3531.2	49
3531.62	54
3532.04	50
3532.46	51
3532.87	58
3533.29	55
3533.71	46
3534.13	50
3534.55	51
3534.96	54
3535.38	51
3535.8	49
3536.22	54
3536.63	46
3537.05	44
3537.47	41
3537.89	45
3538.31	52
3538.72	42
3539.14	49
3539.56	43
3539.98	49
3540.39	43
3540.81	44
3541.23	47
3541.64	51
3542.06	50
3542.48	49
3542.89	44
3543.31	48
3543.73	53
3544.15	44
3544.56	41
3544.98	47
3545.4	47
3545.81	42
3546.23	53
3546.65	44
3547.06	46
3547.48	48
3547.9	39
3548.31	46
3548.73	48
3549.14	39
3549.56	44
3549.98	45
3550.39	43
3550.81	47
3551.23	42
3551.64	41
3552.06	46
3552.47	40
3552.89	46
3553.31	44
3553.72	46
3554.14	48
3554.55	47
3554.97	43
3555.39	44
3555.8	45
3556.22	44
3556.63	42
3557.05	53
3557.46	46
3557.88	47
3558.29	42
3558.71	48
3559.12	46
3559.54	48
3559.96	49
3560.37	48
3560.79	48
3561.2	49
3561.62	44
3562.03	54
3562.45	48
3562.86	48
3563.28	49
3563.69	50
3564.11	46
3564.52	53
3564.93	51
3565.35	48
3565.76	44
3566.18	45
3566.59	47
3567.01	45
3567.42	47
3567.84	52
3568.25	44
3568.67	50
3569.08	46
3569.49	48
3569.91	52
3570.32	51
3570.74	46
3571.15	50
3571.56	46
3571.98	51
3572.39	50
3572.81	48
3573.22	45
3573.63	45
3574.05	42
3574.46	49
3574.88	45
3575.29	50
3575.7	45
3576.12	49
3576.53	44
3576.94	45
3577.36	45
3577.77	45
3578.18	45
3578.6	47
3579.01	45
3579.42	45
3579.84	47
3580.25	46
3580.66	42
3581.08	44
3581.49	44
3581.9	42
3582.31	47
3582.73	42
3583.14	43
3583.55	41
3583.96	43
3584.38	40
3584.79	43
3585.2	36
3585.61	44
3586.03	41
3586.44	40
3586.85	44
3587.27	43
3587.68	39
3588.09	42
3588.5	41
3588.91	47
3589.33	34
3589.74	32
3590.15	39
3590.56	40
3590.97	42
3591.39	38
3591.8	45
3592.21	42
3592.62	44
3593.03	38
3593.45	44
3593.86	42
3594.27	40
3594.68	36
3595.09	41
3595.5	36
3595.91	39
3596.33	44
3596.74	42
3597.15	44
3597.56	45
3597.97	44
3598.38	42
3598.79	42
3599.21	42
3599.62	43
3600.03	42
3600.44	44
3600.85	39
3601.26	38
3601.67	44
3602.08	45
3602.49	39
3602.9	39
3603.31	46
3603.72	42
3604.14	48
3604.55	45
3604.96	40
3605.37	43
3605.78	42
3606.19	39
3606.6	48
3607.01	46
3607.42	49
3607.83	38
3608.24	41
3608.65	41
3609.06	43
3609.47	41
3609.88	43
3610.29	50
3610.7	50
3611.11	46
3611.52	53
3611.93	51
3612.34	46
3612.75	48
3613.16	49
3613.57	54
3613.98	54
3614.39	46
3614.8	45
3615.2	47
3615.61	51
3616.02	50
3616.43	44
3616.84	54
3617.25	45
3617.66	51
3618.07	49
3618.48	43
3618.89	45
3619.3	44
3619.71	42
3620.11	48
3620.52	44
3620.93	43
3621.34	43
3621.75	50
3622.16	43
3622.57	40
3622.98	50
3623.38	38
3623.79	39
3624.2	43
3624.61	41
3625.02	42
3625.43	41
3625.83	40
3626.24	38
3626.65	45
3627.06	41
3627.47	40
3627.88	39
3628.28	45
3628.69	42
3629.1	35
3629.51	42
3629.92	38
3630.32	45
3630.73	43
3631.14	40
3631.55	40
3631.95	47
3632.36	36
3632.77	44
3633.18	36
3633.58	39
3633.99	36
3634.4	37
3634.81	43
3635.21	40
3635.62	37
3636.03	40
3636.44	42
3636.84	37
3637.25	43
3637.66	33
3638.06	42
3638.47	42.5
3638.88	43
3639.28	33
3639.69	38
3640.1	40
3640.51	45
3640.91	45
3641.32	36
3641.73	38
3642.13	43
3642.54	42
3642.95	43
3643.35	42
3643.76	41
3644.16	42
3644.57	39
3644.98	40
3645.38	43
3645.79	41
3646.2	39
3646.6	42
3647.01	40
3647.41	45
3647.82	38
3648.23	38
3648.63	45
3649.04	41
3649.44	41
3649.85	43
3650.25	41
3650.66	36
3651.07	45
3651.47	50
3651.88	47
3652.28	42
3652.69	44
3653.09	51
3653.5	47
3653.91	46
3654.31	48
3654.72	52
3655.12	44
3655.53	48
3655.93	40
3656.34	46
3656.74	50
3657.15	47
3657.55	52
3657.96	46
3658.36	45
3658.77	45
3659.17	44
3659.58	45.5
3659.98	47
3660.38	45
3660.79	49
3661.19	43
3661.6	44
3662	46
3662.41	45
3662.81	48
3663.22	43
3663.62	44
3664.03	49
3664.43	47
3664.83	41
3665.24	44
3665.64	39
3666.05	44
3666.45	45
3666.85	42
3667.26	38
3667.66	38
3668.07	40
3668.47	38
3668.87	45
3669.28	41
3669.68	41
3670.09	42
3670.49	45
3670.89	43
3671.3	44
3671.7	42
3672.1	39
3672.51	40
3672.91	48
3673.31	40
3673.72	39
3674.12	38
3674.52	42
3674.93	41
3675.33	42
3675.73	43
3676.14	45
3676.54	39
3676.94	40
3677.34	40
3677.75	43
3678.15	41
3678.55	39
3678.95	37
3679.36	40
3679.76	39
3680.16	39
3680.57	40
3680.97	42
3681.37	41
3681.77	46
3682.18	42
3682.58	39
3682.98	40
3683.38	39
3683.78	42
3684.19	45
3684.59	39
3684.99	42
3685.39	40
3685.8	41
3686.2	43
3686.6	43
3687	40
3687.4	46
3687.8	42
3688.21	40
3688.61	42
3689.01	41
3689.41	43
3689.81	42
3690.21	47
3690.62	46
3691.02	49
3691.42	47
3691.82	42
3692.22	45
3692.62	53
3693.02	46
3693.43	47
3693.83	43
3694.23	53
3694.63	50
3695.03	45
3695.43	44
3695.83	43
3696.23	44
3696.63	51
3697.04	51
3697.44	44
3697.84	43
3698.24	48
3698.64	52
3699.04	45
3699.44	49
3699.84	44
3700.24	47
3700.64	43
3701.04	48
3701.44	48
3701.84	41
3702.24	47
3702.64	45
3703.04	50
3703.44	44
3703.84	43
3704.24	38
3704.64	43
3705.04	39
3705.44	45
3705.84	44
3706.24	37
3706.64	35
3707.04	43
3707.44	34
3707.84	36
3708.24	43
3708.64	41
3709.04	35
3709.44	38
3709.84	41
3710.24	37
3710.64	38
3711.04	39
3711.44	35
3711.84	40
3712.24	33
3712.64	31
3713.03	35
3713.43	35
3713.83	36
3714.23	35
3714.63	35
3715.03	31
3715.43	33
3715.83	37
3716.23	30
3716.63	33
3717.02	40
3717.42	34
3717.82	37
3718.22	30
3718.62	29
3719.02	29
3719.42	38
3719.81	35
3720.21	32
3720.61	38
3721.01	38
3721.41	35
3721.81	34
3722.2	38
3722.6	34
3723	36
3723.4	34
3723.8	37
3724.2	37
3724.59	41
3724.99	35
3725.39	43
3725.79	31
3726.18	44
3726.58	39
3726.98	37
3727.38	39
3727.78	31
3728.17	37
3728.57	40
3728.97	42
3729.37	39
3729.76	36
3730.16	36
3730.56	41
3730.96	40
3731.35	42
3731.75	40
3732.15	32
3732.54	39
3732.94	42
3733.34	41
3733.74	50
3734.13	35
3734.53	40
3734.93	41
3735.32	38
3735.72	45
3736.12	46
3736.51	41
3736.91	37
3737.31	40
3737.7	41
3738.1	43
3738.5	47
3738.89	46
3739.29	41
3739.69	45
3740.08	44
3740.48	43
3740.87	42
3741.27	45
3741.67	41
3742.06	44
3742.46	52
3742.85	46
3743.25	42
3743.65	46
3744.04	46
3744.44	41
3744.83	47
3745.23	42
3745.63	43
3746.02	41
3746.42	40
3746.81	46.9731
3747.21	52.8536
3747.6	41.082
3748	43.988
3748.4	44.071
3748.79	43.1089
3749.19	44.8227
3749.58	39.0114
3749.98	42.7679
3750.37	38.4084
3750.77	38.85
3751.16	43.6832
3751.56	37.9567
3751.95	41.3317
3752.35	39.2808
3752.74	39.2756
3753.14	38.5071
3753.53	37.6969
3753.93	39.7044
3754.32	39.9425
3754.72	40.1837
3755.11	36.6116
3755.51	37.9363
3755.9	38.7928
3756.3	37.4497
3756.69	38.2511
3757.09	35.1312
3757.48	34.3311
3757.87	40.4356
3758.27	37.5842
3758.66	38.6346
3759.06	42.0913
3759.45	30.5743
3759.85	34.7951
3760.24	39.1201
3760.64	43.9611
3761.03	39.673
3761.42	39.0398
3761.82	39.8755
3762.21	35.3237
3762.61	38.012
3763	40.7681
3763.39	38.794
3763.79	37.2963
3764.18	42.4861
3764.57	43
3764.97	40.106
3765.36	36.8357
3765.76	38.9077
3766.15	35.6704
3766.54	40.5385
3766.94	42.0664
3767.33	42.871
3767.72	38.204
3768.12	43.565
3768.51	44.5931
3768.9	44.3023
3769.3	44.9079
3769.69	44.886
3770.08	43.5113
3770.48	42.8257
3770.87	48.0204
3771.26	46.1063
3771.66	44.0437
3772.05	48.8683
3772.44	47.7531
3772.84	54.7661
3773.23	40.5294
3773.62	43.2107
3774.01	43.5804
3774.41	43.9742
3774.8	46.0356
3775.19	45.4962
3775.58	48.0991
3775.98	48.4051
3776.37	44.4972
3776.76	48.0955
3777.15	50.8587
3777.55	48.5234
3777.94	47.5917
3778.33	52.0697
3778.72	47.9606
3779.12	45.0167
3779.51	47.9386
3779.9	46.9997
3780.29	44.0717
3780.69	48.4328
3781.08	50.0644
3781.47	46.3042
3781.86	40.3177
3782.25	43.6711
3782.65	43.6238
3783.04	41.9707
3783.43	44.1179
3783.82	46.7977
3784.21	45.4786
3784.6	45.8847
3785	46.6373
3785.39	45.4829
3785.78	44.9109
3786.17	39.3358
3786.29	37
3786.68	43
3787.07	39
3787.47	43
3787.86	41
3788.26	38
3788.65	40
3789.05	40
3789.44	38
3789.83	42
3790.23	41
3790.62	39
3791.02	39
3791.41	36
3791.8	33
3792.2	42
3792.59	39
3792.98	30
3793.38	30
3793.77	39
3794.17	34
3794.56	37
3794.95	25
3795.35	43
3795.74	32
3796.13	36
3796.53	34
3796.92	32
3797.31	39
3797.71	36
3798.1	36
3798.49	30
3798.89	39
3799.28	38
3799.67	28
3800.07	41
3800.46	30
3800.85	27
3801.24	29
3801.64	38
3802.03	30
3802.42	30
3802.82	30
3803.21	36
3803.6	37
3803.99	34
3804.39	33
3804.78	34
3805.17	35.5
3805.56	37
3805.96	44
3806.35	34
3806.74	37
3807.13	36
3807.53	41
3807.92	32
3808.31	33
3808.7	36
3809.09	37
3809.49	40
3809.88	40
3810.27	40
3810.66	37
3811.05	43
3811.45	41
3811.84	38
3812.23	39
3812.62	42
3813.01	39
3813.41	36
3813.8	41
3814.19	41
3814.58	42
3814.97	42
3815.36	42
3815.75	50
3816.15	44
3816.54	49
3816.93	45
3817.32	36
3817.71	42
3818.1	51
3818.49	39
3818.88	48
3819.28	40
3819.67	47
3820.06	40
3820.45	53
3820.84	42
3821.23	47
3821.62	45
3822.01	41
3822.4	44
3822.79	44
3823.18	51
3823.57	42
3823.97	46
3824.36	40
3824.75	46
3825.14	46
3825.53	45
3825.92	39
3826.31	39
3826.7	42
3827.09	45
3827.48	47
3827.87	40
3828.26	46
3828.65	38
3829.04	43
3829.43	40
3829.82	37
3830.21	35
3830.6	44
3830.99	41
3831.38	31
3831.77	43
3832.16	32
3832.55	39
3832.94	38
3833.33	33
3833.72	37
3834.11	37
3834.5	35
3834.89	36
3835.28	37
3835.66	32
3836.05	36
3836.44	40
3836.83	32
3837.22	36
3837.61	33
3838	39
3838.39	35
3838.78	34
3839.17	36
3839.56	39
3839.95	33
3840.33	35
3840.72	37
3841.11	34
3841.5	34
3841.89	38
3842.28	37
3842.67	35
3843.06	36
3843.44	34
3843.83	36
3844.22	34
3844.61	37
3845	34
3845.39	34
3845.78	36
3846.16	41
3846.55	37
3846.94	46
3847.33	38
3847.72	42
3848.11	38
3848.49	36
3848.88	37
3849.27	37
3849.66	38
3850.05	40
3850.43	35
3850.82	40
3851.21	39
3851.6	45
3851.98	42
3852.37	38
3852.76	38
3853.15	40
3853.54	44
3853.92	40
3854.31	47
3854.7	49
3855.08	40
3855.47	40
3855.86	36
3856.25	51
3856.63	47
3857.02	50
3857.41	46
3857.8	41
3858.18	46
3858.57	37
3858.96	41
3859.34	45
3859.73	48
3860.12	44
3860.5	44
3860.89	45
3861.28	46
3861.66	56
3862.05	50
3862.44	39
3862.82	45
3863.21	46
3863.6	52
3863.98	45
3864.37	54
3864.76	53
3865.14	45
3865.53	42
3865.92	44
3866.3	41
3866.69	46
3867.08	50
3867.46	45
3867.85	48
3868.23	46
3868.62	40
3869.01	40
3869.39	40
3869.78	42
3870.16	40
3870.55	42
3870.94	37
3871.32	42
3871.71	43
3872.09	43
3872.48	39
3872.86	34
3873.25	45
3873.64	34
3874.02	42
3874.41	38
3874.79	33
3875.18	40
3875.56	30
3875.95	38
3876.33	38
3876.72	38
3877.1	41
3877.49	34
3877.87	31
3878.26	34
3878.64	41
3879.03	31
3879.41	43
3879.8	36
3880.18	36
3880.57	33
3880.95	34
3881.34	31
3881.72	38
3882.11	40
3882.49	28
3882.88	34
3883.26	38
3883.65	30
3884.03	36
3884.41	37
3884.8	35
3885.18	27
3885.57	37
3885.95	35
3886.34	35
3886.72	37
3887.1	41
3887.49	34
3887.87	42
3888.26	40
3888.64	42
3889.02	36
3889.41	38
3889.79	38
3890.18	40
3890.56	40
3890.94	34
3891.33	39
3891.71	37
3892.09	45
3892.48	46
3892.86	39
3893.25	38
3893.63	37
3894.01	41
3894.4	45
3894.78	40
3895.16	42
3895.55	44
3895.93	41
3896.31	48
3896.7	45
3897.08	44
3897.46	49
3897.84	42
3898.23	49
3898.61	44
3898.99	45
3899.38	40
3899.76	57
3900.14	47
3900.52	43
3900.91	38
3901.29	42
3901.67	45
3902.06	41
3902.44	46
3902.82	50
3903.2	46
3903.59	41
3903.97	45
3904.35	43
3904.73	45
3905.12	45
3905.5	45
3905.88	48
3906.26	44
3906.64	48
3907.03	48
3907.41	48
3907.79	38
3908.17	42
3908.56	44
3908.94	45
3909.32	46
3909.7	48
3910.08	39
3910.46	44
3910.85	41
3911.23	34
3911.61	39
3911.99	41
3912.37	38
3912.75	45
3913.14	37
3913.52	48
3913.9	43
3914.28	41
3914.66	37
3915.04	37
3915.42	38
3915.81	35
3916.19	41
3916.57	34
3916.95	32
3917.33	40
3917.71	44
3918.09	36
3918.47	37
3918.85	35
3919.23	41
3919.62	32
3920	33
3920.38	32
3920.76	42
3921.14	38
3921.52	42
3921.9	39
3922.28	36
3922.66	32
3923.04	42
3923.42	32
3923.8	33
3924.18	32
3924.56	31
3924.94	29
3925.32	37
3925.7	29
3926.08	34
3926.46	39
3926.84	35
3927.22	38
3927.6	31
3927.99	36
3928.36	35
3928.74	35
3929.12	36
3929.5	28
3929.88	38
3930.26	43
3930.64	34
3931.02	34
3931.4	39
3931.78	40
3932.16	45
3932.54	33
3932.92	32
3933.3	38
3933.68	41
3934.06	39
3934.44	34
3934.82	41
3935.2	36
3935.58	37
3935.96	33
3936.33	41
3936.71	40
3937.09	43
3937.47	43
3937.85	38
3938.23	39
3938.61	37
3938.99	43
3939.37	39
3939.75	42
3940.12	36
3940.5	46
3940.88	44
3941.26	41
3941.64	48
3942.02	42
3942.4	39
3942.78	43
3943.15	38
3943.53	41
3943.91	39
3944.29	46
3944.67	42
3945.05	40
3945.42	35
3945.8	40
3946.18	39
3946.56	39
3946.94	42
3947.31	35
3947.69	38
3948.07	35
3948.45	44
3948.83	39
3949.2	38
3949.58	35
3949.96	41
3950.34	35
3950.71	37
3951.09	43
3951.47	39
3951.85	40
3952.23	42
3952.6	40
3952.98	36
3953.36	45
3953.74	38
3954.11	36
3954.49	42
3954.87	42
3955.24	39
3955.62	33
3956	38
3956.38	37
3956.75	39
3957.13	41
3957.51	37
3957.88	44
3958.26	39
3958.64	38
3959.01	42
3959.39	42
3959.77	41
3960.14	40
3960.52	36
3960.9	42
3961.27	34
3961.65	38
3962.03	38
3962.4	38
3962.78	40
3963.16	35
3963.53	31
3963.91	42
3964.29	36
3964.66	39
3965.04	39
3965.41	36
3965.79	36
3966.17	41
3966.54	42
3966.92	33
3967.3	41
3967.67	39
3968.05	45
3968.42	37
3968.8	40
3969.18	34
3969.55	39
3969.93	44
3970.3	38
3970.68	43
3971.05	42
3971.43	41
3971.8	45
3972.18	44
3972.56	40
3972.93	42
3973.31	48
3973.68	41
3974.06	38
3974.43	44
3974.81	45
3975.18	45
3975.56	44
3975.93	47
3976.31	40
3976.68	48
3977.06	44
3977.43	38
3977.81	42
3978.18	47
3978.56	44
3978.93	54
3979.31	51
3979.68	41
3980.06	45
3980.43	40
3980.81	46
3981.18	39
3981.56	45
3981.93	36
3982.3	41
3982.68	43
3983.05	48
3983.43	42
3983.8	41
3984.18	43
3984.55	41
3984.92	40
3985.3	46
3985.67	42
3986.05	38
3986.42	35
3986.8	44
3987.17	30
3987.54	33
3987.92	41
3988.29	37
3988.67	34
3989.04	36
3989.41	41
3989.79	37
3990.16	45
3990.53	40
3990.91	40
3991.28	36
3991.65	29
3992.03	30
3992.4	38
3992.77	37
3993.15	28
3993.52	28
3993.9	36
3994.27	23
3994.64	33
3995.01	33
3995.39	32
3995.76	34
3996.13	33
3996.51	38
3996.88	38
3997.25	33
3997.63	34
3998	30
3998.37	31.5
3998.74	33
3999.12	31
3999.49	31
3999.86	31
