51.4629	6656
52.7545	6926
54.0474	6993
55.3386	7253
56.6296	7288
57.9203	7302
59.2108	7114
60.5012	7116
61.7928	7035
63.0827	6978
64.3724	6878
65.6619	6858
66.9511	6771
68.2402	6680
69.5291	6684
70.8177	6642
72.1076	6576
73.3958	6442
74.6838	6372
75.9716	6312
77.2592	6213
78.5466	6144
79.8337	6101
81.1207	5975
82.4074	5882
83.694	5819
84.9803	5775
86.2664	5785
87.5523	5657
88.838	5653
90.1235	5690
91.4087	5554
92.6938	5416
93.9786	5392
95.2633	5403
96.5477	5323
97.8319	5271
99.1159	5276
100.4	5158
101.683	5174
102.967	5134
104.25	5125
105.533	5043
106.814	5029
108.097	5062
109.379	4986
110.661	4963
111.943	4921
113.225	4904
114.506	4927
115.787	4839
117.067	4796
118.348	4784
119.628	4823
120.909	4731
122.189	4747
123.469	4634
124.747	4713
126.027	4692
127.306	4599
128.586	4677
129.865	4642
131.142	4583
132.42	4598
133.699	4636
134.977	4578
136.253	4621
137.531	4567
138.809	4554
140.085	4549
141.362	4598
142.639	4584
143.915	4503
145.19	4599
146.466	4596
147.743	4554
149.017	4590
150.293	4566
151.568	4504
152.842	4511
154.117	4518
155.39	4508
156.665	4499
157.939	4506
159.212	4401
160.486	4446
161.758	4398
163.032	4349
164.305	4423
165.577	4396
166.85	4278
168.121	4245
169.393	4281
170.664	4228
171.936	4148
173.208	4233
174.479	4242
175.75	4235
177.02	4152
178.291	4107
179.56	4157
180.831	4144
182.1	4129
183.369	4138
184.639	4129
185.907	4140
187.177	4114
188.445	4105
189.714	4032
190.981	4062
192.25	3980
193.517	3994
194.784	3987
196.053	3961
197.319	3903
198.587	3906
199.853	3944
201.119	3894
202.386	3872
203.652	3810
204.917	3782
206.183	3794
207.448	3738
208.713	3708
209.979	3693
211.243	3663
212.507	3615
213.771	3640
215.036	3684
216.299	3620
217.563	3591
218.827	3616
220.09	3570
221.353	3644
222.615	3574
223.879	3532
225.141	3548
226.403	3482
227.664	3511
228.925	3392
230.188	3475
231.449	3439
232.71	3449
233.97	3390
235.231	3392
236.491	3370
237.752	3352
239.012	3369
240.272	3374
241.531	3379
242.79	3234
244.049	3293
245.308	3242
246.566	3221
247.826	3262
249.084	3198
250.342	3144
251.6	3168
252.857	3199
254.115	3189
255.372	3151
256.629	3113
257.885	3086
259.142	3071
260.398	3084
261.654	3025
262.91	3035
264.166	3050
265.421	3023
266.677	2999
267.932	3006
269.187	3024
270.441	3004
271.696	3011
272.95	3012
274.204	2956
275.458	2974
276.712	2929
277.964	2987
279.217	2974
280.47	2979
281.723	2962
282.975	2931
284.228	2953
285.48	2968
286.732	2992
287.984	2913
289.234	2951
290.485	2961
291.737	2976
292.988	2950
294.239	2949
295.488	2939
296.738	2964
297.988	2916
299.238	2935
300.488	2952
301.736	2943
302.986	2968
304.235	2898
305.484	2944
306.731	2958
307.98	2953
309.228	2966
310.477	2950
311.723	2960
312.971	2887
314.218	2912
315.464	2982
316.712	2898
317.959	2932
319.204	2902
320.451	2889
321.697	2907
322.942	2903
324.188	2917
325.432	2925
326.678	2888
327.923	2925
329.167	2935
330.412	2953
331.655	2973
332.9	2993
334.144	2999
335.387	2951
336.631	2985
337.873	3010
339.117	2965
340.359	2946
341.602	2961
342.843	2940
344.086	3006
345.327	2953
346.57	2916
347.81	2921
349.052	2931
350.293	2978
351.534	2943
352.774	2942
354.016	2959
355.255	2955
356.496	2923
357.735	2924
358.974	2903
360.214	2901
361.453	2936
362.693	2917
363.931	2947
365.169	2872
366.408	2885
367.645	2844
368.883	2849
370.121	2834
371.358	2842
372.595	2872
373.833	2851
375.07	2840
376.306	2870
377.543	2871
378.779	2834
380.014	2861
381.251	2838
382.486	2862
383.721	2903
384.956	2878
386.192	2881
387.427	2911
388.661	2864
389.895	2869
391.129	2864
392.364	2849
393.597	2892
394.83	2903
396.063	2871
397.296	2856
398.53	2958
399.763	2930
400.995	2939
402.227	2910
403.459	2939
404.69	2956
405.922	2957
407.154	2923
408.385	2958
409.616	2928
410.847	2940
412.077	2983
413.308	2996
414.538	3018
415.767	3036
416.997	2988
418.227	3028
419.456	2980
420.685	3005
421.914	3039
423.142	3003
424.371	3042
425.599	3021
426.827	3004
428.055	3066
429.283	3005
430.51	3034
431.738	3036
432.965	2999
434.192	3032
435.418	3045
436.645	3035
437.871	3042
439.097	3049
440.323	3023
441.549	3013
442.773	3019
443.998	3028
445.224	2981
446.449	3055
447.673	3006
448.898	3034
450.122	2977
451.345	3049
452.569	2958
453.793	2966
455.016	3000
456.24	3007
457.461	2965
458.684	2943
459.907	2939
461.13	2984
462.351	2952
463.573	2989
464.795	3007
466.017	2976
467.237	2979
468.459	2980
469.68	2962
470.901	2950
472.12	2939
473.341	2996
474.561	2986
475.78	2929
477	2940
478.22	2975
479.439	2992
480.658	2925
481.877	2913
483.095	2954
484.314	2910
485.531	2959
486.75	2921
487.968	2956
489.185	2950
490.403	2914
491.619	3000
492.837	2929
494.053	2939
495.27	2963
496.485	2906
497.702	2932
498.919	2956
500.134	2889
501.35	2932
502.564	2949
503.779	2945
504.995	2938
506.209	2964
507.424	2888
508.637	2966
509.852	2903
511.065	2944
512.28	2972
513.493	2948
514.707	2975
515.919	2963
517.132	3013
518.345	2951
519.557	2974
520.769	2999
521.982	2986
523.193	2969
524.406	2965
525.616	2977
526.827	2985
528.039	2991
529.25	2977
530.46	3014
531.67	2975
532.881	2998
534.09	3018
535.3	2949
536.51	3017
537.719	2949
538.928	2993
540.137	3000
541.347	3029
542.555	2954
543.763	2967
544.971	2924
546.179	2957
547.388	2918
548.595	2893
549.802	2885
551.009	2932
552.216	2927
553.422	2902
554.63	2885
555.836	2887
557.042	2845
558.248	2908
559.453	2848
560.659	2880
561.864	2818
563.069	2848
564.274	2857
565.48	2837
566.684	2809
567.888	2806
569.092	2777
570.296	2816
571.5	2802
572.703	2775
573.907	2803
575.11	2806
576.313	2812
577.515	2835
578.718	2790
579.92	2747
581.122	2777
582.324	2764
583.526	2761
584.728	2819
585.929	2806
587.129	2765
588.33	2785
589.531	2781
590.731	2815
591.932	2769
593.132	2810
594.332	2759
595.532	2784
596.732	2780
597.93	2805
599.129	2791
600.328	2828
601.527	2816
602.726	2784
603.924	2826
605.121	2807
606.319	2841
607.517	2817
608.715	2804
609.913	2787
611.109	2823
612.306	2784
613.503	2750
614.699	2793
615.895	2803
617.092	2845
618.288	2799
619.483	2820
620.679	2816
621.874	2822
623.068	2804
624.264	2794
625.459	2827
626.652	2766
627.847	2801
629.042	2807
630.235	2804
631.429	2770
632.623	2745
633.815	2749
635.009	2791
636.201	2786
637.394	2759
638.586	2747
639.779	2723
640.972	2750
642.163	2744
643.355	2757
644.546	2735
645.738	2756
646.928	2703
648.12	2782
649.31	2810
650.501	2748
651.691	2765
652.882	2717
654.071	2751
655.261	2727
656.45	2736
657.639	2731
658.829	2764
660.017	2698
661.207	2745
662.394	2746
663.582	2740
664.771	2750
665.959	2742
667.147	2805
668.334	2765
669.521	2773
670.709	2777
671.896	2750
673.082	2781
674.269	2761
675.455	2786
676.641	2767
677.828	2789
679.013	2825
680.198	2769
681.383	2814
682.569	2818
683.754	2817
684.938	2792
686.123	2834
687.308	2797
688.492	2845
689.676	2814
690.859	2870
692.042	2797
693.227	2848
694.41	2851
695.593	2830
696.775	2848
697.957	2772
699.14	2798
700.323	2807
701.505	2751
702.686	2782
703.868	2767
705.049	2789
706.23	2806
707.411	2746
708.592	2765
709.772	2799
710.953	2727
712.133	2791
713.313	2815
714.493	2730
715.672	2743
716.852	2731
718.031	2769
719.21	2723
720.389	2741
721.567	2725
722.746	2706
723.924	2670
725.102	2721
726.28	2721
727.458	2686
728.636	2722
729.813	2759
730.99	2717
732.167	2706
733.344	2754
734.521	2761
735.697	2724
736.872	2806
738.048	2716
739.224	2690
740.4	2717
741.575	2700
742.751	2672
743.925	2697
745.1	2710
746.274	2744
747.449	2725
748.623	2739
749.796	2736
750.97	2690
752.144	2734
753.318	2746
754.49	2745
755.664	2702
756.837	2806
758.01	2754
759.181	2787
760.354	2757
761.526	2761
762.697	2780
763.869	2733
765.041	2775
766.211	2761
767.383	2808
768.554	2821
769.724	2718
770.895	2829
772.064	2813
773.235	2747
774.405	2767
775.574	2796
776.744	2777
777.913	2790
779.083	2773
780.251	2800
781.42	2800
782.589	2763
783.757	2867
784.926	2754
786.093	2787
787.261	2776
788.428	2731
789.596	2758
790.763	2730
791.93	2717
793.097	2742
794.263	2738
795.43	2713
796.595	2649
797.762	2736
798.927	2726
800.094	2686
801.259	2671
802.423	2687
803.589	2687
804.754	2694
805.918	2708
807.083	2670
808.247	2672
809.41	2690
810.575	2688
811.738	2640
812.902	2657
814.066	2629
815.229	2621
816.391	2644
817.555	2667
818.717	2627
819.879	2609
821.041	2639
822.204	2659
823.365	2657
824.526	2634
825.688	2596
826.848	2626
828.011	2618
829.171	2637
830.331	2650
831.492	2687
832.652	2641
833.811	2661
834.972	2637
836.132	2589
837.291	2621
838.45	2649
839.609	2645
840.768	2639
841.927	2652
843.085	2629
844.243	2637
845.401	2618
846.559	2679
847.717	2664
848.876	2678
850.033	2672
851.19	2666
852.347	2644
853.504	2651
854.66	2638
855.817	2640
856.973	2651
858.128	2622
859.284	2646
860.439	2655
861.595	2627
862.75	2696
863.905	2620
865.06	2601
866.215	2672
867.37	2617
868.524	2670
869.679	2651
870.831	2599
871.985	2597
873.139	2601
874.293	2612
875.446	2611
876.599	2590
877.751	2576
878.904	2552
880.056	2577
881.209	2569
882.361	2553
883.512	2511
884.664	2503
885.816	2516
886.967	2478
888.117	2497
889.269	2493
890.42	2471
891.57	2500
892.72	2441
893.87	2462
895.021	2447
896.17	2445
897.32	2469
898.469	2448
899.618	2504
900.767	2464
901.917	2429
903.064	2449
904.213	2414
905.361	2385
906.509	2389
907.658	2419
908.805	2425
909.953	2414
911.099	2403
912.247	2434
913.393	2404
914.54	2341
915.686	2380
916.833	2386
917.979	2430
919.125	2385
920.27	2361
921.417	2406
922.561	2406
923.707	2386
924.852	2366
925.997	2436
927.141	2329
928.285	2392
929.43	2401
930.574	2420
931.719	2429
932.862	2410
934.005	2363
935.149	2459
936.292	2436
937.434	2452
938.578	2425
939.72	2405
940.862	2406
942.005	2388
943.147	2479
944.288	2404
945.431	2462
946.572	2438
947.713	2438
948.853	2422
949.995	2468
951.135	2457
952.276	2439
953.416	2459
954.557	2410
955.697	2435
956.836	2466
957.975	2464
959.115	2478
960.255	2469
961.394	2426
962.532	2427
963.671	2491
964.809	2445
965.947	2415
967.085	2449
968.223	2488
969.362	2471
970.499	2447
971.636	2423
972.773	2434
973.91	2466
975.047	2415
976.183	2389
977.32	2415
978.456	2388
979.592	2430
980.728	2428
981.863	2407
982.999	2431
984.134	2389
985.269	2423
986.404	2397
987.539	2374
988.674	2368
989.808	2378
990.942	2372
992.075	2373
993.209	2352
994.343	2350
995.476	2346
996.61	2346
997.743	2321
998.876	2361
1000.01	2340
1001.14	2379
1002.27	2341
1003.41	2348
1004.54	2362
1005.67	2330
1006.8	2379
1007.93	2369
1009.06	2357
1010.19	2417
1011.33	2338
1012.46	2361
1013.59	2373
1014.72	2302
1015.85	2314
1016.98	2324
1018.11	2315
1019.24	2283
1020.36	2277
1021.49	2319
1022.62	2292
1023.75	2273
1024.88	2273
1026.01	2264
1027.14	2282
1028.27	2256
1029.39	2315
1030.52	2269
1031.65	2230
1032.78	2232
1033.9	2263
1035.03	2251
1036.16	2239
1037.28	2217
1038.41	2230
1039.53	2251
1040.66	2252
1041.79	2220
1042.91	2223
1044.04	2199
1045.16	2281
1046.29	2239
1047.41	2194
1048.54	2224
1049.66	2251
1050.79	2227
1051.91	2192
1053.04	2192
1054.16	2205
1055.28	2208
1056.41	2197
1057.53	2204
1058.65	2198
1059.78	2181
1060.9	2249
1062.02	2183
1063.14	2196
1064.27	2214
1065.39	2180
1066.51	2131
1067.63	2143
1068.75	2181
1069.87	2215
1070.99	2211
1072.12	2195
1073.24	2178
1074.36	2175
1075.48	2191
1076.6	2162
1077.72	2173
1078.84	2143
1079.96	2155
1081.08	2232
1082.19	2204
1083.31	2163
1084.43	2180
1085.55	2176
1086.67	2199
1087.79	2190
1088.91	2170
1090.02	2214
1091.14	2170
1092.26	2194
1093.38	2225
1094.49	2164
1095.61	2190
1096.73	2169
1097.85	2187
1098.96	2187
1100.08	2154
1101.19	2158
1102.31	2174
1103.43	2200
1104.54	2192
1105.66	2206
1106.77	2173
1107.89	2176
1109	2173
1110.12	2185
1111.23	2192
1112.35	2193
1113.46	2197
1114.57	2142
1115.69	2188
1116.8	2167
1117.91	2183
1119.03	2162
1120.14	2189
1121.25	2217
1122.37	2210
1123.48	2196
1124.59	2188
1125.7	2192
1126.82	2167
1127.93	2194
1129.04	2175
1130.15	2168
1131.26	2154
1132.37	2180
1133.48	2154
1134.59	2173
1135.7	2154
1136.81	2179
1137.92	2162
1139.04	2144
1140.14	2163
1141.25	2178
1142.36	2162
1143.47	2201
1144.58	2117
1145.69	2140
1146.8	2104
1147.91	2120
1149.02	2099
1150.12	2144
1151.23	2104
1152.34	2077
1153.45	2070
1154.56	2093.96
1155.66	2088.9
1156.77	2120.41
1157.88	2105.37
1158.98	2112.97
1160.09	2093.82
1161.2	2096.06
1162.3	2087.81
1163.41	2067.91
1164.51	2097.85
1165.62	2099.57
1166.73	2077.31
1167.83	2034.7
1168.94	2052.13
1170.04	2047.15
1171.15	2060.07
1172.25	2049.69
1173.35	2053.68
1174.46	2037.58
1175.56	2012.64
1176.67	2042.92
1177.77	2027.66
1178.87	2001.47
1179.98	2043.77
1181.08	2005.85
1182.18	2017.26
1183.29	2034.76
1184.39	2006.18
1185.49	2052.85
1186.59	2039.27
1187.7	2030.57
1188.8	2045.46
1189.9	2071.83
1191	2030.85
1192.1	2037.48
1193.2	1993.9
1194.3	2025.55
1195.4	2018.41
1196.51	2012.96
1197.61	2027.41
1198.71	2020.18
1199.81	2017.02
1200.91	2037.87
1202.01	1996.5
1203.11	2013.21
1204.2	2032.35
1205.31	2033.64
1206.4	2002.45
1207.5	2031.86
1208.6	2038.76
1209.7	2027.29
1210.8	2037.37
1211.9	2047.15
1212.99	2045.97
1214.09	2036.05
1215.19	2042.32
1216.29	2054.53
1217.38	2041.23
1218.48	2015.18
1219.58	2028.54
1220.67	2050.37
1221.77	2069.06
1222.87	2046.17
1223.96	2089.95
1225.06	2069.56
1226.16	2068.27
1227.25	2034.94
1228.35	2074.22
1229.44	2102.06
1230.54	2096.35
1231.63	2078.25
1232.73	2072.9
1233.82	2089.76
1234.92	2058.31
1236.01	2070.68
1237.1	2084.78
1238.2	2068.08
1239.29	2063.53
1240.39	2068.93
1241.48	2070.65
1242.57	2082.88
1243.66	2078.18
1244.76	2073.39
1245.85	2041.93
1246.94	2068.3
1248.03	2056.25
1249.13	2064.19
1250.22	2090.44
1251.31	2076.47
1252.4	2093.02
1253.49	2101.21
1254.59	2097.24
1255.68	2112.98
1256.77	2097.26
1257.86	2099.96
1258.95	2134.32
1260.04	2122.89
1261.13	2100.1
1262.22	2098.1
1263.31	2102.68
1264.4	2120.25
1265.49	2126.38
1265.94	2125
1267.03	2132
1268.13	2093
1269.22	2106
1270.31	2120
1271.41	2109
1272.5	2064
1273.6	2094
1274.69	2084
1275.78	2083
1276.88	2072
1277.97	2067
1279.06	2097
1280.15	2056
1281.25	2084
1282.34	2034
1283.43	2004
1284.52	2041
1285.61	2027
1286.71	2075
1287.8	2081
1288.89	2024
1289.98	2048
1291.07	1990
1292.16	2036
1293.25	2034
1294.34	2053
1295.43	2038
1296.52	2012
1297.61	1999
1298.7	2029
1299.79	2012
1300.88	1966
1301.97	1969
1303.06	1965
1304.15	1946
1305.23	1976
1306.32	1985
1307.41	1935
1308.5	1985
1309.59	1955
1310.67	1942
1311.76	1920
1312.85	1940
1313.94	1929
1315.02	1928
1316.11	1905
1317.2	1921.5
1318.28	1938
1319.37	1983
1320.46	1940
1321.54	1953
1322.63	1936
1323.71	1916
1324.8	1923
1325.88	1958
1326.97	1941
1328.05	1889
1329.14	1950
1330.22	1937.5
1331.31	1925
1332.39	1887
1333.48	1920
1334.56	1906
1335.64	1908
1336.73	1906
1337.81	1910
1338.89	1894
1339.98	1909
1341.06	1915
1342.14	1905
1343.22	1911
1344.31	1918
1345.39	1930
1346.47	1926
1347.55	1922
1348.63	1912
1349.72	1925
1350.8	1901
1351.88	1906
1352.96	1922
1354.04	1890
1355.12	1879
1356.2	1897
1357.28	1938
1358.36	1959
1359.44	1928
1360.52	1928
1361.6	1937
1362.68	1951
1363.76	1993
1364.84	1938
1365.92	1967
1366.99	1937
1368.07	1944
1369.15	1981
1370.23	1990
1371.31	1966
1372.39	1948
1373.46	1963
1374.54	1938
1375.62	1968
1376.7	1959
1377.77	1991
1378.85	1998
1379.92	1974
1381	1986
1382.08	1947
1383.15	2035
1384.23	1994
1385.31	2012
1386.38	2025
1387.46	1991
1388.53	1983
1389.61	2016
1390.68	1992
1391.76	2006
1392.83	1969
1393.91	1997
1394.98	2058
1396.05	2013
1397.13	1991
1398.2	1971
1399.28	1956
1400.35	1999
1401.42	1971
1402.5	1990
1403.57	2022
1404.64	2000
1405.71	1974
1406.79	2045
1407.86	1999
1408.93	1980
1410	2002
1411.07	1974
1412.14	1957
1413.22	1995
1414.29	1945
1415.36	2014
1416.43	2000
1417.5	1968
1418.57	1938
1419.64	1961
1420.71	1958
1421.78	1954
1422.85	1956
1423.92	1949
1424.99	1961
1426.06	1964
1427.13	1907
1428.2	1931
1429.27	1950
1430.33	1919
1431.4	1932
1432.47	1893
1433.54	1926
1434.61	1905
1435.68	1910
1436.74	1885
1437.81	1905
1438.88	1935
1439.95	1888
1441.01	1893
1442.08	1932
1443.15	1916
1444.21	1938
1445.28	1936
1446.35	1919
1447.41	1920
1448.48	1874
1449.54	1891
1450.61	1910
1451.67	1923
1452.74	1921
1453.8	1919
1454.87	1914
1455.93	1911
1457	1897
1458.06	1891
1459.12	1877
1460.19	1882
1461.25	1893
1462.32	1907
1463.38	1903
1464.44	1911
1465.51	1902
1466.57	1860
1467.63	1876
1468.69	1904
1469.76	1858
1470.82	1860
1471.88	1875
1472.94	1857
1474.01	1902
1475.07	1871
1476.13	1921
1477.19	1867
1478.25	1887
1479.31	1873
1480.37	1888
1481.43	1846
1482.49	1879
1483.55	1925
1484.61	1847
1485.67	1887
1486.73	1855
1487.79	1871
1488.85	1866
1489.91	1851
1490.97	1905
1492.03	1821
1493.09	1875
1494.15	1838
1495.2	1866
1496.26	1897
1497.32	1877
1498.38	1843
1499.44	1895
1500.49	1884
1501.55	1830
1502.61	1858
1503.67	1836
1504.72	1844
1505.78	1871
1506.84	1875
1507.89	1805
1508.95	1818
1510	1860
1511.06	1797
1512.12	1835
1513.17	1808
1514.23	1804
1515.28	1761
1516.34	1785
1517.39	1810
1518.45	1786
1519.5	1790
1520.56	1830
1521.61	1790
1522.66	1783
1523.72	1764
1524.77	1787
1525.82	1772
1526.88	1780
1527.93	1773
1528.99	1708
1530.04	1755
1531.09	1742
1532.14	1743
1533.2	1743
1534.25	1770
1535.3	1743
1536.35	1718
1537.4	1721
1538.45	1742
1539.51	1712
1540.56	1721
1541.61	1728
1542.66	1736
1543.71	1720
1544.76	1660
1545.81	1711
1546.86	1735
1547.91	1743
1548.96	1703
1550.01	1707
1551.06	1713
1552.11	1698
1553.16	1685
1554.21	1715
1555.26	1679
1556.31	1712
1557.35	1707
1558.4	1707
1559.45	1706
1560.5	1678
1561.55	1724
1562.6	1697
1563.64	1741
1564.69	1703
1565.74	1707
1566.79	1740
1567.83	1687
1568.88	1703
1569.93	1702
1570.97	1715
1572.02	1724
1573.06	1702
1574.11	1727
1575.16	1739
1576.2	1728
1577.25	1710
1578.29	1736
1579.34	1759
1580.38	1730
1581.43	1722
1582.47	1772
1583.52	1763
1584.56	1746
1585.61	1758
1586.65	1764
1587.69	1772
1588.74	1797
1589.78	1784
1590.82	1793
1591.87	1796
1592.91	1789
1593.95	1812
1594.99	1817
1596.04	1835
1597.08	1819
1598.12	1816
1599.16	1851
1600.21	1867
1601.25	1817
1602.29	1845
1603.33	1874
1604.37	1851
1605.41	1836
1606.45	1871
1607.49	1879
1608.54	1853
1609.58	1925
1610.62	1890
1611.66	1932
1612.7	1899
1613.74	1864
1614.78	1887
1615.81	1893
1616.85	1907
1617.89	1846
1618.93	1914
1619.97	1904
1621.01	1902
1622.05	1891
1623.09	1894
1624.12	1901
1625.16	1878
1626.2	1906
1627.24	1892
1628.28	1915
1629.31	1919
1630.35	1900
1631.39	1924
1632.42	1883
1633.46	1937
1634.5	1921
1635.53	1890
1636.57	1873
1637.61	1891
1638.64	1888
1639.68	1850
1640.71	1869
1641.75	1846
1642.78	1882
1643.82	1834
1644.85	1852
1645.89	1863
1646.92	1818
1647.96	1833
1648.99	1799
1650.02	1835
1651.06	1771
1652.09	1818
1653.13	1809
1654.16	1820
1655.19	1808
1656.23	1811
1657.26	1786
1658.29	1807
1659.32	1814
1660.36	1789
1661.39	1774
1662.42	1763
1663.45	1746
1664.48	1743
1665.52	1757
1666.55	1731
1667.58	1748
1668.61	1734
1669.64	1715
1670.67	1708
1671.7	1697
1672.73	1744
1673.76	1690
1674.79	1672
1675.82	1694
1676.85	1713
1677.88	1688
1678.91	1701
1679.94	1670
1680.97	1678
1682	1661
1683.03	1719
1684.06	1635
1685.09	1637
1686.12	1669
1687.14	1617
1688.17	1579
1689.2	1631
1690.23	1611
1691.25	1597
1692.28	1581
1693.31	1586
1694.34	1627
1695.36	1612
1696.39	1593
1697.42	1551
1698.44	1592
1699.47	1615
1700.5	1590
1701.52	1583
1702.55	1595
1703.57	1567
1704.6	1587
1705.62	1554
1706.65	1548
1707.68	1563
1708.7	1579
1709.73	1536
1710.75	1546
1711.77	1522
1712.8	1535
1713.82	1540
1714.85	1530
1715.87	1532
1716.89	1537
1717.92	1513
1718.94	1522
1719.96	1495
1720.99	1524
1722.01	1505
1723.03	1509
1724.05	1498
1725.08	1504
1726.1	1486
1727.12	1489
1728.14	1477
1729.17	1546
1730.19	1541
1731.21	1534
1732.23	1512
1733.25	1505
1734.27	1482
1735.29	1542
1736.31	1499
1737.33	1503
1738.35	1464
1739.37	1497
1740.39	1497
1741.41	1492
1742.43	1494
1743.45	1514
1744.47	1500
1745.49	1501
1746.51	1525
1747.53	1473
1748.55	1489
1749.57	1524
1750.58	1504
1751.6	1505
1752.62	1483
1753.64	1463
1754.66	1515
1755.67	1462
1756.69	1470
1757.71	1503
1758.73	1508
1759.74	1522
1760.76	1470
1761.78	1528
1762.79	1490
1763.81	1476
1764.83	1495
1765.84	1544
1766.86	1526
1767.87	1517
1768.89	1513
1769.9	1523
1770.92	1519
1771.93	1504
1772.95	1541
1773.96	1532
1774.98	1526
1775.99	1502
1777.01	1545
1778.02	1540
1779.04	1554
1780.05	1515
1781.06	1516
1782.08	1527
1783.09	1529
1784.1	1519
1785.12	1575
1786.13	1554
1787.14	1560
1788.15	1563
1789.17	1564
1790.18	1558
1791.19	1539
1792.2	1533
1793.21	1536
1794.23	1551
1795.24	1546
1796.25	1574
1797.26	1529
1798.27	1528
1799.28	1526
1800.29	1525
1801.3	1539
1802.31	1507
1803.32	1533
1804.33	1550
1805.34	1507
1806.35	1530
1807.36	1529
1808.37	1531
1809.38	1565
1810.39	1528
1811.4	1552
1812.41	1497
1813.42	1527
1814.42	1507
1815.43	1505
1816.44	1511
1817.45	1520
1818.46	1507
1819.46	1529
1820.47	1499
1821.48	1505
1822.49	1506
1823.49	1481
1824.5	1494
1825.51	1444
1826.51	1470
1827.52	1467
1828.53	1443
1829.53	1466
1830.54	1434
1831.55	1461
1832.55	1423
1833.56	1463
1834.56	1438
1835.57	1448
1836.57	1425
1837.58	1391
1838.58	1425
1839.59	1421
1840.59	1407
1841.59	1367
1842.6	1409
1843.6	1393
1844.61	1386.5
1845.61	1380
1846.61	1380
1847.62	1364
1848.62	1398
1849.62	1342
1850.63	1355
1851.63	1330
1852.63	1339
1853.63	1381
1854.64	1358
1855.64	1335
1856.64	1344
1857.64	1343
1858.64	1347
1859.64	1366
1860.65	1344
1861.65	1344
1862.65	1374
1863.65	1331
1864.65	1354
1865.65	1331
1866.65	1368
1867.65	1346
1868.65	1319
1869.65	1330
1870.65	1321
1871.65	1331
1872.65	1331
1873.65	1320
1874.65	1315
1875.65	1366
1876.65	1316
1877.64	1361
1878.64	1316
1879.64	1331
1880.64	1332
1881.64	1312
1882.64	1322
1883.63	1295
1884.63	1323
1885.63	1338
1886.63	1352
1887.62	1347
1888.62	1346
1889.62	1346
1890.61	1339
1891.61	1377
1892.61	1356
1893.6	1327
1894.6	1322
1895.59	1321
1896.59	1324
1897.59	1327
1898.58	1349
1899.58	1353
1900.57	1330
1901.57	1346
1902.56	1344
1903.56	1365
1904.55	1332
1905.55	1360
1906.54	1390
1907.53	1353
1908.53	1364
1909.52	1354
1910.51	1334
1911.51	1351
1912.5	1346
1913.49	1320
1914.49	1360
1915.48	1352
1916.47	1357
1917.47	1352
1918.46	1373
1919.45	1339
1920.44	1383
1921.43	1350
1922.43	1347
1923.42	1362
1924.41	1386
1925.4	1377
1926.39	1362
1927.38	1367
1928.37	1359
1929.36	1368
1930.35	1368
1931.35	1356
1932.34	1369
1933.33	1369
1934.32	1347
1935.31	1347
1936.29	1351
1937.29	1389
1938.27	1341
1939.26	1318
1940.25	1338
1941.24	1329
1942.23	1333
1943.22	1347
1944.21	1348
1945.2	1340
1946.18	1329
1947.17	1340
1948.16	1323
1949.15	1326
1950.13	1322
1951.12	1340
1952.11	1312
1953.1	1327
1954.08	1331
1955.07	1324
1956.06	1283
1957.04	1305
1958.03	1300
1959.02	1325
1960	1281
1960.99	1314
1961.97	1269
1962.96	1286
1963.94	1343
1964.93	1292
1965.91	1294
1966.9	1313
1967.88	1302
1968.87	1261
1969.85	1322
1970.84	1284
1971.82	1268
1972.8	1279
1973.79	1241
1974.77	1270
1975.76	1248
1976.74	1293
1977.72	1282
1978.71	1286
1979.69	1288
1980.67	1241
1981.65	1266
1982.64	1272
1983.62	1287
1984.6	1277
1985.58	1285
1986.57	1267
1987.55	1250
1988.53	1285
1989.51	1269
1990.49	1260
1991.47	1288
1992.45	1308
1993.43	1268
1994.42	1279
1995.4	1285
1996.38	1326
1997.36	1272
1998.34	1290
1999.32	1297
2000.3	1329
2001.28	1306
2002.26	1270
2003.23	1306
2004.21	1317
2005.19	1319
2006.17	1320
2007.15	1318
2008.13	1318
2009.11	1318
2010.09	1321
2011.06	1323
2012.04	1286
2013.02	1298
2014	1330
2014.98	1315
2015.95	1322
2016.93	1300
2017.91	1341
2018.88	1312
2019.86	1335
2020.84	1328
2021.81	1354
2022.79	1338
2023.77	1330
2024.74	1370
2025.72	1334
2026.69	1319
2027.67	1342
2028.65	1343
2029.62	1304
2030.6	1315
2031.57	1318
2032.55	1329
2033.52	1364
2034.5	1340
2035.47	1360
2036.44	1342
2037.42	1380
2038.39	1371
2039.37	1355
2040.34	1379
2041.31	1370
2042.29	1367
2043.26	1365
2044.23	1362
2045.21	1352
2046.18	1368
2047.15	1390
2048.12	1348
2049.1	1348
2050.07	1327
2051.04	1338
2052.01	1306
2052.98	1350
2053.96	1320
2054.93	1328
2055.9	1341
2056.87	1316
2057.84	1324
2058.81	1344
2059.78	1342
2060.75	1326
2061.72	1368
2062.69	1353
2063.66	1293
2064.63	1325
2065.6	1340
2066.57	1356
2067.54	1311
2068.51	1357
2069.48	1300
2070.45	1318
2071.42	1320
2072.39	1308
2073.36	1312
2074.32	1323
2075.29	1313
2076.26	1323
2077.23	1343
2078.2	1272
2079.16	1306
2080.13	1304
2081.1	1280
2082.07	1290
2083.03	1296
2084	1305
2084.97	1318
2085.93	1288
2086.9	1287
2087.87	1298
2088.83	1277
2089.8	1309
2090.77	1290
2091.73	1262
2092.7	1297
2093.66	1295
2094.63	1276
2095.59	1324
2096.56	1266
2097.52	1299
2098.49	1305
2099.45	1302
2100.42	1273
2101.38	1279
2102.35	1306
2103.31	1277
2104.27	1258
2105.24	1281
2106.2	1273
2107.16	1241
2108.13	1247
2109.09	1252
2110.05	1239.68
2111.02	1285.25
2111.98	1265.17
2112.94	1258.55
2113.9	1264.1
2114.87	1264.63
2115.83	1267.87
2116.79	1254.43
2117.75	1288.92
2118.71	1242.85
2119.68	1273.38
2120.64	1261.48
2121.6	1271.82
2122.56	1267.43
2123.52	1254.14
2124.48	1267.79
2125.44	1296
2126.4	1263.51
2127.36	1294.18
2128.32	1278.07
2129.28	1263.08
2130.24	1266.23
2131.2	1268.66
2132.16	1271.84
2133.12	1227.99
2134.08	1261.35
2135.04	1268.7
2136	1254.6
2136.96	1291.87
2137.92	1261.14
2138.88	1271.41
2139.83	1274.05
2140.79	1299.1
2141.75	1284.31
2142.71	1267.61
2143.67	1271.92
2144.62	1279.29
2145.58	1282.43
2146.54	1261.27
2147.5	1283.8
2148.45	1279.67
2149.41	1283.68
2150.37	1279.77
2151.32	1271.44
2152.28	1276.89
2153.24	1284.6
2154.19	1262.41
2155.15	1291.92
2156.11	1261.24
2157.06	1264.49
2158.02	1260.88
2158.97	1279.44
2159.93	1276.09
2160.88	1280.15
2161.84	1270.61
2162.79	1260.61
2163.75	1254.19
2164.7	1258.27
2165.66	1276.05
2166.61	1292.34
2167.57	1258.25
2168.52	1274.49
2169.48	1285.37
2170.43	1298.29
2171.38	1292.02
2172.34	1289.17
2173.29	1285.3
2174.24	1283.26
2175.2	1278.89
2176.15	1280.05
2177.1	1270.94
2178.05	1286.8
2179.01	1275.9
2179.96	1279.78
2180.91	1267.37
2181.86	1269.7
2182.82	1257.45
2183.77	1279.35
2184.72	1277.24
2185.67	1290.24
2186.62	1292.19
2187.57	1272.1
2188.52	1281.24
2189.47	1292
2190.43	1276.01
2191.38	1277.2
2192.33	1273.7
2193.28	1280.54
2194.23	1286.87
2195.18	1299.07
2196.13	1296.66
2197.08	1314.65
2198.03	1314.33
2198.98	1283.21
2199.93	1280.59
2200.87	1295.95
2201.82	1295.69
2202.77	1290.36
2203.72	1287.86
2204.67	1304.56
2205.62	1320.35
2205.98	1324
2206.93	1330
2207.88	1297
2208.84	1324
2209.79	1322
2210.74	1322
2211.69	1289
2212.65	1332
2213.6	1316
2214.55	1312
2215.5	1314
2216.45	1293
2217.41	1335
2218.36	1320
2219.31	1323
2220.26	1283
2221.21	1330
2222.16	1340
2223.11	1307
2224.06	1322
2225.01	1311
2225.96	1341
2226.91	1326
2227.86	1329
2228.81	1285
2229.76	1328
2230.71	1340
2231.66	1331
2232.61	1337
2233.56	1333
2234.51	1328
2235.46	1344
2236.41	1376
2237.36	1345
2238.31	1356
2239.25	1324
2240.2	1356
2241.15	1343
2242.1	1333
2243.05	1329
2243.99	1309
2244.94	1319
2245.89	1311
2246.83	1316
2247.78	1312
2248.73	1327
2249.68	1318
2250.62	1353
2251.57	1331
2252.52	1309
2253.46	1334
2254.41	1312
2255.35	1346
2256.3	1336
2257.25	1322
2258.19	1322
2259.14	1323
2260.08	1369
2261.03	1292
2261.97	1305
2262.92	1321.5
2263.86	1338
2264.81	1331
2265.75	1329
2266.7	1296
2267.64	1331
2268.58	1315
2269.53	1326
2270.47	1315
2271.41	1316
2272.36	1312
2273.3	1333
2274.24	1300
2275.19	1302
2276.13	1364
2277.07	1301
2278.02	1327
2278.96	1336
2279.9	1272
2280.84	1324
2281.78	1306
2282.73	1337
2283.67	1322
2284.61	1311
2285.55	1312
2286.49	1319
2287.43	1325
2288.38	1328
2289.32	1324
2290.26	1330
2291.2	1310
2292.14	1301
2293.08	1340
2294.02	1314
2294.96	1321
2295.9	1322
2296.84	1268
2297.78	1319
2298.72	1315
2299.66	1323
2300.59	1324
2301.53	1314
2302.47	1317
2303.41	1314
2304.35	1304
2305.29	1315
2306.23	1320
2307.17	1343
2308.1	1320
2309.04	1334
2309.98	1344
2310.92	1330
2311.85	1330
2312.79	1322
2313.73	1346
2314.67	1339
2315.6	1328
2316.54	1297
2317.48	1342
2318.41	1334
2319.35	1379
2320.29	1346
2321.22	1316
2322.16	1355
2323.09	1339
2324.03	1352
2324.97	1329
2325.9	1358
2326.84	1343
2327.77	1348
2328.71	1368
2329.64	1344
2330.58	1340
2331.51	1336
2332.45	1366
2333.38	1382
2334.31	1359
2335.25	1356
2336.18	1373
2337.12	1346
2338.05	1338
2338.98	1367
2339.92	1360
2340.85	1401
2341.78	1354
2342.72	1339
2343.65	1368
2344.58	1373
2345.51	1362
2346.45	1369
2347.38	1338
2348.31	1356
2349.24	1361
2350.17	1319
2351.11	1341
2352.04	1404
2352.97	1365
2353.9	1385
2354.83	1409
2355.76	1398
2356.69	1382
2357.62	1375
2358.55	1348
2359.48	1339
2360.42	1363
2361.35	1377
2362.27	1397
2363.21	1397
2364.13	1393
2365.07	1385
2365.99	1413
2366.92	1372
2367.85	1380
2368.78	1384
2369.71	1361
2370.64	1432
2371.57	1376
2372.5	1404
2373.43	1405
2374.35	1379
2375.28	1375
2376.21	1363
2377.14	1381
2378.07	1369
2378.99	1345
2379.92	1362
2380.85	1379
2381.77	1376
2382.7	1358
2383.63	1397
2384.56	1384
2385.48	1390
2386.41	1376
2387.33	1333
2388.26	1395
2389.19	1358
2390.11	1364
2391.04	1364
2391.96	1337
2392.89	1369
2393.82	1369
2394.74	1398
2395.67	1352
2396.59	1332
2397.51	1364
2398.44	1358
2399.36	1358
2400.29	1358
2401.21	1353
2402.14	1346
2403.06	1359
2403.98	1354
2404.91	1340
2405.83	1333
2406.76	1343
2407.68	1335
2408.6	1365
2409.52	1353
2410.45	1324
2411.37	1363
2412.29	1345
2413.22	1376
2414.14	1315
2415.06	1331
2415.98	1329
2416.9	1335
2417.83	1344
2418.75	1346
2419.67	1346
2420.59	1304
2421.51	1352
2422.43	1334
2423.35	1309
2424.27	1320
2425.2	1372
2426.12	1317
2427.04	1313
2427.96	1358
2428.88	1327
2429.8	1342
2430.72	1320
2431.64	1319
2432.56	1350
2433.48	1314
2434.4	1306
2435.31	1303
2436.23	1310
2437.15	1323
2438.07	1343
2438.99	1324
2439.91	1336
2440.83	1323
2441.75	1340
2442.66	1316
2443.58	1319
2444.5	1322
2445.42	1304
2446.33	1338
2447.25	1322
2448.17	1321
2449.09	1314
2450	1300
2450.92	1289
2451.84	1338
2452.75	1301
2453.67	1318
2454.59	1326
2455.5	1338
2456.42	1313
2457.33	1314
2458.25	1329
2459.17	1300
2460.08	1303
2461	1326
2461.91	1285
2462.83	1327
2463.74	1349
2464.66	1357
2465.57	1304
2466.49	1348
2467.4	1262
2468.31	1326
2469.23	1306
2470.14	1299
2471.06	1295
2471.97	1297
2472.88	1276
2473.8	1265
2474.71	1317
2475.62	1314
2476.54	1309
2477.45	1318
2478.36	1283
2479.28	1329
2480.19	1302
2481.1	1305
2482.01	1297
2482.93	1288
2483.84	1294
2484.75	1303
2485.66	1317
2486.57	1314
2487.49	1293
2488.4	1318
2489.31	1330
2490.22	1311
2491.13	1314
2492.04	1307
2492.95	1314
2493.86	1316
2494.77	1309
2495.68	1264
2496.59	1301
2497.5	1314
2498.41	1290
2499.32	1293
2500.23	1309
2501.14	1320
2502.05	1289
2502.96	1301
2503.87	1306
2504.78	1315
2505.69	1314
2506.6	1280
2507.5	1293
2508.41	1289
2509.32	1318
2510.23	1293
2511.14	1285
2512.04	1315
2512.95	1304
2513.86	1293
2514.77	1281
2515.68	1285
2516.58	1273
2517.49	1271
2518.4	1260
2519.3	1257
2520.21	1280
2521.12	1285
2522.02	1281
2522.93	1262
2523.83	1285
2524.74	1277
2525.65	1281
2526.55	1301
2527.46	1262
2528.36	1275
2529.27	1278
2530.17	1266
2531.08	1255
2531.98	1291
2532.89	1246
2533.79	1259
2534.7	1276
2535.6	1263
2536.51	1264
2537.41	1281
2538.32	1268
2539.22	1275
2540.12	1271
2541.03	1264
2541.93	1232
2542.83	1252
2543.74	1238
2544.64	1273
2545.54	1265
2546.45	1263
2547.35	1237
2548.25	1250
2549.15	1280
2550.06	1251
2550.96	1266
2551.86	1271
2552.76	1264
2553.66	1266
2554.57	1253
2555.47	1268
2556.37	1237
2557.27	1233
2558.17	1276
2559.07	1209
2559.97	1217
2560.87	1240
2561.77	1218
2562.67	1254
2563.57	1276
2564.47	1250
2565.37	1241
2566.27	1263
2567.17	1232
2568.07	1205
2568.97	1217
2569.87	1260
2570.77	1222
2571.67	1239
2572.57	1260
2573.47	1240
2574.37	1237
2575.27	1244
2576.16	1238
2577.06	1210
2577.96	1229
2578.86	1230
2579.76	1235
2580.65	1216
2581.55	1207
2582.45	1206
2583.35	1227
2584.24	1269
2585.14	1199
2586.04	1226
2586.94	1206
2587.83	1241
2588.73	1227
2589.62	1205
2590.52	1188
2591.42	1215
2592.31	1204
2593.21	1194
2594.1	1199
2595	1230
2595.9	1235
2596.79	1193
2597.69	1213
2598.58	1211
2599.48	1210
2600.37	1212
2601.27	1217
2602.16	1201
2603.06	1221
2603.95	1220
2604.84	1216
2605.74	1208
2606.63	1199
2607.53	1207
2608.42	1210
2609.31	1193
2610.21	1209
2611.1	1184
2611.99	1204
2612.89	1182
2613.78	1176
2614.67	1172
2615.57	1198
2616.46	1211
2617.35	1176
2618.24	1173
2619.14	1198
2620.03	1164
2620.92	1188
2621.81	1190
2622.7	1222
2623.59	1174
2624.48	1201
2625.38	1186
2626.27	1139
2627.16	1167
2628.05	1151
2628.94	1105
2629.83	1152
2630.72	1160
2631.61	1155
2632.5	1143
2633.39	1112
2634.28	1143
2635.17	1124
2636.06	1150
2636.95	1115
2637.84	1164
2638.73	1127
2639.62	1131
2640.51	1126
2641.4	1094
2642.28	1125
2643.17	1086
2644.06	1104
2644.95	1126
2645.84	1126
2646.73	1099
2647.61	1102
2648.5	1134
2649.39	1127
2650.28	1120
2651.17	1116
2652.05	1124
2652.94	1128
2653.83	1078
2654.71	1109
2655.6	1129
2656.49	1098
2657.37	1122
2658.26	1115
2659.15	1124
2660.03	1113
2660.92	1090
2661.8	1144
2662.69	1085
2663.58	1108
2664.46	1117
2665.35	1123
2666.23	1104
2667.12	1121
2668	1124
2668.89	1102
2669.77	1120
2670.66	1142
2671.54	1101
2672.43	1127
2673.31	1104
2674.19	1143
2675.08	1154
2675.96	1137
2676.84	1119
2677.73	1111
2678.61	1093
2679.5	1126
2680.38	1099
2681.26	1110
2682.14	1095
2683.03	1087
2683.91	1079
2684.79	1071
2685.68	1081
2686.56	1105
2687.44	1071
2688.32	1096
2689.2	1064
2690.09	1076
2690.97	1085
2691.85	1088
2692.73	1061
2693.61	1090
2694.49	1065
2695.37	1094
2696.25	1076
2697.14	1082
2698.02	1067
2698.9	1066
2699.78	1075
2700.66	1088
2701.54	1044
2702.42	1077
2703.3	1062
2704.18	1081
2705.06	1034
2705.94	1084
2706.81	1053
2707.69	1040
2708.57	1078
2709.45	1072
2710.33	1066
2711.21	1078
2712.09	1066.5
2712.97	1055
2713.84	1056
2714.72	1078
2715.6	1061
2716.48	1065
2717.36	1079
2718.23	1071
2719.11	1060
2719.99	1047
2720.87	1074
2721.74	1076
2722.62	1080
2723.5	1070
2724.37	1029
2725.25	1084
2726.13	1095
2727	1063
2727.88	1058
2728.76	1074
2729.63	1064
2730.51	1062
2731.38	1088
2732.26	1081
2733.14	1103
2734.01	1072
2734.89	1067
2735.76	1072
2736.64	1085
2737.51	1060
2738.39	1067
2739.26	1055
2740.13	1062
2741.01	1069
2741.88	1084
2742.76	1068
2743.63	1072
2744.5	1078
2745.38	1085
2746.25	1080
2747.13	1083
2748	1059
2748.87	1097
2749.75	1072
2750.62	1084
2751.49	1086
2752.36	1091
2753.24	1063
2754.11	1102
2754.98	1078
2755.85	1078
2756.73	1069
2757.6	1077
2758.47	1085
2759.34	1117
2760.21	1103
2761.08	1097
2761.96	1099
2762.83	1088
2763.7	1086
2764.57	1081
2765.44	1100
2766.31	1078
2767.18	1109
2768.05	1098
2768.92	1127
2769.79	1116
2770.66	1096
2771.53	1101
2772.4	1079
2773.27	1086
2774.14	1074
2775.01	1099
2775.88	1107
2776.75	1087
2777.62	1116
2778.49	1102
2779.36	1122
2780.22	1128
2781.09	1086
2781.96	1122
2782.83	1089
2783.7	1107
2784.57	1113
2785.43	1138
2786.3	1128
2787.17	1099
2788.04	1102
2788.9	1117
2789.77	1111
2790.64	1120
2791.5	1107
2792.37	1108
2793.24	1112
2794.1	1110
2794.97	1128
2795.84	1144
2796.7	1097
2797.57	1094
2798.44	1136
2799.3	1130
2800.17	1091
2801.03	1135
2801.9	1133
2802.76	1113
2803.63	1124
2804.5	1100
2805.36	1106
2806.23	1100
2807.09	1125
2807.95	1121
2808.82	1087
2809.68	1115
2810.55	1107
2811.41	1121
2812.28	1120
2813.14	1131
2814	1152
2814.87	1125
2815.73	1133
2816.59	1116
2817.46	1134
2818.32	1125
2819.18	1142
2820.05	1108
2820.91	1113
2821.77	1147
2822.63	1125
2823.5	1101
2824.36	1121
2825.22	1134
2826.08	1156
2826.94	1130
2827.81	1113
2828.67	1108
2829.53	1178
2830.39	1132
2831.25	1138
2832.11	1103
2832.98	1147
2833.84	1153
2834.7	1128
2835.56	1161
2836.42	1143
2837.28	1148
2838.14	1155
2839	1183
2839.86	1188
2840.72	1132
2841.58	1153
2842.44	1172
2843.3	1162
2844.16	1164
2845.02	1151
2845.88	1157
2846.73	1158
2847.59	1145
2848.45	1120
2849.31	1132
2850.17	1135
2851.03	1157
2851.89	1091
2852.74	1099
2853.6	1124
2854.46	1076
2855.32	1090
2856.18	1117
2857.03	1105
2857.89	1117
2858.75	1116
2859.6	1111
2860.46	1130
2861.32	1113
2862.18	1119
2863.03	1124
2863.89	1107
2864.74	1136
2865.6	1063
2866.46	1100
2867.31	1115
2868.17	1084
2869.03	1105
2869.88	1132
2870.74	1122
2871.59	1129
2872.45	1104
2873.3	1131
2874.16	1095
2875.01	1129
2875.87	1131
2876.72	1121
2877.58	1123
2878.43	1099
2879.29	1099
2880.14	1129
2880.99	1107
2881.85	1123
2882.7	1095
2883.55	1114
2884.41	1142
2885.26	1114
2886.12	1107
2886.97	1127
2887.82	1087
2888.68	1113
2889.53	1108
2890.38	1119
2891.23	1108
2892.09	1092
2892.94	1119
2893.79	1106
2894.64	1116
2895.49	1112
2896.35	1115
2897.2	1051
2898.05	1137
2898.9	1094
2899.75	1079
2900.6	1109
2901.45	1123
2902.31	1096
2903.16	1106
2904.01	1113
2904.86	1140
2905.71	1093
2906.56	1127
2907.41	1100
2908.26	1158
2909.11	1128
2909.96	1104
2910.81	1115
2911.66	1156
2912.51	1111
2913.36	1137
2914.21	1152
2915.06	1114
2915.9	1142
2916.75	1129
2917.6	1141
2918.45	1139
2919.3	1136
2920.15	1118
2921	1135
2921.84	1141
2922.69	1137
2923.54	1142
2924.39	1114
2925.24	1118
2926.08	1170
2926.93	1110
2927.78	1131
2928.63	1129
2929.47	1158
2930.32	1163
2931.17	1164
2932.01	1154
2932.86	1149
2933.71	1146
2934.55	1153
2935.4	1157
2936.25	1173
2937.09	1200
2937.94	1152
2938.78	1169
2939.63	1170
2940.47	1180
2941.32	1172
2942.16	1158
2943.01	1203
2943.86	1180.54
2944.7	1195.18
2945.54	1194.77
2946.39	1181.6
2947.23	1185.35
2948.08	1194.35
2948.92	1214
2949.77	1218.7
2950.61	1233.4
2951.45	1218.1
2952.3	1218.07
2953.14	1202.47
2953.99	1206.59
2954.83	1224.68
2955.67	1213.59
2956.52	1213.11
2957.36	1231.25
2958.2	1184.12
2959.04	1228.77
2959.89	1217.14
2960.73	1218.89
2961.57	1233.09
2962.41	1233.01
2963.26	1235.13
2964.1	1210.38
2964.94	1192.04
2965.78	1227.47
2966.62	1227.18
2967.47	1225.32
2968.31	1225.69
2969.15	1246.26
2969.99	1228.94
2970.83	1227.08
2971.67	1267.84
2972.51	1251.01
2973.35	1249.34
2974.19	1259.83
2975.04	1265.67
2975.88	1250.71
2976.72	1275.73
2977.56	1277.43
2978.4	1269.84
2979.24	1283.32
2980.08	1270.5
2980.92	1281.01
2981.76	1301.24
2982.6	1300.17
2983.43	1306.3
2984.27	1306.51
2985.11	1308.78
2985.95	1311.68
2986.79	1309.38
2987.63	1310.54
2988.47	1323.05
2989.31	1331.71
2990.14	1319.65
2990.98	1306.68
2991.82	1319.2
2992.66	1320.19
2993.5	1332.92
2994.33	1339.52
2995.17	1337.47
2996.01	1341.41
2996.85	1349.97
2997.68	1324.14
2998.52	1347.95
2999.36	1382.87
3000.2	1360.83
3001.03	1344.39
3001.87	1366.83
3002.71	1369.24
3003.54	1385.48
3004.38	1374.04
3005.21	1386.34
3006.05	1388.77
3006.89	1412.39
3007.72	1397.9
3008.56	1409.88
3009.39	1411.8
3010.23	1409.12
3011.06	1394.54
3011.9	1434.08
3012.74	1388.57
3013.57	1443.4
3014.41	1452.9
3015.24	1419
3016.07	1453.9
3016.91	1457.84
3017.74	1455.5
3018.58	1444.03
3019.41	1434.24
3020.25	1439.81
3021.08	1464.78
3021.91	1474.18
3022.75	1458.35
3023.58	1452.99
3024.41	1463.3
3025.25	1475.26
3026.08	1475.02
3026.91	1516.27
3027.75	1511.89
3028.58	1502.84
3028.73	1502
3029.57	1488
3030.4	1490
3031.24	1511
3032.08	1516
3032.92	1490
3033.75	1498
3034.59	1529
3035.42	1511
3036.26	1521
3037.1	1534
3037.93	1527
3038.77	1537
3039.61	1545
3040.44	1570
3041.28	1565
3042.11	1552
3042.95	1585
3043.78	1577
3044.62	1592
3045.45	1591
3046.29	1624
3047.12	1593
3047.96	1630
3048.79	1608
3049.63	1617
3050.46	1617
3051.29	1621
3052.13	1621
3052.96	1632
3053.8	1639
3054.63	1610
3055.46	1644
3056.3	1622
3057.13	1639
3057.96	1657
3058.8	1637
3059.63	1704
3060.46	1690
3061.3	1645
3062.13	1708
3062.96	1711
3063.79	1693
3064.63	1680
3065.46	1714
3066.29	1721
3067.12	1716
3067.95	1742
3068.79	1768
3069.62	1763
3070.45	1739
3071.28	1762
3072.11	1706
3072.94	1800
3073.77	1745
3074.6	1783
3075.44	1827
3076.27	1818
3077.1	1827
3077.93	1839
3078.76	1851
3079.59	1803
3080.42	1826
3081.25	1827
3082.08	1815
3082.91	1875
3083.74	1861
3084.57	1883
3085.4	1923
3086.23	1892
3087.05	1903
3087.88	1876
3088.71	1925
3089.54	1917
3090.37	1904
3091.2	1964
3092.03	1941
3092.86	1945
3093.68	1946
3094.51	1966
3095.34	1990
3096.17	1968
3097	2038
3097.82	2010
3098.65	2033
3099.48	2035
3100.31	2055
3101.13	2024
3101.96	2040
3102.79	2075
3103.61	2077
3104.44	2066
3105.27	2105
3106.09	2088
3106.92	2131
3107.75	2108
3108.57	2150
3109.4	2129
3110.22	2150
3111.05	2143
3111.88	2171
3112.7	2184
3113.53	2198
3114.35	2214
3115.18	2212
3116	2225
3116.83	2213
3117.65	2240
3118.48	2211
3119.3	2224
3120.13	2288
3120.95	2258
3121.77	2265
3122.6	2282
3123.42	2317
3124.25	2282
3125.07	2331
3125.89	2330
3126.72	2314
3127.54	2326
3128.36	2349
3129.19	2315
3130.01	2377
3130.83	2315
3131.66	2380
3132.48	2391
3133.3	2431
3134.13	2412
3134.95	2413
3135.77	2399
3136.59	2441
3137.41	2381
3138.24	2442
3139.06	2448
3139.88	2442
3140.7	2444
3141.52	2524
3142.34	2500
3143.17	2463
3143.99	2487
3144.81	2466
3145.63	2529
3146.45	2496
3147.27	2542
3148.09	2544
3148.91	2510
3149.73	2540
3150.55	2572
3151.37	2562
3152.19	2563
3153.01	2531
3153.83	2606
3154.65	2659
3155.47	2611
3156.29	2616
3157.11	2579
3157.93	2644
3158.75	2596
3159.57	2680
3160.39	2636
3161.2	2640
3162.02	2651
3162.84	2690
3163.66	2669
3164.48	2699
3165.3	2727
3166.12	2716
3166.93	2732
3167.75	2731
3168.57	2714
3169.39	2681
3170.2	2713
3171.02	2720
3171.84	2761
3172.65	2735
3173.47	2797
3174.29	2784
3175.11	2782
3175.92	2745
3176.74	2782
3177.56	2836
3178.37	2790
3179.19	2880
3180	2860
3180.82	2835
3181.64	2809
3182.45	2921
3183.27	2889
3184.08	2846
3184.9	2858
3185.71	2869
3186.53	2850
3187.34	2887
3188.16	2916
3188.97	2931
3189.79	2926
3190.6	2951
3191.42	2938
3192.23	2909
3193.05	2985
3193.86	2900
3194.67	2931
3195.49	2958
3196.3	2994
3197.12	2973
3197.93	2926
3198.74	3016
3199.56	2954
3200.37	2987
3201.18	2985
3202	3004
3202.81	3027
3203.62	3033
3204.43	3026
3205.25	3026
3206.06	3007
3206.87	3077
3207.68	3097
3208.5	3081
3209.31	3027
3210.12	3119
3210.93	3074
3211.74	3140
3212.56	3098
3213.37	3083
3214.18	3091
3214.99	3149
3215.8	3114
3216.61	3146
3217.42	3142
3218.23	3118
3219.04	3153
3219.85	3182
3220.66	3149
3221.47	3171
3222.28	3208
3223.09	3165
3223.91	3148
3224.71	3241
3225.52	3171
3226.33	3171
3227.14	3273
3227.95	3157
3228.76	3160
3229.57	3213
3230.38	3192
3231.19	3233
3232	3239
3232.81	3187
3233.62	3141
3234.42	3176
3235.23	3227
3236.04	3248
3236.85	3190
3237.66	3259
3238.47	3210
3239.27	3215
3240.08	3249
3240.89	3256
3241.7	3262
3242.5	3248
3243.31	3228
3244.12	3236
3244.92	3256
3245.73	3244
3246.54	3252
3247.34	3211
3248.15	3225
3248.96	3231
3249.76	3248
3250.57	3271
3251.38	3237
3252.18	3316
3252.99	3303
3253.79	3216
3254.6	3265
3255.41	3274
3256.21	3224
3257.02	3270
3257.82	3210
3258.63	3232
3259.43	3265
3260.24	3305
3261.04	3272
3261.85	3284
3262.65	3311
3263.46	3297
3264.26	3245
3265.06	3237
3265.87	3291
3266.67	3238
3267.48	3232
3268.28	3269
3269.08	3246
3269.89	3230
3270.69	3293
3271.49	3241
3272.3	3232
3273.1	3267
3273.9	3230
3274.71	3294
3275.51	3305
3276.31	3228
3277.11	3262
3277.92	3260
3278.72	3284
3279.52	3232
3280.32	3256
3281.13	3218
3281.93	3222
3282.73	3303
3283.53	3226
3284.33	3214
3285.13	3245
3285.93	3256
3286.74	3273
3287.54	3237
3288.34	3250
3289.14	3177
3289.94	3236
3290.74	3316
3291.54	3202
3292.34	3241
3293.14	3228
3293.94	3182
3294.74	3231
3295.54	3206
3296.34	3273
3297.14	3223
3297.94	3267
3298.74	3194
3299.54	3261
3300.34	3275
3301.14	3200
3301.94	3275
3302.74	3267
3303.53	3257
3304.33	3255
3305.13	3264
3305.93	3272
3306.73	3264
3307.53	3233
3308.33	3239
3309.12	3304
3309.92	3292
3310.72	3302
3311.52	3234
3312.32	3345
3313.11	3252
3313.91	3267
3314.71	3306
3315.5	3233
3316.3	3252
3317.1	3265
3317.9	3282
3318.69	3306
3319.49	3280
3320.29	3281
3321.08	3313
3321.88	3302
3322.67	3261
3323.47	3245
3324.27	3352
3325.06	3301
3325.86	3341
3326.65	3284
3327.45	3299
3328.24	3280
3329.04	3294
3329.84	3219
3330.63	3325
3331.43	3329
3332.22	3303
3333.01	3322
3333.81	3322
3334.6	3275
3335.4	3334
3336.19	3294
3336.99	3322
3337.78	3225
3338.58	3327
3339.37	3328
3340.16	3341
3340.96	3298
3341.75	3323
3342.54	3381
3343.34	3296
3344.13	3365
3344.92	3277
3345.72	3311
3346.51	3347
3347.3	3319
3348.1	3392
3348.89	3331
3349.68	3338
3350.47	3339
3351.26	3350
3352.06	3347
3352.85	3345
3353.64	3369
3354.43	3347
3355.22	3369
3356.02	3330
3356.81	3350
3357.6	3348
3358.39	3364
3359.18	3357
3359.97	3378
3360.76	3349
3361.55	3347
3362.34	3325
3363.13	3384
3363.93	3409
3364.72	3323
3365.51	3341
3366.3	3379
3367.09	3405
3367.88	3361
3368.67	3343
3369.46	3323
3370.25	3369
3371.03	3347
3371.82	3365
3372.61	3329
3373.4	3338
3374.19	3364
3374.98	3321
3375.77	3362
3376.56	3365
3377.35	3327
3378.14	3369
3378.92	3365
3379.71	3355
3380.5	3348
3381.29	3359
3382.08	3376
3382.86	3379
3383.65	3347
3384.44	3331
3385.23	3370
3386.01	3362
3386.8	3354
3387.59	3327
3388.38	3356
3389.16	3301
3389.95	3303
3390.74	3309
3391.52	3326
3392.31	3337
3393.1	3291
3393.88	3312
3394.67	3338
3395.45	3343
3396.24	3364
3397.03	3270
3397.81	3295
3398.6	3301
3399.38	3350
3400.17	3309
3400.95	3346
3401.74	3287
3402.52	3290
3403.31	3290
3404.09	3311
3404.88	3252
3405.66	3269
3406.45	3263
3407.23	3251
3408.02	3279
3408.8	3261
3409.59	3252
3410.37	3279
3411.15	3238
3411.94	3213
3412.72	3251
3413.51	3213
3414.29	3253
3415.07	3276
3415.86	3233
3416.64	3264
3417.42	3283
3418.2	3241
3418.99	3229
3419.77	3266
3420.55	3211
3421.34	3235
3422.12	3193
3422.9	3249
3423.68	3167
3424.47	3260
3425.25	3240
3426.03	3177
3426.81	3212
3427.59	3174
3428.37	3152
3429.16	3166
3429.94	3154
3430.72	3139
3431.5	3150
3432.28	3131
3433.06	3183
3433.84	3172
3434.62	3192
3435.4	3193
3436.18	3149
3436.96	3183
3437.74	3179
3438.52	3118
3439.3	3129
3440.08	3117
3440.86	3123
3441.64	3091
3442.42	3111
3443.2	3115
3443.98	3048
3444.76	3099
3445.54	3068
3446.32	3123
3447.1	3081
3447.88	3125
3448.66	3067
3449.43	3014
3450.21	3038
3450.99	3001
3451.77	3086
3452.55	3073
3453.33	3040
3454.11	3083
3454.88	3044
3455.66	3045
3456.44	3051
3457.22	3002
3457.99	2984
3458.77	2950
3459.55	3014
3460.32	3016
3461.1	2918
3461.88	2955
3462.66	2946
3463.43	2932
3464.21	2932
3464.99	2926
3465.76	2915
3466.54	2926
3467.31	2857
3468.09	2865
3468.87	2861
3469.64	2859
3470.42	2858
3471.19	2817
3471.97	2877
3472.74	2861
3473.52	2854
3474.3	2847
3475.07	2819
3475.85	2788
3476.62	2846
3477.4	2810
3478.17	2786
3478.94	2791
3479.72	2788
3480.49	2795
3481.27	2764
3482.04	2817
3482.82	2745
3483.59	2774
3484.36	2752
3485.14	2688
3485.91	2712
3486.68	2680
3487.46	2661
3488.23	2680
3489	2644
3489.78	2664
3490.55	2666
3491.32	2604
3492.1	2625
3492.87	2596
3493.64	2612
3494.41	2574
3495.19	2576
3495.96	2578
3496.73	2561
3497.5	2572
3498.27	2516
3499.05	2535
3499.82	2520
3500.59	2507
3501.36	2482
3502.13	2536
3502.9	2482
3503.67	2473
3504.45	2460
3505.22	2448
3505.99	2455
3506.76	2476
3507.53	2450
3508.3	2453
3509.07	2444
3509.84	2378
3510.61	2390
3511.38	2398
3512.15	2368
3512.92	2334
3513.69	2352
3514.46	2370
3515.23	2341
3516	2349
3516.77	2316
3517.54	2323
3518.31	2295
3519.08	2320
3519.85	2337
3520.61	2285
3521.38	2284
3522.15	2232
3522.92	2246
3523.69	2244
3524.46	2256
3525.22	2227
3525.99	2236
3526.76	2229
3527.53	2229
3528.3	2226
3529.06	2237
3529.83	2169
3530.6	2158
3531.37	2177
3532.13	2148
3532.9	2091
3533.67	2135
3534.44	2125
3535.2	2138
3535.97	2090
3536.74	2117
3537.5	2092
3538.27	2160
3539.04	2126
3539.8	2083
3540.57	2100
3541.33	2070
3542.1	2047
3542.86	2063
3543.63	2072
3544.4	2045
3545.16	2074
3545.93	2004
3546.69	2025
3547.46	2028
3548.22	2014
3548.99	2002
3549.75	1985
3550.52	1981
3551.28	2031
3552.05	1957
3552.81	1978
3553.58	1952
3554.34	1925
3555.1	1926
3555.87	1923
3556.63	1944
3557.4	1939
3558.16	1939
3558.92	1925
3559.69	1904
3560.45	1900
3561.21	1867
3561.98	1919
3562.74	1888
3563.5	1883
3564.27	1893
3565.03	1920
3565.79	1866
3566.55	1850
3567.32	1859
3568.08	1831
3568.84	1782
3569.6	1805
3570.36	1835
3571.13	1836
3571.89	1786
3572.65	1785
3573.41	1778
3574.17	1751
3574.93	1788
3575.7	1775
3576.46	1773
3577.22	1753
3577.98	1737
3578.74	1730
3579.5	1745
3580.26	1759
3581.02	1712
3581.78	1710
3582.54	1716
3583.3	1731
3584.06	1694
3584.82	1664
3585.58	1649
3586.34	1639
3587.1	1661
3587.86	1664
3588.62	1658
3589.38	1654
3590.14	1634
3590.9	1646
3591.66	1636
3592.42	1621
3593.18	1616
3593.94	1586
3594.69	1607
3595.45	1590
3596.21	1578
3596.97	1583
3597.73	1550
3598.49	1533
3599.24	1533
3600	1551
3600.76	1512
3601.52	1536
3602.28	1530
3603.03	1545
3603.79	1533
3604.55	1504
3605.31	1512
3606.06	1513
3606.82	1497
3607.58	1507
3608.33	1508
3609.09	1464
3609.85	1478
3610.6	1465
3611.36	1494
3612.12	1433
3612.87	1475
3613.63	1425
3614.38	1407
3615.14	1408
3615.9	1444
3616.65	1433
3617.41	1423
3618.16	1411
3618.92	1382
3619.67	1386
3620.43	1392
3621.18	1403
3621.94	1414
3622.69	1358
3623.45	1361
3624.2	1373
3624.96	1358
3625.71	1341
3626.47	1352
3627.22	1343
3627.97	1333
3628.73	1310
3629.48	1318
3630.24	1307
3630.99	1297
3631.74	1315
3632.5	1311
3633.25	1307
3634	1272
3634.76	1260
3635.51	1241
3636.26	1273
3637.02	1250
3637.77	1235
3638.52	1225
3639.27	1225
3640.03	1236
3640.78	1218
3641.53	1211
3642.28	1181
3643.04	1204
3643.79	1197
3644.54	1176
3645.29	1166
3646.04	1159
3646.79	1155
3647.55	1151
3648.3	1138
3649.05	1137
3649.8	1137
3650.55	1123
3651.3	1119
3652.05	1141
3652.8	1108
3653.55	1096
3654.3	1090
3655.06	1070
3655.81	1071
3656.56	1087
3657.31	1061
3658.06	1074
3658.81	1049
3659.56	1060
3660.31	1021
3661.06	1021
3661.8	1043
3662.55	1056
3663.3	995
3664.05	1003
3664.8	992
3665.55	961
3666.3	994
3667.05	954
3667.8	974
3668.55	981
3669.29	976
3670.04	952
3670.79	939
3671.54	969
3672.29	949
3673.04	947
3673.78	928
3674.53	923
3675.28	924
3676.03	897
3676.77	887
3677.52	909
3678.27	893
3679.02	889.206
3679.76	913.033
3680.51	863.208
3681.26	851.44
3682	856.434
3682.75	852.361
3683.5	866.986
3684.24	845.283
3684.99	846.27
3685.74	811.619
3686.48	809.499
3687.23	821.085
3687.97	839.031
3688.72	824.755
3689.47	822.044
3690.21	812.69
3690.96	814.982
3691.7	804.412
3692.45	804.559
3693.19	782.825
3693.94	794.43
3694.68	796.783
3695.43	776.476
3696.17	776.406
3696.92	780.377
3697.66	777.598
3698.41	766.551
3699.15	765.554
3699.9	777.941
3700.64	753.57
3701.38	760.201
3702.13	766.158
3702.87	756.517
3703.62	742.938
3704.36	757.489
3705.1	720.92
3705.85	739.232
3706.59	737.88
3707.33	743.016
3708.08	726.905
3708.82	717.392
3709.56	721.046
3710.31	712.869
3711.05	702.742
3711.79	712.307
3712.53	694.003
3713.28	700.574
3714.02	700.713
3714.76	709.47
3715.5	692.444
3716.25	694.995
3716.99	704.665
3717.73	691.695
3718.47	703.981
3719.21	698.671
3719.96	675.855
3720.7	666.962
3721.44	679.913
3722.18	685.952
3722.92	684.053
3723.66	681.504
3724.4	674.152
3725.14	686.844
3725.88	676.81
3726.63	668.144
3727.37	671.612
3728.11	694.667
3728.85	679.322
3729.59	641.691
3730.33	664.069
3731.07	677.244
3731.81	666.393
3732.55	665.429
3733.29	661.409
3734.03	658.705
3734.77	656.652
3735.51	663.641
3736.25	656.973
3736.99	668.16
3737.72	658.601
3738.46	677.167
3739.2	662.44
3739.94	655.911
3740.68	643.221
3741.42	645.025
3742.16	655.867
3742.9	653.903
3743.63	648.035
3744.37	646.422
3745.11	634.924
3745.85	645.922
3746.59	624.09
3747.32	637.1
3748.06	631.137
3748.8	657.522
3749.54	643.639
3750.27	638.223
3751.01	638.861
3751.75	633.714
3752.49	625.958
3753.22	644.627
3753.27	646
3754.01	658
3754.75	644
3755.49	638
3756.23	654
3756.97	651
3757.71	638
3758.45	613
3759.2	627
3759.94	629
3760.68	630
3761.42	653
3762.16	642
3762.9	634
3763.64	648
3764.38	648
3765.12	639
3765.86	622
3766.59	639
3767.33	627
3768.07	627
3768.81	640
3769.55	632
3770.29	634
3771.03	615
3771.77	621
3772.51	617
3773.25	630
3773.99	628
3774.72	637
3775.46	630
3776.2	622
3776.94	627
3777.68	645
3778.41	617
3779.15	649
3779.89	617
3780.63	614
3781.37	603
3782.1	633
3782.84	631
3783.58	619
3784.31	610
3785.05	633
3785.79	618
3786.53	626
3787.26	593
3788	641
3788.74	637.5
3789.47	634
3790.21	641
3790.94	636
3791.68	631
3792.42	623
3793.15	595
3793.89	645
3794.62	604
3795.36	637
3796.1	621
3796.83	621
3797.57	620
3798.3	619
3799.04	638
3799.77	637
3800.51	603
3801.24	625
3801.98	628
3802.71	612
3803.45	634
3804.18	624
3804.92	621
3805.65	612
3806.38	614
3807.12	624
3807.85	611
3808.59	603
3809.32	626
3810.05	631
3810.79	610
3811.52	608
3812.25	622
3812.99	620
3813.72	609
3814.45	617
3815.19	612
3815.92	611
3816.65	621
3817.39	626
3818.12	620
3818.85	612
3819.58	613
3820.32	645
3821.05	624
3821.78	631
3822.51	619
3823.24	601
3823.98	602
3824.71	620
3825.44	635
3826.17	600
3826.9	598
3827.63	609
3828.36	587
3829.1	616
3829.83	613
3830.56	602
3831.29	600
3832.02	611
3832.75	605
3833.48	590
3834.21	627
3834.94	607
3835.67	607
3836.4	591
3837.13	621
3837.86	573
3838.59	599
3839.32	600
3840.05	611
3840.78	598
3841.51	595
3842.24	602
3842.97	596
3843.7	589
3844.43	574
3845.16	584
3845.89	593
3846.62	601
3847.34	574
3848.07	599
3848.8	600
3849.53	598
3850.26	582
3850.99	594
3851.72	568
3852.44	577
3853.17	581
3853.9	589
3854.63	576
3855.36	600
3856.08	592
3856.81	587
3857.54	593
3858.26	570
3858.99	579
3859.72	586
3860.45	558
3861.17	583
3861.9	569
3862.63	593
3863.35	583
3864.08	554
3864.81	587
3865.53	573
3866.26	587
3866.99	567
3867.71	581
3868.44	543
3869.16	582
3869.89	590
3870.61	578
3871.34	554
3872.07	564
3872.79	578
3873.52	544
3874.24	558
3874.97	550
3875.69	566
3876.42	552
3877.14	571
3877.87	569
3878.59	559
3879.31	566
3880.04	570
3880.76	575
3881.49	567
3882.21	573
3882.94	573
3883.66	578
3884.38	583
3885.11	577
3885.83	556
3886.55	570
3887.28	548
3888	570
3888.72	550
3889.45	567
3890.17	587
3890.89	561
3891.62	555
3892.34	573
3893.06	579
3893.79	571
3894.51	561
3895.23	561
3895.95	564
3896.67	557
3897.4	569
3898.12	565
3898.84	534
3899.56	555
3900.28	543
3901.01	568
3901.73	574
3902.45	537
3903.17	554
3903.89	563
3904.61	542
3905.33	555
3906.05	554
3906.78	545
3907.5	541
3908.22	553
3908.94	546
3909.66	551
3910.38	543
3911.1	562
3911.82	562
3912.54	559
3913.26	559
3913.98	558
3914.7	531
3915.42	549
3916.14	579
3916.86	568
3917.58	544
3918.3	556
3919.02	543
3919.73	514
3920.45	549
3921.17	558
3921.89	534
3922.61	558
3923.33	559
3924.05	560
3924.77	561
3925.48	563
3926.2	562
3926.92	554
3927.64	562
3928.36	534
3929.08	543
3929.79	535
3930.51	564
3931.23	552
3931.95	554
3932.66	550
3933.38	531
3934.1	539
3934.82	542
3935.53	561
3936.25	553
3936.97	560
3937.68	558
3938.4	574
3939.12	547
3939.83	536
3940.55	515
3941.27	527
3941.98	554
3942.7	520
3943.41	541
3944.13	539
3944.85	539
3945.56	561
3946.28	543
3946.99	555
3947.71	537
3948.42	542
3949.14	555
3949.85	536
3950.57	548
3951.28	549
3952	556
3952.71	548
3953.43	554
3954.14	542
3954.86	551
3955.57	532
3956.29	549
3957	527
3957.71	536
3958.43	537
3959.14	537
3959.86	530
3960.57	529
3961.28	518
3962	530
3962.71	525
3963.42	533
3964.14	529
3964.85	541
3965.56	542
3966.28	543
3966.99	517
3967.7	521
3968.41	527
3969.13	529
3969.84	534
3970.55	513
3971.26	563
3971.98	539
3972.69	546
3973.4	534
3974.11	546
3974.83	517
3975.54	526
3976.25	533
3976.96	533
3977.67	528
3978.38	548
3979.09	526
3979.81	535
3980.52	541
3981.23	518
3981.94	523
3982.65	536
3983.36	543
3984.07	516
3984.78	511
3985.49	529
3986.2	525
3986.91	525
3987.62	517
3988.33	520
3989.04	484
3989.75	556
3990.46	530
3991.17	537
3991.88	537
3992.59	510
3993.3	528
3994.01	532
3994.72	515
3995.43	517
3996.14	501
3996.85	525
3997.56	505
3998.26	537
3998.97	523
3999.68	523
